Subject	Trial	Instruction	Food	Liking	Taste	Health	Amount	Choice	ChoiceRT	FirstDevTimeChoice	InitAngleChoice	NumChangeMindChoice	FinalDevTimeChoice	MaxVelocityChoice	DrxFirstDevChoice	TotalAUCChoice	AUCtoNonChosenChoice	AUCtoChosenChoice	MaxDevChoice
77.0000	1.0000	Decrease Desire	Butternut	2.0000	6.0000	2.0000	3	-1.0000	1.8466	0.5203	-0.6133	0.0000	0.5203	0.2136	-1.0000	0.4072	0.4278	-0.0206	1.2483
77.0000	2.0000	Decrease Desire	Aero	6.0000	6.0000	2.0000	1	-1.0000	4.4152	0.7389	0.6504	1.0000	3.7769	0.3702	1.0000	1.2350	1.2355	-0.0005	1.8471
77.0000	3.0000	Decrease Desire	Mars	6.0000	6.0000	1.0000	4	-1.0000	1.3943	0.3697	0.8582	1.0000	0.6888	0.2506	1.0000	0.0660	0.0737	-0.0077	0.3797
77.0000	4.0000	Decrease Desire	PopTartStrawberry	6.0000	6.0000	2.0000	5	-1.0000	1.2934	0.3357	0.7061	1.0000	0.5205	0.2454	1.0000	0.0978	0.0978	-0.0000	0.4132
77.0000	5.0000	Decrease Desire	PCChipCookie	6.0000	6.0000	2.0000	5	-1.0000	0.9743	0.3696	0.7778	0.0000	0.3696	0.1804	-1.0000	0.0116	0.0199	-0.0083	0.0531
77.0000	6.0000	Decrease Desire	Triscuit	2.0000	6.0000	2.0000	2	-1.0000	0.9907	0.3191	0.8821	0.0000	0.3191	0.2116	1.0000	-0.0857	0.0000	-0.0857	-0.2495
77.0000	7.0000	Decrease Desire	FrozenOkra	1.0000	5.0000	5.0000	5	1.0000	1.2259	0.5876	-0.4920	0.0000	0.5876	0.2321	1.0000	0.5593	0.5739	-0.0147	1.1217
77.0000	8.0000	Decrease Desire	Mackerel	1.0000	1.0000	1.0000	1	1.0000	1.3270	0.3528	0.9055	1.0000	0.6216	0.3162	-1.0000	0.2462	0.2470	-0.0009	1.1723
77.0000	9.0000	Decrease Desire	PureFit	1.0000	2.0000	2.0000	2	1.0000	1.8134	0.6381	0.7605	2.0000	1.1754	0.2221	1.0000	0.0680	0.0680	-0.0000	0.4476
77.0000	10.0000	Decrease Desire	Broccoli	6.0000	6.0000	6.0000	4	-1.0000	1.4944	0.5036	-0.6533	1.0000	0.8561	0.2717	1.0000	0.6560	0.6804	-0.0244	1.1976
77.0000	11.0000	Respond Naturally	Onion	5.0000	6.0000	6.0000	4	1.0000	2.3680	0.4199	0.8248	3.0000	1.8305	0.3258	-1.0000	0.3109	0.3252	-0.0143	1.5037
77.0000	12.0000	Respond Naturally	Strawberries	6.0000	6.0000	2.0000	2	1.0000	0.9575	0.1008	0.9655	0.0000	0.1008	0.1586	1.0000	0.0075	0.0198	-0.0123	0.0760
77.0000	13.0000	Respond Naturally	Nutella	6.0000	6.0000	5.0000	4	1.0000	0.8397	0.1008	0.6633	0.0000	0.1008	0.1453	1.0000	0.0468	0.0468	-0.0000	0.0752
77.0000	14.0000	Respond Naturally	GreenBeans	2.0000	3.0000	5.0000	4	-1.0000	2.4679	0.3192	-0.6430	1.0000	0.9235	0.2666	1.0000	0.5204	0.5220	-0.0015	1.4322
77.0000	15.0000	Respond Naturally	FrozenPeas	2.0000	3.0000	5.0000	2	-1.0000	0.7391	0.1511	0.6276	0.0000	0.1511	0.1863	-1.0000	0.0775	0.0775	-0.0000	0.1356
77.0000	16.0000	Respond Naturally	IceCreamChocolate	6.0000	6.0000	2.0000	1	1.0000	1.4947	0.1344	-0.4689	1.0000	0.5038	0.2198	-1.0000	0.4600	0.4603	-0.0003	1.1269
77.0000	17.0000	Respond Naturally	Cheetos	6.0000	6.0000	2.0000	6	1.0000	1.0916	0.1174	-0.6053	1.0000	0.3022	0.3011	-1.0000	0.8279	0.8279	-0.0000	1.4026
77.0000	18.0000	Respond Naturally	Tempeh	1.0000	1.0000	2.0000	2	-1.0000	1.2091	0.2854	-0.7153	0.0000	0.2854	0.4031	-1.0000	0.6501	0.6773	-0.0272	1.4105
77.0000	19.0000	Respond Naturally	IceCreamVanilla	6.0000	6.0000	2.0000	4	1.0000	0.7387	0.1008	0.6662	0.0000	0.1008	0.2614	1.0000	0.0192	0.0192	-0.0000	0.0868
77.0000	20.0000	Respond Naturally	Doritos	6.0000	6.0000	1.0000	5	1.0000	0.5541	0.1008	0.8353	0.0000	0.1008	0.3255	-1.0000	-0.0391	0.0000	-0.0391	-0.0831
77.0000	21.0000	Respond Naturally	GreenPepper	1.0000	3.0000	6.0000	2	-1.0000	1.1756	0.5038	-0.5917	0.0000	0.5038	0.3956	-1.0000	0.6686	0.6686	-0.0000	1.2511
77.0000	22.0000	Respond Naturally	RufflesSourCreamOnion	6.0000	5.0000	2.0000	5	1.0000	0.8229	0.1848	0.7761	0.0000	0.1848	0.1972	1.0000	0.0077	0.0105	-0.0027	0.0444
77.0000	23.0000	Respond Naturally	LaysClassic	6.0000	6.0000	2.0000	3	1.0000	0.4871	0.1680	1.0823	0.0000	0.1680	0.1936	1.0000	-0.0630	0.0000	-0.0630	-0.1644
77.0000	24.0000	Respond Naturally	Cheerios	6.0000	6.0000	6.0000	2	1.0000	0.5711	0.2688	0.8069	0.0000	0.2688	0.2070	1.0000	-0.0059	0.0028	-0.0087	-0.0512
77.0000	25.0000	Respond Naturally	Onion	5.0000	6.0000	1.0000	2	1.0000	1.1082	0.1510	0.8992	2.0000	0.8731	0.2681	1.0000	0.0015	0.0286	-0.0271	0.2144
77.0000	26.0000	Respond Naturally	Mentos	6.0000	6.0000	1.0000	5	1.0000	0.5710	0.1511	0.7721	0.0000	0.1511	0.2280	1.0000	-0.0148	0.0009	-0.0157	-0.0510
77.0000	27.0000	Respond Naturally	MangoChunks	6.0000	6.0000	5.0000	5	1.0000	0.6887	0.2016	0.6362	0.0000	0.2016	0.1278	1.0000	0.0619	0.0622	-0.0003	0.1500
77.0000	28.0000	Respond Naturally	MangoChunks	6.0000	6.0000	5.0000	2	1.0000	0.6887	0.4872	0.8334	0.0000	0.4872	0.3668	-1.0000	-0.0001	0.0130	-0.0130	-0.0711
77.0000	29.0000	Respond Naturally	Prunes	5.0000	6.0000	1.0000	2	1.0000	0.6719	0.3192	0.7321	0.0000	0.3192	0.1923	1.0000	0.0534	0.0534	-0.0000	0.0971
77.0000	30.0000	Respond Naturally	Mentos	6.0000	6.0000	1.0000	2	1.0000	0.5880	0.1848	0.8178	0.0000	0.1848	0.2069	1.0000	0.0281	0.0295	-0.0013	0.0685
77.0000	31.0000	Decrease Desire	Cheerios	6.0000	6.0000	6.0000	5	-1.0000	1.7797	0.3190	-0.6271	1.0000	0.5206	0.2795	1.0000	0.9148	0.9209	-0.0061	1.4575
77.0000	32.0000	Decrease Desire	ClamJuice	1.0000	1.0000	1.0000	3	1.0000	1.9146	0.3023	0.8090	2.0000	1.3603	0.3743	1.0000	0.5424	0.5506	-0.0082	1.7094
77.0000	33.0000	Decrease Desire	Starburst	6.0000	6.0000	2.0000	6	-1.0000	1.5449	0.2353	-0.4525	1.0000	0.9236	0.2276	1.0000	0.6755	0.6905	-0.0150	1.2125
77.0000	34.0000	Decrease Desire	GreenApple	6.0000	6.0000	6.0000	2	-1.0000	1.6125	0.1007	-0.1617	2.0000	0.9070	0.2898	-1.0000	0.4271	0.4271	-0.0000	1.5530
77.0000	35.0000	Decrease Desire	Beets	1.0000	1.0000	5.0000	5	1.0000	1.7631	0.1511	-0.6438	1.0000	0.3694	0.2813	-1.0000	0.6945	0.7208	-0.0263	1.2180
77.0000	36.0000	Decrease Desire	ClifBar	6.0000	6.0000	2.0000	2	-1.0000	1.8798	1.1248	-0.5984	0.0000	1.1248	0.2199	-1.0000	0.8409	0.8409	-0.0000	1.2086
77.0000	37.0000	Decrease Desire	Nutella	6.0000	6.0000	5.0000	1	-1.0000	1.4441	0.7722	-0.6335	0.0000	0.7722	0.2789	-1.0000	0.8245	0.8245	-0.0000	1.3193
77.0000	38.0000	Decrease Desire	AlmondMilk	6.0000	6.0000	6.0000	4	-1.0000	1.3773	0.1175	NA	1.0000	0.5543	0.1444	1.0000	0.2321	0.2650	-0.0329	0.7891
77.0000	39.0000	Decrease Desire	Smarties	6.0000	6.0000	2.0000	2	-1.0000	0.8398	0.2856	0.7395	0.0000	0.2856	0.1710	-1.0000	-0.0045	0.0025	-0.0069	-0.0372
77.0000	40.0000	Decrease Desire	RitzCrackers	6.0000	6.0000	2.0000	2	-1.0000	0.7727	0.1008	0.6945	0.0000	0.1008	0.1044	-1.0000	0.0549	0.0549	-0.0000	0.1458
77.0000	41.0000	Decrease Desire	Celery	4.0000	3.0000	6.0000	2	1.0000	1.4441	0.2854	-0.5785	1.0000	0.5374	0.2468	-1.0000	0.2566	0.2691	-0.0125	0.9498
77.0000	42.0000	Decrease Desire	RedPepper	6.0000	3.0000	6.0000	5	1.0000	0.7224	0.3528	0.8853	0.0000	0.3528	0.1953	1.0000	-0.0306	0.0000	-0.0306	-0.0625
77.0000	43.0000	Decrease Desire	Mars	6.0000	5.0000	3.0000	2	-1.0000	1.3268	0.6215	-0.7917	0.0000	0.6215	0.1909	-1.0000	0.6311	0.6413	-0.0103	1.3216
77.0000	44.0000	Decrease Desire	Skittles	6.0000	3.0000	2.0000	6	1.0000	1.0577	0.3192	0.6648	0.0000	0.3192	0.2390	1.0000	0.0396	0.0396	-0.0000	0.1265
77.0000	45.0000	Decrease Desire	FrozenCorn	1.0000	6.0000	4.0000	4	1.0000	3.1220	2.6350	-0.5476	0.0000	2.6350	0.1949	1.0000	1.0146	1.0146	-0.0000	1.2058
77.0000	46.0000	Decrease Desire	Cauliflower	6.0000	6.0000	6.0000	6	1.0000	1.8633	0.1008	0.6198	0.0000	0.1008	0.1632	1.0000	0.0264	0.0264	-0.0000	0.1609
77.0000	47.0000	Decrease Desire	CheeseNips	6.0000	6.0000	5.0000	2	-1.0000	1.3602	0.4366	-0.7845	0.0000	0.4366	0.3087	-1.0000	0.7161	0.7307	-0.0147	1.3207
77.0000	48.0000	Decrease Desire	AlmondMilk	6.0000	6.0000	6.0000	2	-1.0000	2.7188	0.4197	0.8266	0.0000	0.4197	0.2269	-1.0000	0.0123	0.0126	-0.0003	0.0935
77.0000	49.0000	Decrease Desire	DriedApricots	6.0000	6.0000	2.0000	5	-1.0000	0.7056	0.3864	0.9373	0.0000	0.3864	0.1470	-1.0000	0.0105	0.0244	-0.0139	-0.0920
77.0000	50.0000	Decrease Desire	SunChips	6.0000	6.0000	2.0000	2	-1.0000	0.8567	0.2184	NA	0.0000	0.2184	0.1290	-1.0000	0.0807	0.0858	-0.0051	0.1853
77.0000	51.0000	Respond Naturally	ClamJuice	1.0000	6.0000	5.0000	1	-1.0000	2.6694	1.9472	-0.5673	0.0000	1.9472	0.2033	-1.0000	0.9759	0.9759	-0.0000	1.2654
77.0000	52.0000	Respond Naturally	Tuna	1.0000	1.0000	4.0000	2	-1.0000	1.0750	0.1343	0.6787	2.0000	0.5711	0.0730	-1.0000	-0.0362	0.0061	-0.0423	-0.1149
77.0000	53.0000	Respond Naturally	Fritos	6.0000	6.0000	2.0000	5	1.0000	0.6718	0.2686	0.5896	0.0000	0.2686	0.1513	1.0000	0.0372	0.0372	-0.0000	0.1145
77.0000	54.0000	Respond Naturally	Twizzlers	1.0000	1.0000	1.0000	2	-1.0000	1.2262	0.1680	-0.6280	1.0000	0.6047	0.2695	1.0000	0.6704	0.6704	-0.0000	1.2452
77.0000	55.0000	Respond Naturally	TofuDessert	6.0000	6.0000	5.0000	2	1.0000	1.6457	0.3863	0.7633	0.0000	0.3863	0.1485	1.0000	0.0068	0.0083	-0.0015	0.0506
77.0000	56.0000	Respond Naturally	SevenGrain	6.0000	6.0000	2.0000	1	-1.0000	1.2095	0.2184	-0.3122	0.0000	0.2184	0.0980	-1.0000	0.2016	0.2018	-0.0002	0.4979
77.0000	57.0000	Respond Naturally	Shreddies	1.0000	6.0000	2.0000	2	1.0000	1.7804	0.1174	-0.5941	1.0000	0.9069	0.2801	-1.0000	0.6514	0.6514	-0.0000	1.2675
77.0000	58.0000	Respond Naturally	Asparagus	1.0000	3.0000	5.0000	6	-1.0000	0.9238	0.1511	0.5920	0.0000	0.1511	0.0885	-1.0000	0.0660	0.0660	-0.0000	0.1977
77.0000	59.0000	Respond Naturally	RaisinBran	6.0000	6.0000	1.0000	7	-1.0000	0.9574	0.1175	0.8841	0.0000	0.1175	0.0900	-1.0000	-0.0032	0.0019	-0.0051	-0.0216
77.0000	60.0000	Respond Naturally	Pringles	6.0000	6.0000	2.0000	5	1.0000	1.0583	0.1680	-0.7474	1.0000	0.4200	0.2680	-1.0000	0.3741	0.3741	-0.0000	0.8156
77.0000	61.0000	Respond Naturally	Fritos	6.0000	6.0000	1.0000	2	1.0000	1.0581	0.3862	-0.5453	0.0000	0.3862	0.2002	1.0000	0.2107	0.2292	-0.0185	0.6925
77.0000	62.0000	Respond Naturally	FrozenBlueberries	6.0000	6.0000	2.0000	1	1.0000	0.6046	0.3023	0.8080	0.0000	0.3023	0.2129	1.0000	0.0582	0.0590	-0.0007	0.1271
77.0000	63.0000	Respond Naturally	DriedHerring	1.0000	1.0000	1.0000	3	-1.0000	1.1082	0.1848	-0.6650	1.0000	0.5711	0.2553	1.0000	0.6719	0.6749	-0.0030	1.2861
77.0000	64.0000	Respond Naturally	Bananas	6.0000	6.0000	6.0000	2	1.0000	1.0580	0.1007	0.5239	0.0000	0.1007	0.1667	1.0000	0.0738	0.0758	-0.0020	0.2064
77.0000	65.0000	Respond Naturally	FrozenPeaches	6.0000	6.0000	5.0000	2	1.0000	0.7560	0.2352	0.7208	0.0000	0.2352	0.0769	1.0000	0.0426	0.0427	-0.0001	0.0941
77.0000	66.0000	Respond Naturally	Almonds	2.0000	6.0000	2.0000	2	1.0000	1.7134	0.2184	0.7540	2.0000	1.1592	0.4927	1.0000	0.4629	0.4742	-0.0113	1.5920
77.0000	67.0000	Respond Naturally	FrozenBroccoli	6.0000	6.0000	6.0000	6	1.0000	0.7727	0.1007	0.4593	0.0000	0.1007	0.1659	1.0000	-0.0243	0.0184	-0.0427	0.1186
77.0000	68.0000	Respond Naturally	WelchsFruitSnacks	6.0000	6.0000	2.0000	1	1.0000	0.9238	0.3359	0.7748	0.0000	0.3359	0.1409	1.0000	0.0215	0.0217	-0.0002	0.0545
77.0000	69.0000	Respond Naturally	OikosYogurt	2.0000	6.0000	5.0000	3	-1.0000	1.2767	0.2520	-0.5577	1.0000	0.5879	0.2276	1.0000	0.5324	0.5367	-0.0043	1.1617
77.0000	70.0000	Respond Naturally	SkimMilk	6.0000	6.0000	6.0000	1	-1.0000	1.3775	0.1512	0.9065	2.0000	0.9072	0.2400	-1.0000	0.2390	0.2407	-0.0017	1.1989
77.0000	71.0000	Decrease Desire	RedPepper	3.0000	6.0000	6.0000	2	-1.0000	0.8399	0.1511	1.0507	0.0000	0.1511	0.1620	-1.0000	-0.0572	0.0008	-0.0581	-0.1574
77.0000	72.0000	Decrease Desire	Smarties	6.0000	6.0000	2.0000	5	-1.0000	1.7301	0.1512	0.4384	2.0000	0.8063	0.3336	-1.0000	0.5927	0.5927	-0.0000	1.4253
77.0000	73.0000	Decrease Desire	Mackerel	1.0000	1.0000	1.0000	3	1.0000	1.8308	0.3190	-0.0910	1.0000	1.0413	0.2301	-1.0000	0.6175	0.6175	-0.0000	1.5057
77.0000	74.0000	Decrease Desire	FrootLoops	6.0000	6.0000	5.0000	6	1.0000	1.6461	0.2687	-0.8835	1.0000	1.0581	0.3593	-1.0000	0.5955	0.5955	-0.0000	1.3209
77.0000	75.0000	Decrease Desire	Tuna	1.0000	1.0000	2.0000	4	1.0000	0.7895	0.1680	0.5078	0.0000	0.1680	0.2161	1.0000	0.1315	0.1315	-0.0000	0.2527
77.0000	76.0000	Decrease Desire	BBQCrisps	6.0000	6.0000	1.0000	6	-1.0000	1.3270	0.7559	-0.3810	0.0000	0.7559	0.2016	-1.0000	0.7088	0.7088	-0.0000	1.1455
77.0000	77.0000	Decrease Desire	VegetableThins	6.0000	5.0000	1.0000	5	1.0000	0.7893	0.2520	0.8205	0.0000	0.2520	0.1520	1.0000	0.0225	0.0236	-0.0011	0.0632
77.0000	78.0000	Decrease Desire	ProMax	6.0000	6.0000	2.0000	4	-1.0000	1.1255	0.1344	-0.4929	1.0000	0.4872	0.2182	1.0000	0.4481	0.4481	-0.0000	1.0661
77.0000	79.0000	Decrease Desire	BrusselsSprouts	2.0000	5.0000	2.0000	4	1.0000	1.0751	0.1344	0.5594	0.0000	0.1344	0.0732	1.0000	0.0116	0.0177	-0.0061	0.0860
77.0000	80.0000	Decrease Desire	CornFlakes	6.0000	6.0000	6.0000	3	1.0000	1.4444	0.4702	0.9040	1.0000	0.8062	0.2276	-1.0000	0.2822	0.2923	-0.0101	1.0684
77.0000	81.0000	Respond Naturally	LaysClassic	6.0000	6.0000	1.0000	4	-1.0000	1.2429	0.1847	-0.3727	1.0000	0.6719	0.1535	1.0000	0.6498	0.6498	-0.0000	1.1369
77.0000	82.0000	Respond Naturally	HoneyNutCheerios	6.0000	6.0000	5.0000	5	1.0000	1.0583	0.1176	0.0770	2.0000	0.5376	0.2910	1.0000	0.2239	0.2239	-0.0000	0.7775
77.0000	83.0000	Respond Naturally	OatBran	1.0000	3.0000	1.0000	2	1.0000	0.6383	0.3360	0.7252	0.0000	0.3360	0.1579	1.0000	0.0477	0.0477	-0.0000	0.0869
77.0000	84.0000	Respond Naturally	SunChips	6.0000	5.0000	1.0000	4	1.0000	1.8967	0.4198	0.7713	0.0000	0.4198	0.1420	1.0000	0.0035	0.0040	-0.0006	0.0289
77.0000	85.0000	Respond Naturally	AllBranBar	6.0000	6.0000	2.0000	3	-1.0000	1.1253	0.3528	-0.8609	1.0000	0.6383	0.2913	1.0000	0.7536	0.7536	-0.0000	1.3145
77.0000	86.0000	Respond Naturally	Skittles	6.0000	6.0000	1.0000	3	1.0000	0.7056	0.1680	0.8029	0.0000	0.1680	0.1111	1.0000	0.0069	0.0154	-0.0086	-0.0478
77.0000	87.0000	Respond Naturally	Celery	6.0000	3.0000	6.0000	4	-1.0000	0.9575	0.4872	-0.7547	0.0000	0.4872	0.1779	-1.0000	0.5974	0.5974	-0.0000	1.1907
77.0000	88.0000	Respond Naturally	Snickers	6.0000	6.0000	2.0000	3	1.0000	1.1759	0.5711	-0.7153	0.0000	0.5711	0.2005	1.0000	0.5945	0.5945	-0.0000	1.1262
77.0000	89.0000	Respond Naturally	CheeseNips	6.0000	6.0000	2.0000	5	1.0000	0.5879	0.1175	0.6863	0.0000	0.1175	0.2210	1.0000	0.0429	0.0429	-0.0000	0.0904
77.0000	90.0000	Respond Naturally	Bananas	6.0000	6.0000	6.0000	3	1.0000	0.6216	0.3529	0.5546	0.0000	0.3529	0.1662	1.0000	0.1048	0.1048	-0.0000	0.1934
77.0000	91.0000	Decrease Desire	CoffeeCrisp	6.0000	6.0000	1.0000	3	-1.0000	1.7457	1.2252	-0.5644	0.0000	1.2252	0.3024	-1.0000	0.8795	0.8795	-0.0000	1.2466
77.0000	92.0000	Decrease Desire	SevenGrain	6.0000	6.0000	1.0000	3	1.0000	3.7768	0.4537	-0.8321	1.0000	3.2897	0.2668	-1.0000	1.0331	1.0331	-0.0000	1.2091
77.0000	93.0000	Decrease Desire	CannedArtichoke	1.0000	1.0000	2.0000	2	1.0000	0.6882	0.1006	0.5904	0.0000	0.1006	0.2049	1.0000	0.0430	0.0430	-0.0000	0.1255
77.0000	94.0000	Decrease Desire	Orange	6.0000	6.0000	6.0000	1	-1.0000	1.6292	0.1680	-0.4492	1.0000	1.0244	0.2806	1.0000	0.7797	0.7797	-0.0000	1.2255
77.0000	95.0000	Decrease Desire	RomaineLettuce	6.0000	6.0000	6.0000	4	1.0000	0.7893	0.4534	0.8588	0.0000	0.4534	0.1469	1.0000	-0.0234	0.0000	-0.0234	-0.0497
77.0000	96.0000	Decrease Desire	IceCreamChocolate	6.0000	6.0000	2.0000	4	1.0000	0.8565	0.1510	0.9093	0.0000	0.1510	0.1454	1.0000	-0.0556	0.0000	-0.0556	-0.1431
77.0000	97.0000	Decrease Desire	TofuDessert	6.0000	6.0000	2.0000	4	1.0000	0.7728	0.1344	0.7187	0.0000	0.1344	0.1034	1.0000	0.0145	0.0145	-0.0000	0.0584
77.0000	98.0000	Decrease Desire	Caramilk	6.0000	6.0000	2.0000	5	-1.0000	1.4280	0.1008	-1.4214	1.0000	0.5208	0.2270	1.0000	0.7262	0.7262	-0.0000	1.5260
77.0000	99.0000	Decrease Desire	Raspberries	6.0000	6.0000	5.0000	5	-1.0000	1.7468	1.0916	-0.7237	0.0000	1.0916	0.2249	-1.0000	0.7739	0.7739	-0.0000	1.3090
77.0000	100.0000	Decrease Desire	RiceKrispiesCereal	6.0000	6.0000	2.0000	7	1.0000	0.7224	0.2856	0.9065	0.0000	0.2856	0.1857	1.0000	-0.0577	0.0000	-0.0577	-0.1252
77.0000	101.0000	Decrease Desire	YorkPeppermintPatties	1.0000	1.0000	1.0000	4	1.0000	1.7627	0.1008	0.7610	0.0000	0.1008	0.1550	1.0000	-0.0128	0.0009	-0.0137	-0.0836
77.0000	102.0000	Decrease Desire	SlimStyles	1.0000	1.0000	1.0000	6	1.0000	0.7392	0.3024	0.8117	0.0000	0.3024	0.1976	1.0000	0.0362	0.0368	-0.0006	0.0805
77.0000	103.0000	Decrease Desire	Butternut	2.0000	6.0000	5.0000	7	1.0000	0.6887	0.1176	0.8545	0.0000	0.1176	0.2443	1.0000	-0.0193	0.0000	-0.0193	-0.0677
77.0000	104.0000	Decrease Desire	RitzCrackers	6.0000	6.0000	2.0000	5	1.0000	0.6716	0.1008	0.6295	0.0000	0.1008	0.2140	1.0000	0.0199	0.0199	-0.0000	0.1002
77.0000	105.0000	Decrease Desire	SpeltCakes	1.0000	3.0000	2.0000	5	1.0000	0.5876	0.1006	0.8349	0.0000	0.1006	0.1702	1.0000	-0.0055	0.0001	-0.0056	-0.0222
77.0000	106.0000	Decrease Desire	Shreddies	1.0000	6.0000	2.0000	5	1.0000	0.6885	0.4366	0.7550	0.0000	0.4366	0.2195	-1.0000	-0.0658	0.0006	-0.0664	-0.1367
77.0000	107.0000	Decrease Desire	Tempeh	1.0000	3.0000	2.0000	4	1.0000	0.6216	0.3024	0.9913	0.0000	0.3024	0.1819	1.0000	-0.1134	0.0000	-0.1134	-0.2143
77.0000	108.0000	Decrease Desire	PopTartStrawberry	6.0000	6.0000	2.0000	2	-1.0000	1.2599	0.4535	-1.0359	1.0000	0.6047	0.2800	1.0000	0.7076	0.7076	-0.0000	1.3976
77.0000	109.0000	Decrease Desire	MnMPeanuts	6.0000	5.0000	3.0000	4	-1.0000	1.3097	0.1509	0.4461	2.0000	0.8395	0.4340	-1.0000	0.4627	0.4627	-0.0000	1.4655
77.0000	110.0000	Decrease Desire	Asparagus	1.0000	6.0000	5.0000	3	1.0000	0.8901	0.2350	-0.6972	1.0000	0.4534	0.2360	-1.0000	0.4747	0.4747	-0.0000	0.9396
77.0000	111.0000	Respond Naturally	SpeltCakes	2.0000	3.0000	2.0000	2	-1.0000	2.0489	0.2688	-0.7705	1.0000	1.2092	0.2268	1.0000	0.7648	0.7648	-0.0000	1.2351
77.0000	112.0000	Respond Naturally	GreenGrapes	6.0000	6.0000	6.0000	4	1.0000	1.0078	0.1176	-0.2144	1.0000	0.5544	0.2524	-1.0000	0.3708	0.3708	-0.0000	0.9180
77.0000	113.0000	Respond Naturally	Almonds	6.0000	6.0000	4.0000	4	1.0000	0.6885	0.1008	0.6050	0.0000	0.1008	0.1407	1.0000	0.0114	0.0145	-0.0031	0.0808
77.0000	114.0000	Respond Naturally	HoneyNutCheerios	5.0000	6.0000	2.0000	2	1.0000	0.8564	0.1008	0.8217	0.0000	0.1008	0.1789	1.0000	-0.0211	0.0000	-0.0211	-0.0997
77.0000	115.0000	Respond Naturally	SlicedTurkey	6.0000	6.0000	1.0000	5	1.0000	0.7725	0.1008	0.7714	0.0000	0.1008	0.1308	1.0000	-0.0026	0.0003	-0.0029	-0.0113
77.0000	116.0000	Respond Naturally	SlicedTurkey	6.0000	6.0000	6.0000	2	1.0000	0.7217	0.1004	0.8247	0.0000	0.1004	0.2183	1.0000	-0.0234	0.0000	-0.0234	-0.0574
77.0000	117.0000	Respond Naturally	FrozenCorn	1.0000	6.0000	2.0000	2	-1.0000	1.1421	0.5207	-0.6269	0.0000	0.5207	0.2043	-1.0000	0.5933	0.5933	-0.0000	1.2457
77.0000	118.0000	Respond Naturally	Beets	1.0000	6.0000	5.0000	2	-1.0000	0.8564	0.1006	0.9459	0.0000	0.1006	0.1114	-1.0000	0.0041	0.0103	-0.0062	-0.0505
77.0000	119.0000	Respond Naturally	RaisinBran	6.0000	3.0000	1.0000	3	-1.0000	0.6883	0.2685	0.8662	0.0000	0.2685	0.1687	-1.0000	-0.0211	0.0000	-0.0211	-0.0542
77.0000	120.0000	Respond Naturally	Caramilk	6.0000	6.0000	1.0000	2	1.0000	0.8735	0.2016	-0.9088	1.0000	0.4368	0.1639	-1.0000	0.4036	0.4036	-0.0000	0.9143
77.0000	121.0000	Decrease Desire	CoffeeCrisp	6.0000	6.0000	2.0000	1	-1.0000	2.1659	0.3191	-0.8893	1.0000	1.7125	0.3161	1.0000	0.9088	0.9088	-0.0000	1.2455
77.0000	122.0000	Decrease Desire	DriedApricots	6.0000	6.0000	3.0000	2	-1.0000	1.5113	0.5203	1.1257	1.0000	0.9570	0.3360	1.0000	0.3862	0.4251	-0.0388	1.6057
77.0000	123.0000	Decrease Desire	Avocado	4.0000	6.0000	6.0000	2	1.0000	1.4945	0.8897	-0.8319	0.0000	0.8897	0.2442	1.0000	0.8190	0.8190	-0.0000	1.2382
77.0000	124.0000	Decrease Desire	WelchsFruitSnacks	6.0000	6.0000	1.0000	3	-1.0000	0.9575	0.1175	1.0317	2.0000	0.4703	0.4693	-1.0000	0.2535	0.3035	-0.0501	1.3836
77.0000	125.0000	Decrease Desire	FrozenBlueberries	6.0000	6.0000	4.0000	3	1.0000	1.6289	0.3696	-0.6523	1.0000	1.0914	0.2309	-1.0000	0.7996	0.7996	-0.0000	1.2858
77.0000	126.0000	Decrease Desire	MnMPeanuts	6.0000	6.0000	1.0000	2	-1.0000	0.8899	0.1008	1.0189	0.0000	0.1008	0.1783	-1.0000	-0.0330	0.0000	-0.0330	-0.1486
77.0000	127.0000	Decrease Desire	Broccoli	6.0000	6.0000	6.0000	1	1.0000	1.7124	0.1511	-0.5145	1.0000	0.4367	0.1954	-1.0000	0.2371	0.2414	-0.0044	0.9759
77.0000	128.0000	Decrease Desire	NatureValleyChocolate	6.0000	6.0000	1.0000	4	-1.0000	0.7056	0.1344	0.7851	0.0000	0.1344	0.2227	-1.0000	0.1351	0.1364	-0.0013	0.2799
77.0000	129.0000	Decrease Desire	SkittlesSour	6.0000	6.0000	1.0000	6	-1.0000	0.9908	0.1008	0.9674	0.0000	0.1008	0.2899	-1.0000	-0.0440	0.0087	-0.0527	-0.1944
77.0000	130.0000	Decrease Desire	NatureValleyChocolate	6.0000	5.0000	3.0000	1	-1.0000	0.8566	0.1008	1.0728	0.0000	0.1008	0.1930	-1.0000	-0.0591	0.0000	-0.0591	-0.1925
77.0000	131.0000	Respond Naturally	Raspberries	6.0000	5.0000	5.0000	4	1.0000	1.2429	0.1174	-0.9947	1.0000	0.7055	0.1684	-1.0000	0.4485	0.4485	-0.0000	1.0625
77.0000	132.0000	Respond Naturally	Cauliflower	6.0000	6.0000	3.0000	2	-1.0000	0.9233	0.1006	0.9568	0.0000	0.1006	0.3876	-1.0000	-0.0376	0.0000	-0.0376	-0.1503
77.0000	133.0000	Respond Naturally	Avocado	4.0000	6.0000	6.0000	5	-1.0000	0.7055	0.1680	0.9182	0.0000	0.1680	0.2107	-1.0000	-0.0428	0.0000	-0.0428	-0.1031
77.0000	134.0000	Respond Naturally	RiceKrispiesCereal	6.0000	6.0000	5.0000	3	-1.0000	0.7895	0.1343	1.0759	0.0000	0.1343	0.1927	-1.0000	-0.0673	0.0000	-0.0673	-0.1626
77.0000	135.0000	Respond Naturally	BabyFoodSweetPotatos	1.0000	1.0000	2.0000	5	-1.0000	0.6887	0.1679	0.9085	0.0000	0.1679	0.1232	-1.0000	-0.0007	0.0103	-0.0110	-0.0556
77.0000	136.0000	Respond Naturally	AppleChips	6.0000	6.0000	1.0000	5	-1.0000	0.6719	0.1008	0.8846	0.0000	0.1008	0.1348	-1.0000	-0.0187	0.0003	-0.0190	-0.0735
77.0000	137.0000	Respond Naturally	PureFit	6.0000	6.0000	2.0000	4	1.0000	1.3942	0.5375	-0.7961	0.0000	0.5375	0.2822	1.0000	0.3807	0.3825	-0.0018	1.0425
77.0000	138.0000	Respond Naturally	Triscuit	2.0000	6.0000	1.0000	5	-1.0000	1.1759	0.3528	-0.6496	1.0000	0.5544	0.1960	1.0000	0.4246	0.4442	-0.0196	0.9732
77.0000	139.0000	Respond Naturally	FrozenPeas	2.0000	6.0000	5.0000	6	-1.0000	0.8060	0.4701	0.8915	0.0000	0.4701	0.1584	-1.0000	-0.0201	0.0003	-0.0205	-0.0757
77.0000	140.0000	Respond Naturally	OikosYogurt	2.0000	6.0000	6.0000	6	-1.0000	0.7557	0.3358	0.9545	0.0000	0.3358	0.1379	-1.0000	0.0066	0.0158	-0.0092	-0.0871
77.0000	141.0000	Respond Naturally	Spinach	2.0000	6.0000	5.0000	4	-1.0000	0.6716	0.1343	0.8429	0.0000	0.1343	0.2714	-1.0000	-0.0141	0.0000	-0.0141	-0.0554
77.0000	142.0000	Respond Naturally	FrozenBroccoli	6.0000	6.0000	6.0000	2	-1.0000	0.5374	0.1008	1.0279	0.0000	0.1008	0.2322	-1.0000	-0.0486	0.0000	-0.0486	-0.1698
77.0000	143.0000	Respond Naturally	BrusselsSprouts	6.0000	3.0000	5.0000	2	-1.0000	0.7560	0.3360	0.7515	0.0000	0.3360	0.1464	-1.0000	0.0871	0.0872	-0.0001	0.1761
77.0000	144.0000	Respond Naturally	Starburst	6.0000	6.0000	2.0000	3	1.0000	1.1085	0.3191	-0.7000	1.0000	0.5375	0.2807	-1.0000	0.5169	0.5169	-0.0000	1.1704
77.0000	145.0000	Respond Naturally	Aero	6.0000	5.0000	1.0000	3	1.0000	1.0078	0.4031	-1.0379	0.0000	0.4031	0.2223	1.0000	0.4505	0.4505	-0.0000	0.9804
77.0000	146.0000	Respond Naturally	OatBran	1.0000	5.0000	6.0000	4	-1.0000	0.7559	0.1008	1.0170	0.0000	0.1008	0.1877	-1.0000	-0.0688	0.0000	-0.0688	-0.1725
77.0000	147.0000	Respond Naturally	VanillaGreekYogurt	6.0000	6.0000	5.0000	2	-1.0000	0.5711	0.1512	1.0387	0.0000	0.1512	0.2832	-1.0000	-0.0811	0.0000	-0.0811	-0.2219
77.0000	148.0000	Respond Naturally	Prunes	6.0000	6.0000	2.0000	5	1.0000	1.8470	1.1415	-0.5367	0.0000	1.1415	0.2546	1.0000	0.7721	0.7721	-0.0000	1.1811
77.0000	149.0000	Respond Naturally	WaterChestnuts	1.0000	1.0000	4.0000	3	-1.0000	0.7728	0.1512	0.8678	0.0000	0.1512	0.1314	-1.0000	0.0577	0.0621	-0.0044	0.1451
77.0000	150.0000	Respond Naturally	FrozenPeaches	6.0000	6.0000	1.0000	5	-1.0000	1.6798	0.1008	0.9878	2.0000	0.9576	0.3365	-1.0000	0.3848	0.3996	-0.0148	1.6020
77.0000	151.0000	Decrease Desire	CornFlakes	6.0000	3.0000	2.0000	6	1.0000	2.1825	1.5611	-0.8709	0.0000	1.5611	0.2121	1.0000	0.8521	0.8521	-0.0000	1.1302
77.0000	152.0000	Decrease Desire	GreenApple	6.0000	6.0000	6.0000	4	-1.0000	1.4607	0.3526	1.0603	0.0000	0.3526	0.0906	-1.0000	0.0200	0.0265	-0.0064	0.0985
77.0000	153.0000	Decrease Desire	VanillaGreekYogurt	6.0000	6.0000	6.0000	4	-1.0000	1.8978	0.5040	-0.8275	0.0000	0.5040	0.1839	-1.0000	0.3641	0.3706	-0.0065	1.2672
77.0000	154.0000	Decrease Desire	KashiBars	6.0000	6.0000	2.0000	1	-1.0000	1.0580	0.3696	1.0559	0.0000	0.3696	0.1400	-1.0000	-0.0239	0.0004	-0.0243	-0.1074
77.0000	155.0000	Decrease Desire	AllBranBar	6.0000	6.0000	2.0000	1	-1.0000	0.9239	0.3528	1.0742	0.0000	0.3528	0.0859	-1.0000	0.0184	0.0355	-0.0171	0.1185
77.0000	156.0000	Decrease Desire	CannedArtichoke	1.0000	1.0000	1.0000	5	-1.0000	0.8064	0.1344	0.9064	0.0000	0.1344	0.2316	-1.0000	0.0126	0.0181	-0.0055	-0.0757
77.0000	157.0000	Decrease Desire	RufflesSourCreamOnion	6.0000	6.0000	1.0000	3	1.0000	0.9911	0.1008	-0.6788	1.0000	0.5040	0.2886	-1.0000	0.3936	0.3936	-0.0000	0.9938
77.0000	158.0000	Decrease Desire	ClifBar	3.0000	6.0000	2.0000	4	-1.0000	1.0078	0.1008	0.9540	0.0000	0.1008	0.1048	-1.0000	0.0054	0.0101	-0.0047	-0.0365
77.0000	159.0000	Decrease Desire	Snickers	6.0000	6.0000	1.0000	2	1.0000	0.9910	0.1176	-0.8533	1.0000	0.4872	0.4059	-1.0000	0.5615	0.5616	-0.0001	1.2926
77.0000	160.0000	Decrease Desire	BabyFoodSweetPotatos	2.0000	1.0000	1.0000	2	-1.0000	0.7895	0.1008	0.6195	0.0000	0.1008	0.0924	-1.0000	0.0378	0.0379	-0.0002	0.1083
77.0000	161.0000	Decrease Desire	FrootLoops	6.0000	6.0000	5.0000	2	-1.0000	1.0243	0.1344	0.8668	0.0000	0.1344	0.2108	-1.0000	0.0462	0.0487	-0.0025	0.1472
77.0000	162.0000	Decrease Desire	AllBranCereal	1.0000	6.0000	2.0000	6	-1.0000	0.7224	0.2184	1.0217	0.0000	0.2184	0.1410	-1.0000	0.0103	0.0216	-0.0113	-0.1012
77.0000	163.0000	Decrease Desire	OatmealSquares	6.0000	6.0000	5.0000	3	-1.0000	0.7390	0.3191	0.9602	0.0000	0.3191	0.3132	1.0000	-0.0903	0.0017	-0.0919	-0.2058
77.0000	164.0000	Decrease Desire	Orange	6.0000	6.0000	6.0000	5	1.0000	1.2598	0.1344	-0.3436	1.0000	0.6720	0.2188	-1.0000	0.8099	0.8099	-0.0000	1.3324
77.0000	165.0000	Decrease Desire	BBQCrisps	6.0000	6.0000	2.0000	2	1.0000	1.4111	0.1680	-0.8499	1.0000	0.7896	0.2668	-1.0000	0.6525	0.6525	-0.0000	1.1645
77.0000	166.0000	Decrease Desire	Doritos	6.0000	6.0000	2.0000	2	1.0000	1.1760	0.2184	-0.6719	1.0000	0.6384	0.2947	-1.0000	0.6604	0.6604	-0.0000	1.2083
77.0000	167.0000	Decrease Desire	Strawberries	6.0000	6.0000	5.0000	3	-1.0000	1.2430	0.2687	0.8738	1.0000	0.6215	0.2955	1.0000	0.4865	0.4945	-0.0080	1.6978
77.0000	168.0000	Decrease Desire	ProMax	6.0000	6.0000	2.0000	2	1.0000	1.2431	0.2855	-0.5935	1.0000	0.5543	0.1597	-1.0000	0.4774	0.4774	-0.0000	1.0533
77.0000	169.0000	Decrease Desire	EnglishCucumber	2.0000	6.0000	6.0000	2	-1.0000	0.8903	0.4368	1.1101	0.0000	0.4368	0.2112	1.0000	-0.0048	0.0261	-0.0309	-0.1549
77.0000	170.0000	Decrease Desire	SlimStyles	1.0000	1.0000	1.0000	2	-1.0000	0.8231	0.1512	0.9501	0.0000	0.1512	0.0699	-1.0000	0.0932	0.0953	-0.0021	0.2209
77.0000	171.0000	Respond Naturally	BabyFoodCarrots	1.0000	1.0000	2.0000	3	-1.0000	1.5948	0.1512	1.0486	0.0000	0.1512	0.1914	-1.0000	-0.0175	0.0000	-0.0175	-0.1359
77.0000	172.0000	Respond Naturally	SkittlesSour	6.0000	6.0000	1.0000	3	-1.0000	0.8061	0.1848	0.8379	0.0000	0.1848	0.1946	-1.0000	-0.0120	0.0003	-0.0123	-0.0526
77.0000	173.0000	Respond Naturally	GreenGrapes	1.0000	6.0000	4.0000	1	-1.0000	0.7391	0.1176	0.8430	0.0000	0.1176	0.1132	-1.0000	0.1045	0.1058	-0.0012	0.2068
77.0000	174.0000	Respond Naturally	IceCreamVanilla	6.0000	6.0000	1.0000	1	-1.0000	0.7053	0.2014	1.0882	0.0000	0.2014	0.1427	-1.0000	-0.0483	0.0003	-0.0486	-0.1824
77.0000	175.0000	Respond Naturally	WaterChestnuts	1.0000	1.0000	2.0000	5	-1.0000	0.7560	0.1008	1.1975	0.0000	0.1008	0.2069	-1.0000	-0.1392	0.0000	-0.1392	-0.3757
77.0000	176.0000	Respond Naturally	GreenBeans	1.0000	3.0000	6.0000	2	-1.0000	0.6718	0.1679	1.1001	0.0000	0.1679	0.1028	-1.0000	0.0178	0.0262	-0.0084	0.0756
77.0000	177.0000	Respond Naturally	YorkPeppermintPatties	1.0000	3.0000	6.0000	2	-1.0000	0.7390	0.1175	0.8123	0.0000	0.1175	0.1944	-1.0000	0.0101	0.0123	-0.0021	0.0602
77.0000	178.0000	Respond Naturally	Smartfood	6.0000	3.0000	2.0000	2	-1.0000	0.7895	0.2184	1.0567	0.0000	0.2184	0.1128	-1.0000	-0.0395	0.0000	-0.0395	-0.1358
77.0000	179.0000	Respond Naturally	DriedHerring	1.0000	1.0000	2.0000	1	-1.0000	0.7895	0.2856	0.9344	0.0000	0.2856	0.1134	-1.0000	-0.0226	0.0003	-0.0229	-0.0704
77.0000	180.0000	Respond Naturally	Smartfood	3.0000	3.0000	1.0000	4	-1.0000	0.7895	0.2687	0.7901	0.0000	0.2687	0.0822	-1.0000	0.0028	0.0087	-0.0059	0.0441
77.0000	181.0000	Decrease Desire	Twizzlers	1.0000	1.0000	1.0000	4	-1.0000	0.7895	0.1007	0.9606	0.0000	0.1007	0.1854	-1.0000	-0.0428	0.0000	-0.0428	-0.0891
77.0000	182.0000	Decrease Desire	KashiBars	6.0000	6.0000	2.0000	4	-1.0000	0.6047	0.1511	0.9176	0.0000	0.1511	0.3897	-1.0000	-0.0550	0.0000	-0.0550	-0.1004
77.0000	183.0000	Decrease Desire	RomaineLettuce	6.0000	6.0000	6.0000	2	-1.0000	0.7052	0.1008	0.8610	0.0000	0.1008	0.2307	-1.0000	-0.0039	0.0020	-0.0059	-0.0390
77.0000	184.0000	Decrease Desire	Reese	6.0000	6.0000	1.0000	1	1.0000	1.2932	0.3864	-0.5151	1.0000	0.8565	0.3589	-1.0000	0.7760	0.7760	-0.0000	1.2950
77.0000	185.0000	Decrease Desire	MnMPlain	6.0000	6.0000	2.0000	3	1.0000	1.0410	0.1677	-0.5765	1.0000	0.4700	0.3086	-1.0000	0.6000	0.6000	-0.0000	1.0715
77.0000	186.0000	Decrease Desire	Cheetos	6.0000	6.0000	2.0000	3	1.0000	1.0413	0.1511	-0.3753	1.0000	0.5207	0.2817	-1.0000	0.4377	0.4377	-0.0000	1.0079
77.0000	187.0000	Decrease Desire	GreenPepper	3.0000	3.0000	6.0000	6	-1.0000	0.9909	0.4870	-0.9734	0.0000	0.4870	0.2708	-1.0000	0.6414	0.6414	-0.0000	1.2344
77.0000	188.0000	Decrease Desire	MnMPlain	6.0000	6.0000	2.0000	5	1.0000	1.0246	0.1176	-0.7278	1.0000	0.6384	0.2443	-1.0000	0.3995	0.3995	-0.0000	1.0819
77.0000	189.0000	Decrease Desire	FrozenOkra	1.0000	6.0000	6.0000	2	-1.0000	1.5784	0.4702	-0.8095	0.0000	0.4702	0.2771	-1.0000	0.3896	0.3896	-0.0000	1.2282
77.0000	190.0000	Decrease Desire	Pringles	6.0000	6.0000	1.0000	2	1.0000	1.0582	0.1512	-0.6089	1.0000	0.3864	0.2289	-1.0000	0.3612	0.3612	-0.0000	0.9046
77.0000	191.0000	Respond Naturally	Spinach	2.0000	3.0000	5.0000	2	-1.0000	0.9070	0.3863	0.9516	0.0000	0.3863	0.1017	-1.0000	0.0618	0.0675	-0.0057	0.1293
77.0000	192.0000	Respond Naturally	AppleChips	5.0000	6.0000	3.0000	2	-1.0000	1.8134	0.3360	0.9808	2.0000	1.2594	0.2690	-1.0000	0.1427	0.1468	-0.0040	0.9469
77.0000	193.0000	Respond Naturally	EnglishCucumber	6.0000	6.0000	6.0000	5	-1.0000	0.7390	0.1008	0.9368	0.0000	0.1008	0.2176	-1.0000	-0.0306	0.0000	-0.0306	-0.0831
77.0000	194.0000	Respond Naturally	Reese	6.0000	6.0000	1.0000	4	1.0000	1.0581	0.4197	-0.9990	0.0000	0.4197	0.2308	1.0000	0.5467	0.5467	-0.0000	1.2345
77.0000	195.0000	Respond Naturally	AllBranCereal	1.0000	6.0000	5.0000	2	-1.0000	1.0582	0.3695	-0.8769	1.0000	0.5711	0.3261	1.0000	0.7013	0.7013	-0.0000	1.3905
77.0000	196.0000	Respond Naturally	PCChipCookie	6.0000	6.0000	2.0000	2	1.0000	1.2767	0.4367	-0.6194	1.0000	0.6719	0.1911	-1.0000	0.6597	0.6597	-0.0000	1.2856
77.0000	197.0000	Respond Naturally	SkimMilk	6.0000	6.0000	6.0000	4	-1.0000	0.9064	0.3188	0.7794	0.0000	0.3188	0.3426	1.0000	-0.0273	0.0006	-0.0279	-0.0784
77.0000	198.0000	Respond Naturally	VegetableThins	6.0000	6.0000	2.0000	2	-1.0000	0.6883	0.1341	0.4413	0.0000	0.1341	0.2821	-1.0000	0.1309	0.1309	-0.0000	0.3530
77.0000	199.0000	Respond Naturally	BabyFoodCarrots	1.0000	6.0000	1.0000	5	-1.0000	0.5708	0.1341	0.8671	0.0000	0.1341	0.3283	-1.0000	-0.0469	0.0000	-0.0469	-0.0856
77.0000	200.0000	Respond Naturally	OatmealSquares	6.0000	6.0000	2.0000	7	-1.0000	0.5711	0.1512	0.8368	0.0000	0.1512	0.2346	-1.0000	-0.0347	0.0000	-0.0347	-0.0581
