Subject	Trial	Instruction	Food	Liking	Taste	Health	Amount	Choice	ChoiceRT	FirstDevTimeChoice	InitAngleChoice	NumChangeMindChoice	FinalDevTimeChoice	MaxVelocityChoice	DrxFirstDevChoice	TotalAUCChoice	AUCtoNonChosenChoice	AUCtoChosenChoice	MaxDevChoice
52.0000	1.0000	Focus on Health	SunChips	2.0000	4.0000	1.0000	2	-1.0000	0.9238	0.3023	0.8625	1.0000	0.4367	0.1635	1.0000	0.0646	0.0766	-0.0120	0.4663
52.0000	2.0000	Focus on Health	MnMPeanuts	4.0000	5.0000	2.0000	4	-1.0000	0.8562	0.3694	0.9999	1.0000	0.4870	0.2057	1.0000	0.0415	0.0990	-0.0576	0.5343
52.0000	3.0000	Focus on Health	Beets	2.0000	1.0000	2.0000	5	-1.0000	0.8398	0.3527	0.3763	0.0000	0.3527	0.1914	-1.0000	0.0500	0.0681	-0.0180	0.1492
52.0000	4.0000	Focus on Health	CheeseNips	1.0000	5.0000	2.0000	5	-1.0000	0.8224	0.1512	0.7750	0.0000	0.1512	0.2487	-1.0000	0.0143	0.0146	-0.0003	0.0594
52.0000	5.0000	Focus on Health	Avocado	1.0000	3.0000	5.0000	2	-1.0000	0.7216	0.3860	0.7336	0.0000	0.3860	0.1903	-1.0000	0.1053	0.1098	-0.0045	0.2383
52.0000	6.0000	Focus on Health	VegetableThins	4.0000	5.0000	3.0000	5	-1.0000	0.8724	0.4362	0.8800	0.0000	0.4362	0.1622	-1.0000	0.0140	0.0172	-0.0033	-0.0515
52.0000	7.0000	Focus on Health	AlmondMilk	1.0000	4.0000	5.0000	4	-1.0000	0.8898	0.4698	0.7008	0.0000	0.4698	0.2105	-1.0000	0.0814	0.0814	-0.0000	0.1215
52.0000	8.0000	Focus on Health	YorkPeppermintPatties	3.0000	4.0000	2.0000	4	-1.0000	0.7891	0.3863	0.6031	0.0000	0.3863	0.1449	-1.0000	0.0752	0.0752	-0.0000	0.1016
52.0000	9.0000	Focus on Health	WelchsFruitSnacks	4.0000	5.0000	3.0000	1	-1.0000	0.7045	0.3016	0.5335	0.0000	0.3016	0.2335	-1.0000	0.0743	0.0789	-0.0047	0.1615
52.0000	10.0000	Focus on Health	Spinach	3.0000	4.0000	6.0000	2	-1.0000	1.0917	0.3693	0.6234	0.0000	0.3693	0.1764	-1.0000	0.0532	0.0538	-0.0007	0.1030
52.0000	11.0000	Respond Naturally	AppleChips	2.0000	2.0000	3.0000	5	-1.0000	0.8227	0.2685	-0.1439	0.0000	0.2685	0.1313	-1.0000	0.0854	0.0855	-0.0001	0.1856
52.0000	12.0000	Respond Naturally	Caramilk	4.0000	4.0000	3.0000	2	1.0000	0.8224	0.2855	0.1286	0.0000	0.2855	0.1892	1.0000	0.1301	0.1345	-0.0044	0.3247
52.0000	13.0000	Respond Naturally	GreenPepper	2.0000	3.0000	6.0000	6	-1.0000	0.8226	0.3859	0.2651	0.0000	0.3859	0.1910	-1.0000	0.1245	0.1247	-0.0002	0.2337
52.0000	14.0000	Respond Naturally	VegetableThins	2.0000	3.0000	3.0000	2	1.0000	0.8061	0.3526	0.0776	0.0000	0.3526	0.1753	1.0000	0.1312	0.1326	-0.0014	0.2429
52.0000	15.0000	Respond Naturally	Cauliflower	4.0000	2.0000	5.0000	2	1.0000	0.9571	0.3862	-0.5521	0.0000	0.3862	0.2148	1.0000	0.2270	0.2270	-0.0000	0.4866
52.0000	16.0000	Respond Naturally	CornFlakes	2.0000	1.0000	3.0000	6	-1.0000	0.8558	0.3857	0.4712	0.0000	0.3857	0.1566	-1.0000	0.1031	0.1031	-0.0000	0.1733
52.0000	17.0000	Respond Naturally	BBQCrisps	3.0000	4.0000	2.0000	6	-1.0000	0.7384	0.3184	0.6360	0.0000	0.3184	0.1516	-1.0000	0.0257	0.0288	-0.0031	0.0693
52.0000	18.0000	Respond Naturally	MangoChunks	6.0000	6.0000	5.0000	5	-1.0000	0.7388	0.3359	0.4729	0.0000	0.3359	0.1675	-1.0000	0.0928	0.0980	-0.0053	0.1937
52.0000	19.0000	Respond Naturally	AllBranBar	4.0000	2.0000	2.0000	1	1.0000	0.6707	0.3014	0.1742	0.0000	0.3014	0.1999	1.0000	0.0987	0.0987	-0.0000	0.1745
52.0000	20.0000	Respond Naturally	IceCreamVanilla	5.0000	5.0000	2.0000	4	-1.0000	1.3771	0.3862	-0.3425	1.0000	0.5373	0.2294	1.0000	0.5657	0.5657	-0.0000	1.2794
52.0000	21.0000	Focus on Health	Pringles	4.0000	6.0000	2.0000	5	-1.0000	0.7721	0.3354	0.5938	0.0000	0.3354	0.2235	-1.0000	0.0580	0.0593	-0.0013	0.1270
52.0000	22.0000	Focus on Health	Starburst	3.0000	3.0000	3.0000	3	-1.0000	0.9898	0.3690	0.0830	1.0000	0.4866	0.2552	1.0000	0.2379	0.2379	-0.0000	0.8637
52.0000	23.0000	Focus on Health	EnglishCucumber	6.0000	5.0000	6.0000	5	1.0000	0.8562	0.3858	-0.6468	0.0000	0.3858	0.1613	1.0000	0.4108	0.4108	-0.0000	0.7211
52.0000	24.0000	Focus on Health	Strawberries	6.0000	5.0000	3.0000	2	-1.0000	0.7550	0.3017	0.0523	0.0000	0.3017	0.2634	-1.0000	0.1246	0.1303	-0.0056	0.2871
52.0000	25.0000	Focus on Health	RomaineLettuce	3.0000	3.0000	6.0000	4	1.0000	0.8229	0.3694	-0.1017	0.0000	0.3694	0.2410	1.0000	0.0757	0.0961	-0.0204	0.2564
52.0000	26.0000	Focus on Health	RitzCrackers	4.0000	4.0000	2.0000	5	-1.0000	0.7221	0.3189	-0.3131	0.0000	0.3189	0.1895	-1.0000	0.1346	0.1356	-0.0009	0.2540
52.0000	27.0000	Focus on Health	SkittlesSour	3.0000	3.0000	2.0000	6	-1.0000	0.8228	0.3357	0.4144	0.0000	0.3357	0.1455	-1.0000	0.1206	0.1206	-0.0000	0.1659
52.0000	28.0000	Focus on Health	SpeltCakes	3.0000	4.0000	3.0000	5	-1.0000	0.8557	0.3688	0.7806	0.0000	0.3688	0.2433	-1.0000	-0.0011	0.0126	-0.0137	0.0589
52.0000	29.0000	Focus on Health	CoffeeCrisp	2.0000	2.0000	3.0000	1	-1.0000	1.3935	0.3021	0.4331	1.0000	0.5538	0.4979	1.0000	0.5684	0.5686	-0.0002	1.5193
52.0000	30.0000	Focus on Health	Celery	3.0000	2.0000	5.0000	2	1.0000	1.0911	0.2854	-0.2586	1.0000	0.4870	0.3162	-1.0000	0.4878	0.4878	-0.0000	1.0429
52.0000	31.0000	Respond Naturally	Skittles	3.0000	4.0000	3.0000	3	-1.0000	0.7893	0.1512	0.6878	0.0000	0.1512	0.2243	-1.0000	0.0573	0.0573	-0.0000	0.1006
52.0000	32.0000	Respond Naturally	Mentos	4.0000	5.0000	2.0000	5	-1.0000	0.7896	0.3525	-0.1724	0.0000	0.3525	0.2570	-1.0000	0.1766	0.1781	-0.0016	0.3364
52.0000	33.0000	Respond Naturally	OatBran	2.0000	2.0000	4.0000	4	-1.0000	0.9751	0.3360	0.1348	1.0000	0.4705	0.3124	1.0000	0.3377	0.3377	-0.0000	1.0547
52.0000	34.0000	Respond Naturally	NatureValleyChocolate	6.0000	2.0000	3.0000	1	1.0000	0.7227	0.3360	-0.1798	0.0000	0.3360	0.1845	1.0000	0.2422	0.2422	-0.0000	0.4382
52.0000	35.0000	Respond Naturally	FrootLoops	2.0000	3.0000	2.0000	6	-1.0000	0.6889	0.3191	0.0680	0.0000	0.3191	0.2678	-1.0000	0.2005	0.2005	-0.0000	0.3793
52.0000	36.0000	Respond Naturally	Butternut	5.0000	5.0000	5.0000	7	-1.0000	0.7225	0.3190	-0.1614	0.0000	0.3190	0.2119	-1.0000	0.1682	0.1700	-0.0018	0.3416
52.0000	37.0000	Respond Naturally	WaterChestnuts	2.0000	3.0000	3.0000	5	-1.0000	0.7395	0.3360	0.4356	0.0000	0.3360	0.2070	-1.0000	0.0961	0.0977	-0.0016	0.1961
52.0000	38.0000	Respond Naturally	FrootLoops	3.0000	4.0000	4.0000	2	-1.0000	0.8572	0.3697	0.2504	0.0000	0.3697	0.1402	-1.0000	0.1601	0.1697	-0.0096	0.3240
52.0000	39.0000	Respond Naturally	Orange	5.0000	4.0000	6.0000	1	1.0000	0.8063	0.4029	-0.5908	0.0000	0.4029	0.3013	1.0000	0.3742	0.3743	-0.0001	0.6581
52.0000	40.0000	Respond Naturally	Cauliflower	1.0000	5.0000	6.0000	6	-1.0000	0.7564	0.3528	-0.0000	0.0000	0.3528	0.1736	-1.0000	0.1363	0.1408	-0.0046	0.2633
52.0000	41.0000	Respond Naturally	Twizzlers	1.0000	2.0000	2.0000	4	-1.0000	0.8233	0.1509	0.5958	0.0000	0.1509	0.2484	-1.0000	0.0414	0.0450	-0.0036	0.1141
52.0000	42.0000	Respond Naturally	DriedHerring	3.0000	1.0000	4.0000	3	-1.0000	0.8737	0.4367	0.4824	0.0000	0.4367	0.1565	-1.0000	0.0783	0.0786	-0.0003	0.1387
52.0000	43.0000	Respond Naturally	RitzCrackers	5.0000	4.0000	3.0000	2	1.0000	0.7731	0.3696	-0.3864	0.0000	0.3696	0.2160	1.0000	0.2285	0.2300	-0.0015	0.4443
52.0000	44.0000	Respond Naturally	Broccoli	1.0000	5.0000	6.0000	4	-1.0000	0.7561	0.2185	0.3870	0.0000	0.2185	0.1928	-1.0000	0.1086	0.1168	-0.0082	0.2742
52.0000	45.0000	Respond Naturally	FrozenPeaches	6.0000	4.0000	5.0000	5	1.0000	0.7387	0.1512	0.8891	0.0000	0.1512	0.2376	1.0000	-0.0818	0.0000	-0.0818	-0.1601
52.0000	46.0000	Respond Naturally	RufflesSourCreamOnion	6.0000	5.0000	3.0000	3	1.0000	1.3273	0.3527	-0.4843	1.0000	0.7057	0.3338	-1.0000	0.6088	0.6098	-0.0009	1.2962
52.0000	47.0000	Respond Naturally	RiceKrispiesCereal	4.0000	3.0000	3.0000	3	-1.0000	0.9075	0.4368	0.0394	0.0000	0.4368	0.1587	-1.0000	0.1583	0.1583	-0.0000	0.2398
52.0000	48.0000	Respond Naturally	Fritos	4.0000	5.0000	4.0000	5	-1.0000	0.7567	0.3192	0.0953	0.0000	0.3192	0.1916	-1.0000	0.0709	0.0819	-0.0109	0.1822
52.0000	49.0000	Respond Naturally	Cheerios	4.0000	3.0000	4.0000	2	-1.0000	0.8571	0.3529	-0.5138	0.0000	0.3529	0.2173	-1.0000	0.0673	0.0784	-0.0111	0.1740
52.0000	50.0000	Respond Naturally	RaisinBran	3.0000	4.0000	3.0000	3	-1.0000	0.7896	0.3526	0.3571	0.0000	0.3526	0.1698	-1.0000	0.0732	0.0741	-0.0009	0.1499
52.0000	51.0000	Focus on Health	HoneyNutCheerios	3.0000	2.0000	3.0000	2	1.0000	1.2272	0.2520	-0.1938	1.0000	0.6387	0.2636	-1.0000	0.5115	0.5115	-0.0000	1.2457
52.0000	52.0000	Focus on Health	Mackerel	1.0000	3.0000	4.0000	3	-1.0000	0.8906	0.3863	0.2118	0.0000	0.3863	0.1950	-1.0000	0.2100	0.2100	-0.0000	0.3313
52.0000	53.0000	Focus on Health	Fritos	5.0000	4.0000	3.0000	2	-1.0000	0.8062	0.3187	0.1058	0.0000	0.3187	0.1958	-1.0000	0.1280	0.1280	-0.0000	0.2549
52.0000	54.0000	Focus on Health	Twizzlers	1.0000	2.0000	3.0000	2	-1.0000	0.7058	0.3528	0.3214	0.0000	0.3528	0.1877	-1.0000	0.1026	0.1027	-0.0001	0.1771
52.0000	55.0000	Focus on Health	GreenGrapes	4.0000	2.0000	5.0000	1	1.0000	0.9748	0.3361	-0.3745	0.0000	0.3361	0.3030	1.0000	0.1943	0.2453	-0.0510	0.7264
52.0000	56.0000	Focus on Health	PopTartStrawberry	6.0000	2.0000	3.0000	2	-1.0000	0.8913	0.3024	-0.5080	1.0000	0.4875	0.2819	1.0000	0.4888	0.4888	-0.0000	1.0673
52.0000	57.0000	Focus on Health	Starburst	4.0000	3.0000	2.0000	6	-1.0000	0.7058	0.3360	0.3006	0.0000	0.3360	0.1855	-1.0000	0.1133	0.1141	-0.0008	0.2030
52.0000	58.0000	Focus on Health	Asparagus	1.0000	1.0000	5.0000	3	-1.0000	0.7398	0.3700	0.2655	0.0000	0.3700	0.2412	-1.0000	0.1467	0.1467	-0.0000	0.2612
52.0000	59.0000	Focus on Health	TofuDessert	4.0000	3.0000	3.0000	2	1.0000	1.0255	0.3698	-0.0830	1.0000	0.6220	0.3196	-1.0000	0.4246	0.4246	-0.0000	1.1791
52.0000	60.0000	Focus on Health	BabyFoodSweetPotatos	1.0000	1.0000	4.0000	2	1.0000	1.3099	0.3354	0.0813	1.0000	0.6717	0.3062	-1.0000	0.5525	0.5525	-0.0000	1.4777
52.0000	61.0000	Respond Naturally	BBQCrisps	6.0000	4.0000	3.0000	2	-1.0000	0.6717	0.3022	0.1898	0.0000	0.3022	0.1690	-1.0000	0.0663	0.0672	-0.0009	0.1311
52.0000	62.0000	Respond Naturally	Aero	5.0000	2.0000	3.0000	1	1.0000	0.9579	0.4031	0.1057	0.0000	0.4031	0.2231	1.0000	0.0482	0.1322	-0.0840	0.3710
52.0000	63.0000	Respond Naturally	OatmealSquares	3.0000	5.0000	3.0000	7	-1.0000	0.7561	0.3024	0.1405	0.0000	0.3024	0.2358	-1.0000	0.0934	0.1540	-0.0606	0.3579
52.0000	64.0000	Respond Naturally	SevenGrain	4.0000	3.0000	4.0000	3	-1.0000	0.7392	0.3022	-0.0000	0.0000	0.3022	0.2373	-1.0000	0.0638	0.0869	-0.0231	0.1882
52.0000	65.0000	Respond Naturally	CannedArtichoke	1.0000	2.0000	4.0000	5	-1.0000	0.7564	0.3865	0.0098	0.0000	0.3865	0.2314	-1.0000	0.2295	0.2302	-0.0007	0.4063
52.0000	66.0000	Respond Naturally	Strawberries	6.0000	3.0000	3.0000	3	-1.0000	1.3103	0.3526	0.2806	2.0000	0.7392	0.3037	-1.0000	0.4777	0.4777	-0.0000	1.3408
52.0000	67.0000	Respond Naturally	GreenBeans	1.0000	1.0000	6.0000	2	-1.0000	1.0925	0.2016	0.1787	2.0000	0.7565	0.2116	-1.0000	0.1597	0.1597	-0.0000	0.5203
52.0000	68.0000	Respond Naturally	Almonds	5.0000	3.0000	5.0000	2	1.0000	0.9918	0.2521	-0.1567	1.0000	0.4706	0.2551	-1.0000	0.4636	0.4636	-0.0000	1.2882
52.0000	69.0000	Respond Naturally	Beets	4.0000	5.0000	4.0000	2	-1.0000	0.7227	0.3025	0.1815	0.0000	0.3025	0.1770	-1.0000	0.1058	0.1059	-0.0000	0.2010
52.0000	70.0000	Respond Naturally	ClamJuice	1.0000	1.0000	3.0000	1	-1.0000	0.7396	0.2353	-0.0050	0.0000	0.2353	0.2569	-1.0000	0.0819	0.0928	-0.0108	0.2455
52.0000	71.0000	Focus on Health	Raspberries	3.0000	2.0000	3.0000	5	-1.0000	0.7226	0.3360	0.3460	0.0000	0.3360	0.2524	-1.0000	0.1564	0.1571	-0.0006	0.2837
52.0000	72.0000	Focus on Health	OatBran	2.0000	1.0000	4.0000	2	-1.0000	0.8236	0.3865	0.0319	0.0000	0.3865	0.1676	-1.0000	0.2045	0.2045	-0.0000	0.3861
52.0000	73.0000	Focus on Health	KashiBars	5.0000	2.0000	3.0000	1	-1.0000	0.8067	0.3697	0.0225	0.0000	0.3697	0.3144	-1.0000	0.1339	0.1664	-0.0325	0.3475
52.0000	74.0000	Focus on Health	Tuna	2.0000	1.0000	3.0000	4	-1.0000	0.8399	0.3525	-0.1099	0.0000	0.3525	0.1745	-1.0000	0.1451	0.1452	-0.0002	0.2889
52.0000	75.0000	Focus on Health	RedPepper	1.0000	4.0000	5.0000	5	-1.0000	0.7899	0.3360	0.0182	0.0000	0.3360	0.2639	-1.0000	0.1181	0.1181	-0.0000	0.2157
52.0000	76.0000	Focus on Health	SkittlesSour	4.0000	4.0000	3.0000	3	1.0000	0.9243	0.3861	0.0146	0.0000	0.3861	0.2045	1.0000	0.1582	0.1680	-0.0097	0.4776
52.0000	77.0000	Focus on Health	ProMax	5.0000	2.0000	2.0000	4	-1.0000	0.9071	0.3862	0.1284	0.0000	0.3862	0.1838	-1.0000	0.1032	0.1101	-0.0068	0.2409
52.0000	78.0000	Focus on Health	Cheetos	6.0000	5.0000	2.0000	6	-1.0000	0.7733	0.2352	0.1120	0.0000	0.2352	0.3015	-1.0000	0.1188	0.1241	-0.0054	0.3192
52.0000	79.0000	Focus on Health	SkimMilk	2.0000	1.0000	5.0000	1	1.0000	1.1091	0.3358	-0.2949	1.0000	0.5879	0.3302	-1.0000	0.4743	0.4743	-0.0000	1.4762
52.0000	80.0000	Focus on Health	AllBranCereal	3.0000	1.0000	3.0000	6	-1.0000	0.6557	0.2016	-0.0126	0.0000	0.2016	0.1803	-1.0000	0.1552	0.1592	-0.0040	0.3724
52.0000	81.0000	Focus on Health	Pringles	3.0000	3.0000	3.0000	2	-1.0000	0.7898	0.3024	0.4621	0.0000	0.3024	0.2220	-1.0000	0.0775	0.0775	-0.0000	0.1579
52.0000	82.0000	Focus on Health	Doritos	3.0000	4.0000	2.0000	5	-1.0000	0.7054	0.3356	0.2245	0.0000	0.3356	0.1807	-1.0000	0.0851	0.0899	-0.0048	0.1606
52.0000	83.0000	Focus on Health	DriedHerring	1.0000	3.0000	4.0000	1	1.0000	1.1086	0.3018	-0.4306	1.0000	0.5203	0.2388	-1.0000	0.5871	0.5871	-0.0000	1.4900
52.0000	84.0000	Focus on Health	Bananas	5.0000	5.0000	6.0000	3	1.0000	0.9412	0.4368	-0.2971	0.0000	0.4368	0.2265	1.0000	0.1986	0.2282	-0.0296	0.5873
52.0000	85.0000	Focus on Health	FrozenBroccoli	2.0000	2.0000	5.0000	2	1.0000	1.1421	0.3190	0.2489	1.0000	0.6385	0.3118	-1.0000	0.4903	0.4903	-0.0000	1.4988
52.0000	86.0000	Focus on Health	Doritos	6.0000	2.0000	3.0000	2	-1.0000	0.7394	0.3528	-0.2899	0.0000	0.3528	0.2799	-1.0000	0.2455	0.2455	-0.0000	0.4398
52.0000	87.0000	Focus on Health	Mentos	6.0000	5.0000	3.0000	2	1.0000	1.1591	0.3356	0.3177	0.0000	0.3356	0.1786	1.0000	0.0300	0.0570	-0.0270	0.1762
52.0000	88.0000	Focus on Health	Onion	1.0000	2.0000	5.0000	4	-1.0000	0.7900	0.2521	-0.2874	0.0000	0.2521	0.2561	-1.0000	0.1952	0.2154	-0.0201	0.5800
52.0000	89.0000	Focus on Health	VanillaGreekYogurt	5.0000	5.0000	6.0000	4	1.0000	0.9244	0.2855	0.2460	1.0000	0.4704	0.2776	-1.0000	0.2844	0.2962	-0.0118	1.1708
52.0000	90.0000	Focus on Health	SlimStyles	1.0000	1.0000	5.0000	2	-1.0000	1.2096	0.3525	-0.1903	0.0000	0.3525	0.2204	-1.0000	0.1475	0.1475	-0.0000	0.3982
52.0000	91.0000	Respond Naturally	TofuDessert	4.0000	2.0000	5.0000	4	1.0000	0.8403	0.3528	-0.0569	0.0000	0.3528	0.2024	1.0000	0.0722	0.1215	-0.0493	0.2657
52.0000	92.0000	Respond Naturally	ClifBar	3.0000	3.0000	3.0000	2	1.0000	0.9073	0.4534	-0.0998	0.0000	0.4534	0.1986	1.0000	0.2589	0.2595	-0.0006	0.5152
52.0000	93.0000	Respond Naturally	Onion	1.0000	1.0000	4.0000	2	-1.0000	0.8404	0.3360	-0.4339	0.0000	0.3360	0.1941	-1.0000	0.2986	0.3032	-0.0045	0.6315
52.0000	94.0000	Respond Naturally	Smarties	3.0000	4.0000	2.0000	5	-1.0000	0.8737	0.3359	-0.2347	1.0000	0.4703	0.2797	1.0000	0.3796	0.3796	-0.0000	0.9838
52.0000	95.0000	Respond Naturally	FrozenOkra	1.0000	2.0000	6.0000	2	-1.0000	0.7563	0.2855	-0.0000	0.0000	0.2855	0.1498	-1.0000	0.1383	0.1486	-0.0102	0.3315
52.0000	96.0000	Respond Naturally	PureFit	3.0000	1.0000	2.0000	4	-1.0000	0.8908	0.4367	-0.1464	0.0000	0.4367	0.2324	-1.0000	0.1797	0.2045	-0.0249	0.3949
52.0000	97.0000	Respond Naturally	HoneyNutCheerios	3.0000	2.0000	3.0000	5	-1.0000	0.7732	0.2688	-0.0703	0.0000	0.2688	0.1405	-1.0000	0.1508	0.1508	-0.0000	0.2862
52.0000	98.0000	Respond Naturally	OikosYogurt	6.0000	4.0000	6.0000	3	1.0000	0.8237	0.4032	-0.1030	0.0000	0.4032	0.2549	1.0000	0.1885	0.1886	-0.0001	0.3557
52.0000	99.0000	Respond Naturally	MnMPeanuts	5.0000	4.0000	3.0000	2	1.0000	0.9915	0.3527	-0.0774	1.0000	0.5208	0.2519	-1.0000	0.3270	0.3270	-0.0000	1.1172
52.0000	100.0000	Respond Naturally	Prunes	6.0000	6.0000	4.0000	2	1.0000	0.8911	0.3695	0.0209	1.0000	0.4872	0.3600	-1.0000	0.2259	0.2259	-0.0000	0.6354
52.0000	101.0000	Focus on Health	SevenGrain	4.0000	3.0000	2.0000	1	-1.0000	0.6719	0.3189	0.0855	0.0000	0.3189	0.2066	-1.0000	0.2433	0.2433	-0.0000	0.4219
52.0000	102.0000	Focus on Health	SlicedTurkey	4.0000	4.0000	4.0000	5	1.0000	1.2275	0.2856	0.2384	1.0000	0.5714	0.2725	-1.0000	0.5572	0.5572	-0.0000	1.3541
52.0000	103.0000	Focus on Health	OikosYogurt	4.0000	3.0000	6.0000	6	1.0000	0.8736	0.3188	0.0938	0.0000	0.3188	0.1951	1.0000	0.1932	0.2070	-0.0138	0.4579
52.0000	104.0000	Focus on Health	RomaineLettuce	3.0000	4.0000	6.0000	2	1.0000	0.7894	0.3860	0.2101	0.0000	0.3860	0.2037	1.0000	0.0998	0.1091	-0.0093	0.2096
52.0000	105.0000	Focus on Health	Smarties	3.0000	5.0000	3.0000	2	-1.0000	0.8568	0.3025	-0.5963	0.0000	0.3025	0.1929	-1.0000	0.1582	0.1888	-0.0306	0.4376
52.0000	106.0000	Focus on Health	AppleChips	4.0000	2.0000	3.0000	2	1.0000	1.0760	0.4036	0.0524	1.0000	0.5885	0.3866	-1.0000	0.2988	0.2988	-0.0000	1.1564
52.0000	107.0000	Focus on Health	Reese	4.0000	2.0000	2.0000	1	-1.0000	0.8571	0.3864	-0.1730	0.0000	0.3864	0.2921	-1.0000	0.0818	0.0818	-0.0000	0.1868
52.0000	108.0000	Focus on Health	OatmealSquares	6.0000	3.0000	3.0000	3	-1.0000	0.8570	0.3695	-0.2960	0.0000	0.3695	0.2106	-1.0000	0.2129	0.2184	-0.0056	0.4467
52.0000	109.0000	Focus on Health	Tuna	4.0000	3.0000	5.0000	2	-1.0000	0.8737	0.4368	-0.0478	0.0000	0.4368	0.1952	-1.0000	0.1406	0.1423	-0.0017	0.2566
52.0000	110.0000	Focus on Health	Smartfood	6.0000	5.0000	2.0000	4	-1.0000	0.7731	0.3528	-0.3753	0.0000	0.3528	0.1907	-1.0000	0.1463	0.1463	-0.0000	0.2272
52.0000	111.0000	Respond Naturally	FrozenPeas	1.0000	2.0000	5.0000	6	-1.0000	0.7899	0.3696	-0.1873	0.0000	0.3696	0.1929	-1.0000	0.1232	0.1256	-0.0024	0.2439
52.0000	112.0000	Respond Naturally	MangoChunks	6.0000	6.0000	4.0000	2	1.0000	0.7899	0.3528	-0.2068	0.0000	0.3528	0.2485	1.0000	0.1229	0.1339	-0.0110	0.2877
52.0000	113.0000	Respond Naturally	FrozenBlueberries	5.0000	5.0000	4.0000	1	1.0000	0.7731	0.3696	0.1172	0.0000	0.3696	0.1809	1.0000	0.1118	0.1135	-0.0017	0.2580
52.0000	114.0000	Respond Naturally	SkimMilk	1.0000	3.0000	5.0000	4	-1.0000	0.7393	0.3190	-0.2597	0.0000	0.3190	0.1982	-1.0000	0.1499	0.1523	-0.0023	0.3057
52.0000	115.0000	Respond Naturally	MnMPlain	4.0000	3.0000	3.0000	3	1.0000	1.0251	0.4032	0.2990	1.0000	0.6049	0.3123	-1.0000	0.2546	0.2546	-0.0000	1.0558
52.0000	116.0000	Respond Naturally	BabyFoodCarrots	1.0000	1.0000	5.0000	5	-1.0000	0.8066	0.3527	-0.1965	0.0000	0.3527	0.2070	-1.0000	0.1251	0.1420	-0.0169	0.2980
52.0000	117.0000	Respond Naturally	Asparagus	1.0000	1.0000	5.0000	6	-1.0000	0.8066	0.3695	-0.6481	0.0000	0.3695	0.1824	-1.0000	0.1453	0.1468	-0.0014	0.2753
52.0000	118.0000	Respond Naturally	Smartfood	6.0000	3.0000	3.0000	2	1.0000	0.7895	0.3861	0.1491	0.0000	0.3861	0.1845	1.0000	0.1200	0.1202	-0.0002	0.2139
52.0000	119.0000	Respond Naturally	GreenGrapes	6.0000	6.0000	6.0000	4	1.0000	0.8737	0.3358	-0.0877	1.0000	0.4534	0.2654	-1.0000	0.1998	0.2028	-0.0030	0.8056
52.0000	120.0000	Respond Naturally	ProMax	4.0000	4.0000	3.0000	2	-1.0000	1.3280	0.3528	-0.2913	1.0000	0.6386	0.3441	1.0000	0.5707	0.5707	-0.0000	1.4872
52.0000	121.0000	Respond Naturally	EnglishCucumber	6.0000	2.0000	5.0000	2	1.0000	0.7562	0.3527	0.0361	0.0000	0.3527	0.1838	1.0000	0.2574	0.2582	-0.0008	0.4519
52.0000	122.0000	Respond Naturally	BrusselsSprouts	1.0000	1.0000	4.0000	2	-1.0000	1.1094	0.2688	-0.1459	1.0000	0.4874	0.3769	1.0000	0.6443	0.6443	-0.0000	1.3445
52.0000	123.0000	Respond Naturally	Skittles	2.0000	4.0000	1.0000	6	-1.0000	0.7393	0.3359	-0.0000	0.0000	0.3359	0.2042	-1.0000	0.2641	0.2641	-0.0000	0.4852
52.0000	124.0000	Respond Naturally	Snickers	2.0000	2.0000	2.0000	2	-1.0000	0.9074	0.3191	0.1201	0.0000	0.3191	0.1863	-1.0000	0.1246	0.1249	-0.0003	0.2747
52.0000	125.0000	Respond Naturally	Nutella	5.0000	4.0000	2.0000	1	1.0000	0.9742	0.3696	0.3334	0.0000	0.3696	0.3891	1.0000	0.0888	0.1283	-0.0395	0.4054
52.0000	126.0000	Respond Naturally	Shreddies	2.0000	3.0000	3.0000	5	-1.0000	0.7227	0.3023	-0.0201	0.0000	0.3023	0.1737	-1.0000	0.1480	0.1480	-0.0000	0.2792
52.0000	127.0000	Respond Naturally	CheeseNips	5.0000	5.0000	3.0000	2	1.0000	0.8572	0.3527	0.0875	0.0000	0.3527	0.1400	1.0000	0.0882	0.1014	-0.0132	0.2333
52.0000	128.0000	Respond Naturally	VanillaGreekYogurt	6.0000	3.0000	5.0000	2	1.0000	0.7559	0.3693	0.1275	0.0000	0.3693	0.1883	1.0000	0.1188	0.1223	-0.0035	0.2239
52.0000	129.0000	Respond Naturally	Mackerel	2.0000	4.0000	4.0000	1	-1.0000	0.8068	0.2688	-0.0020	0.0000	0.2688	0.1599	-1.0000	0.1146	0.1301	-0.0155	0.2958
52.0000	130.0000	Respond Naturally	Avocado	1.0000	1.0000	5.0000	5	-1.0000	0.9747	0.4200	-0.4199	0.0000	0.4200	0.1207	-1.0000	0.1462	0.1608	-0.0146	0.2921
52.0000	131.0000	Focus on Health	FrozenCorn	4.0000	5.0000	5.0000	2	1.0000	1.1262	0.3360	-0.1500	1.0000	0.6722	0.2648	-1.0000	0.5143	0.5143	-0.0000	1.3802
52.0000	132.0000	Focus on Health	DriedApricots	5.0000	5.0000	3.0000	2	1.0000	0.9242	0.4199	-0.0653	0.0000	0.4199	0.1454	1.0000	0.1290	0.1316	-0.0026	0.2552
52.0000	133.0000	Focus on Health	Tempeh	1.0000	2.0000	2.0000	4	-1.0000	0.8066	0.3862	0.0856	0.0000	0.3862	0.1487	-1.0000	0.1646	0.1646	-0.0000	0.2738
52.0000	134.0000	Focus on Health	BabyFoodSweetPotatos	1.0000	1.0000	5.0000	5	-1.0000	0.8572	0.3192	-0.3092	0.0000	0.3192	0.1723	-1.0000	0.1434	0.1622	-0.0188	0.3757
52.0000	135.0000	Focus on Health	Caramilk	3.0000	2.0000	2.0000	5	-1.0000	0.8570	0.3862	-0.2231	0.0000	0.3862	0.2068	-1.0000	0.2091	0.2196	-0.0105	0.4165
52.0000	136.0000	Focus on Health	PureFit	3.0000	3.0000	3.0000	2	-1.0000	0.9580	0.3360	-0.4800	0.0000	0.3360	0.1363	-1.0000	0.2359	0.2360	-0.0001	0.4462
52.0000	137.0000	Focus on Health	Triscuit	5.0000	2.0000	3.0000	2	1.0000	1.0082	0.3694	0.4051	1.0000	0.5206	0.3061	-1.0000	0.1899	0.1899	-0.0000	0.8953
52.0000	138.0000	Focus on Health	KashiBars	2.0000	3.0000	2.0000	4	-1.0000	0.8571	0.4032	0.0659	0.0000	0.4032	0.2005	-1.0000	0.1182	0.1192	-0.0010	0.2239
52.0000	139.0000	Focus on Health	GreenApple	6.0000	6.0000	6.0000	4	1.0000	0.7733	0.3866	0.0037	0.0000	0.3866	0.1973	1.0000	0.0931	0.0965	-0.0034	0.1722
52.0000	140.0000	Focus on Health	Cheerios	3.0000	3.0000	2.0000	5	-1.0000	0.8404	0.2856	-0.0074	0.0000	0.2856	0.1947	-1.0000	0.0709	0.0709	-0.0000	0.1771
52.0000	141.0000	Respond Naturally	Shreddies	4.0000	3.0000	4.0000	2	-1.0000	0.9243	0.3192	-0.0337	0.0000	0.3192	0.2469	-1.0000	0.0518	0.0797	-0.0279	0.2001
52.0000	142.0000	Respond Naturally	WelchsFruitSnacks	3.0000	5.0000	2.0000	3	-1.0000	0.8737	0.4534	-0.2264	0.0000	0.4534	0.2240	-1.0000	0.1623	0.1623	-0.0000	0.2431
52.0000	143.0000	Respond Naturally	IceCreamVanilla	6.0000	2.0000	3.0000	1	1.0000	1.1089	0.3863	0.2471	0.0000	0.3863	0.2016	1.0000	0.0685	0.0685	-0.0000	0.1047
52.0000	144.0000	Respond Naturally	Mars	4.0000	3.0000	2.0000	4	-1.0000	0.7899	0.3359	-0.0840	0.0000	0.3359	0.1702	-1.0000	0.1423	0.1436	-0.0013	0.2800
52.0000	145.0000	Respond Naturally	GreenApple	6.0000	4.0000	6.0000	2	1.0000	0.7727	0.3692	0.1956	0.0000	0.3692	0.1797	1.0000	0.1096	0.1098	-0.0002	0.1950
52.0000	146.0000	Respond Naturally	Triscuit	3.0000	3.0000	3.0000	5	-1.0000	0.8066	0.3527	0.2827	0.0000	0.3527	0.1683	-1.0000	0.0855	0.1108	-0.0253	0.2410
52.0000	147.0000	Respond Naturally	NatureValleyChocolate	2.0000	3.0000	3.0000	4	-1.0000	0.8233	0.3865	-0.1212	0.0000	0.3865	0.1893	-1.0000	0.1123	0.1302	-0.0179	0.2612
52.0000	148.0000	Respond Naturally	WaterChestnuts	1.0000	3.0000	4.0000	3	-1.0000	1.0252	0.3864	-0.3615	1.0000	0.6217	0.2586	1.0000	0.4511	0.4511	-0.0000	1.2666
52.0000	149.0000	Respond Naturally	IceCreamChocolate	5.0000	3.0000	1.0000	4	-1.0000	1.0588	0.3358	-0.2537	2.0000	0.6552	0.1899	-1.0000	0.2242	0.2246	-0.0004	0.5535
52.0000	150.0000	Respond Naturally	FrozenOkra	1.0000	1.0000	6.0000	5	-1.0000	0.8069	0.3361	-0.0657	0.0000	0.3361	0.1910	-1.0000	0.1357	0.1357	-0.0000	0.2669
52.0000	151.0000	Focus on Health	BabyFoodCarrots	1.0000	3.0000	5.0000	3	-1.0000	0.7224	0.3022	0.1567	0.0000	0.3022	0.1571	-1.0000	0.1141	0.1142	-0.0000	0.2389
52.0000	152.0000	Focus on Health	Butternut	5.0000	5.0000	5.0000	3	1.0000	0.7894	0.3693	0.2844	0.0000	0.3693	0.2297	1.0000	0.0813	0.0813	-0.0000	0.1771
52.0000	153.0000	Focus on Health	Orange	6.0000	6.0000	6.0000	5	1.0000	0.8907	0.4032	-0.2786	0.0000	0.4032	0.2721	1.0000	0.2353	0.2376	-0.0023	0.5786
52.0000	154.0000	Focus on Health	ClifBar	3.0000	3.0000	1.0000	4	-1.0000	0.7729	0.3359	0.1237	0.0000	0.3359	0.1632	-1.0000	0.1178	0.1259	-0.0082	0.2456
52.0000	155.0000	Focus on Health	FrozenCorn	4.0000	3.0000	5.0000	4	-1.0000	1.1597	0.2854	-0.2380	1.0000	0.6888	0.3552	1.0000	0.3721	0.3721	-0.0000	1.1177
52.0000	156.0000	Focus on Health	DriedApricots	4.0000	3.0000	3.0000	5	-1.0000	0.9075	0.3360	-0.0218	1.0000	0.4873	0.1802	1.0000	0.2889	0.2889	-0.0000	0.8654
52.0000	157.0000	Focus on Health	FrozenBlueberries	4.0000	5.0000	4.0000	3	-1.0000	0.8403	0.1511	-0.1430	0.0000	0.1511	0.1308	-1.0000	0.1777	0.1777	-0.0000	0.4758
52.0000	158.0000	Focus on Health	RiceKrispiesCereal	3.0000	2.0000	2.0000	7	-1.0000	0.7395	0.3528	-0.0468	0.0000	0.3528	0.2324	-1.0000	0.1294	0.1341	-0.0047	0.2671
52.0000	159.0000	Focus on Health	FrozenBroccoli	1.0000	4.0000	6.0000	6	-1.0000	0.7898	0.2686	-0.0054	0.0000	0.2686	0.1660	-1.0000	0.0906	0.1032	-0.0126	0.2767
52.0000	160.0000	Focus on Health	LaysClassic	4.0000	5.0000	2.0000	4	-1.0000	0.8066	0.2855	0.1460	0.0000	0.2855	0.1220	-1.0000	0.0817	0.0844	-0.0027	0.1965
52.0000	161.0000	Focus on Health	Aero	3.0000	1.0000	2.0000	3	-1.0000	0.9746	0.3024	0.1474	0.0000	0.3024	0.2082	-1.0000	0.0661	0.0661	-0.0000	0.1421
52.0000	162.0000	Focus on Health	Snickers	2.0000	5.0000	2.0000	3	-1.0000	0.8571	0.2521	0.1053	0.0000	0.2521	0.2548	-1.0000	0.0753	0.0884	-0.0131	0.2460
52.0000	163.0000	Focus on Health	SpeltCakes	5.0000	3.0000	3.0000	2	-1.0000	0.7394	0.3191	0.2568	0.0000	0.3191	0.2366	-1.0000	0.1589	0.1589	-0.0000	0.2784
52.0000	164.0000	Focus on Health	Prunes	6.0000	5.0000	3.0000	5	-1.0000	0.8230	0.3862	-0.0449	0.0000	0.3862	0.2479	-1.0000	0.0883	0.0903	-0.0020	0.1694
52.0000	165.0000	Focus on Health	GreenBeans	1.0000	1.0000	5.0000	4	-1.0000	0.9412	0.4368	-0.1894	0.0000	0.4368	0.1393	-1.0000	0.1449	0.1451	-0.0003	0.2583
52.0000	166.0000	Focus on Health	AllBranCereal	4.0000	1.0000	4.0000	2	-1.0000	0.7557	0.3189	-0.0164	0.0000	0.3189	0.1499	-1.0000	0.1096	0.1096	-0.0000	0.1920
52.0000	167.0000	Focus on Health	BrusselsSprouts	1.0000	1.0000	4.0000	4	-1.0000	0.9911	0.3354	0.1284	0.0000	0.3354	0.1582	-1.0000	0.0700	0.0825	-0.0125	0.2107
52.0000	168.0000	Focus on Health	Cheetos	6.0000	6.0000	3.0000	3	-1.0000	0.8068	0.1848	-0.0000	0.0000	0.1848	0.1339	-1.0000	-0.0080	0.0529	-0.0609	-0.1927
52.0000	169.0000	Focus on Health	Celery	3.0000	3.0000	6.0000	4	-1.0000	1.2435	0.3357	-0.0028	2.0000	0.6552	0.2891	-1.0000	0.4904	0.4904	-0.0000	1.5546
52.0000	170.0000	Focus on Health	GreenPepper	4.0000	1.0000	4.0000	2	1.0000	0.8060	0.3024	-0.1055	0.0000	0.3024	0.2623	1.0000	0.2233	0.2233	-0.0000	0.4783
52.0000	171.0000	Respond Naturally	FrozenPeaches	6.0000	6.0000	6.0000	2	1.0000	0.7562	0.3528	0.0000	0.0000	0.3528	0.2358	1.0000	0.0802	0.0891	-0.0089	0.1774
52.0000	172.0000	Respond Naturally	IceCreamChocolate	6.0000	1.0000	3.0000	1	1.0000	0.7899	0.3191	0.0854	0.0000	0.3191	0.2143	1.0000	0.0071	0.0534	-0.0463	-0.1706
52.0000	173.0000	Respond Naturally	Broccoli	5.0000	2.0000	5.0000	1	1.0000	0.8229	0.3354	0.1132	0.0000	0.3354	0.2523	1.0000	0.1514	0.1901	-0.0386	0.4163
52.0000	174.0000	Respond Naturally	ClamJuice	1.0000	2.0000	3.0000	3	-1.0000	0.7559	0.3525	-0.0099	0.0000	0.3525	0.2567	-1.0000	0.1322	0.1331	-0.0009	0.2314
52.0000	175.0000	Respond Naturally	RaisinBran	3.0000	2.0000	2.0000	7	-1.0000	0.7394	0.3022	-0.1867	0.0000	0.3022	0.2236	-1.0000	0.0816	0.1022	-0.0206	0.2233
52.0000	176.0000	Respond Naturally	Nutella	1.0000	1.0000	1.0000	4	-1.0000	0.8572	0.4201	0.1595	0.0000	0.4201	0.1966	-1.0000	0.1213	0.1214	-0.0000	0.1780
52.0000	177.0000	Respond Naturally	RufflesSourCreamOnion	6.0000	6.0000	2.0000	5	-1.0000	0.7899	0.3360	-0.0074	0.0000	0.3360	0.1551	-1.0000	0.1610	0.1610	-0.0000	0.2652
52.0000	178.0000	Respond Naturally	Mars	5.0000	2.0000	3.0000	2	1.0000	0.8571	0.4032	0.0963	0.0000	0.4032	0.1516	1.0000	0.1328	0.1328	-0.0000	0.2573
52.0000	179.0000	Respond Naturally	CannedArtichoke	1.0000	1.0000	4.0000	2	-1.0000	0.8738	0.2855	-0.0286	1.0000	0.4199	0.2408	1.0000	0.3074	0.3075	-0.0001	0.9607
52.0000	180.0000	Respond Naturally	Tempeh	2.0000	2.0000	2.0000	2	-1.0000	0.7561	0.3527	-0.3314	0.0000	0.3527	0.2329	-1.0000	0.1600	0.1624	-0.0024	0.3098
52.0000	181.0000	Focus on Health	PCChipCookie	4.0000	4.0000	2.0000	5	-1.0000	0.6890	0.2519	-0.0000	0.0000	0.2519	0.1697	-1.0000	0.1080	0.1082	-0.0002	0.2224
52.0000	182.0000	Focus on Health	AlmondMilk	1.0000	1.0000	5.0000	2	-1.0000	0.6886	0.2514	0.1888	0.0000	0.2514	0.2004	-1.0000	0.0649	0.0665	-0.0016	0.1367
52.0000	183.0000	Focus on Health	Spinach	3.0000	3.0000	5.0000	4	-1.0000	0.7899	0.3024	0.0095	0.0000	0.3024	0.1563	-1.0000	0.0839	0.0839	-0.0000	0.1628
52.0000	184.0000	Focus on Health	Raspberries	2.0000	2.0000	4.0000	4	-1.0000	0.8568	0.4367	-0.3232	0.0000	0.4367	0.1592	-1.0000	0.2510	0.2510	-0.0000	0.4245
52.0000	185.0000	Focus on Health	SlimStyles	1.0000	2.0000	4.0000	6	-1.0000	0.7221	0.2346	-0.0000	0.0000	0.2346	0.1815	-1.0000	0.0736	0.0817	-0.0081	0.2150
52.0000	186.0000	Focus on Health	CornFlakes	4.0000	3.0000	4.0000	3	-1.0000	0.6891	0.2520	-0.2221	0.0000	0.2520	0.2521	-1.0000	0.1023	0.1057	-0.0035	0.2477
52.0000	187.0000	Focus on Health	RedPepper	1.0000	2.0000	5.0000	2	1.0000	0.9581	0.2521	-0.1163	1.0000	0.4370	0.3611	-1.0000	0.2777	0.2777	-0.0000	1.0855
52.0000	188.0000	Focus on Health	CoffeeCrisp	4.0000	2.0000	2.0000	3	-1.0000	0.7562	0.3528	-0.1030	0.0000	0.3528	0.2341	-1.0000	0.2205	0.2205	-0.0000	0.4118
52.0000	189.0000	Focus on Health	Reese	2.0000	2.0000	1.0000	4	-1.0000	0.7056	0.2349	-0.2126	0.0000	0.2349	0.2199	-1.0000	0.1431	0.1449	-0.0018	0.3734
52.0000	190.0000	Focus on Health	Bananas	5.0000	6.0000	5.0000	2	1.0000	0.7563	0.3025	0.0429	0.0000	0.3025	0.1839	1.0000	0.1128	0.1129	-0.0001	0.2965
52.0000	191.0000	Respond Naturally	AllBranBar	3.0000	2.0000	2.0000	3	-1.0000	0.6051	0.1849	0.0039	0.0000	0.1849	0.1845	-1.0000	0.1249	0.1400	-0.0152	0.3553
52.0000	192.0000	Respond Naturally	FrozenPeas	3.0000	4.0000	5.0000	2	1.0000	0.9916	0.4536	0.1439	0.0000	0.4536	0.2173	1.0000	0.1970	0.1975	-0.0005	0.6739
52.0000	193.0000	Respond Naturally	LaysClassic	6.0000	2.0000	3.0000	3	1.0000	0.7564	0.3192	-0.0651	0.0000	0.3192	0.1468	1.0000	0.0636	0.0688	-0.0052	0.1958
52.0000	194.0000	Respond Naturally	PCChipCookie	5.0000	3.0000	2.0000	2	-1.0000	0.7899	0.3192	0.0694	0.0000	0.3192	0.1913	-1.0000	0.0645	0.0717	-0.0072	0.1470
52.0000	195.0000	Respond Naturally	MnMPlain	3.0000	3.0000	1.0000	5	-1.0000	0.7560	0.3189	-0.2493	0.0000	0.3189	0.2508	-1.0000	0.1408	0.1440	-0.0032	0.2861
52.0000	196.0000	Respond Naturally	Almonds	3.0000	4.0000	6.0000	4	-1.0000	0.8907	0.3191	-0.1058	0.0000	0.3191	0.2014	-1.0000	0.1046	0.1135	-0.0089	0.2766
52.0000	197.0000	Respond Naturally	YorkPeppermintPatties	5.0000	3.0000	3.0000	2	-1.0000	0.8068	0.3193	-0.3156	0.0000	0.3193	0.1802	-1.0000	0.1650	0.1664	-0.0014	0.3502
52.0000	198.0000	Respond Naturally	SlicedTurkey	6.0000	4.0000	4.0000	2	1.0000	0.7564	0.2521	0.0650	0.0000	0.2521	0.2220	1.0000	0.0913	0.1021	-0.0108	0.2590
52.0000	199.0000	Respond Naturally	SunChips	4.0000	3.0000	2.0000	4	-1.0000	0.7731	0.3192	0.0191	0.0000	0.3192	0.1640	-1.0000	0.1209	0.1209	-0.0000	0.2027
52.0000	200.0000	Respond Naturally	PopTartStrawberry	4.0000	5.0000	3.0000	5	1.0000	0.8740	0.3361	0.0118	1.0000	0.4537	0.3317	-1.0000	0.2700	0.2700	-0.0000	0.7706
