Subject	Trial	Instruction	Food	Liking	Taste	Health	Amount	Choice	ChoiceRT	FirstDevTimeChoice	InitAngleChoice	NumChangeMindChoice	FinalDevTimeChoice	MaxVelocityChoice	DrxFirstDevChoice	TotalAUCChoice	AUCtoNonChosenChoice	AUCtoChosenChoice	MaxDevChoice
31.0000	1.0000	Decrease Desire	PCChipCookie	4.0000	2.0000	3.0000	5	-1.0000	2.0679	0.5041	0.0445	3.0000	1.6980	0.1889	1.0000	0.5840	0.5846	-0.0006	1.5377
31.0000	2.0000	Decrease Desire	RufflesSourCreamOnion	6.0000	6.0000	3.0000	5	1.0000	1.4443	0.8064	-0.3200	0.0000	0.8064	0.1617	1.0000	0.0865	0.0867	-0.0002	0.1996
31.0000	3.0000	Decrease Desire	Avocado	6.0000	6.0000	6.0000	5	1.0000	1.2780	0.5043	0.0973	1.0000	0.7229	0.2055	-1.0000	0.4846	0.4848	-0.0001	1.5646
31.0000	4.0000	Decrease Desire	HoneyNutCheerios	5.0000	5.0000	5.0000	2	-1.0000	2.4877	0.6889	0.0294	3.0000	1.5632	0.4657	1.0000	0.2430	0.2662	-0.0232	1.2813
31.0000	5.0000	Decrease Desire	Cheerios	5.0000	3.0000	5.0000	2	-1.0000	1.3112	0.6219	0.0878	0.0000	0.6219	0.1867	-1.0000	0.0609	0.0725	-0.0116	0.1452
31.0000	6.0000	Decrease Desire	Spinach	4.0000	6.0000	6.0000	2	1.0000	1.1431	0.5713	-0.1372	0.0000	0.5713	0.1712	1.0000	0.1592	0.1592	-0.0000	0.3356
31.0000	7.0000	Decrease Desire	RiceKrispiesCereal	4.0000	5.0000	4.0000	7	-1.0000	2.0836	0.7552	0.1544	0.0000	0.7552	0.0783	-1.0000	0.0319	0.0477	-0.0157	-0.1056
31.0000	8.0000	Decrease Desire	OatBran	5.0000	4.0000	5.0000	2	-1.0000	1.0927	0.6219	0.3048	0.0000	0.6219	0.2034	-1.0000	0.0476	0.0486	-0.0010	0.0824
31.0000	9.0000	Decrease Desire	VanillaGreekYogurt	1.0000	3.0000	3.0000	4	-1.0000	1.6638	0.5037	0.2150	1.0000	0.7728	0.3398	1.0000	0.1228	0.1580	-0.0352	0.9045
31.0000	10.0000	Decrease Desire	AlmondMilk	5.0000	6.0000	6.0000	4	1.0000	1.2762	0.6209	-0.4479	1.0000	0.7718	0.2233	-1.0000	0.2555	0.2557	-0.0002	0.7381
31.0000	11.0000	Respond Naturally	MnMPlain	4.0000	4.0000	3.0000	3	-1.0000	1.1765	0.6385	0.0139	0.0000	0.6385	0.1515	-1.0000	0.0627	0.0740	-0.0113	0.1270
31.0000	12.0000	Respond Naturally	ClamJuice	1.0000	4.0000	3.0000	3	-1.0000	1.4439	0.6381	0.1322	0.0000	0.6381	0.1447	-1.0000	0.0528	0.0643	-0.0115	0.1359
31.0000	13.0000	Respond Naturally	Snickers	2.0000	2.0000	1.0000	3	-1.0000	1.4448	0.7055	0.5063	0.0000	0.7055	0.1129	-1.0000	-0.0022	0.0283	-0.0305	-0.2091
31.0000	14.0000	Respond Naturally	Snickers	2.0000	3.0000	1.0000	2	-1.0000	1.1258	0.4365	0.4056	0.0000	0.4365	0.1326	-1.0000	0.0610	0.0612	-0.0002	0.1061
31.0000	15.0000	Respond Naturally	RitzCrackers	5.0000	5.0000	3.0000	2	-1.0000	2.9402	0.6550	0.2920	1.0000	1.1762	0.2562	1.0000	0.6379	0.6461	-0.0082	1.3995
31.0000	16.0000	Respond Naturally	Tuna	2.0000	3.0000	3.0000	2	-1.0000	1.2101	0.6553	0.4967	0.0000	0.6553	0.2325	-1.0000	-0.0074	0.0386	-0.0460	-0.2586
31.0000	17.0000	Respond Naturally	AllBranCereal	4.0000	5.0000	6.0000	2	-1.0000	1.0250	0.4701	0.2979	0.0000	0.4701	0.1422	-1.0000	0.0551	0.0557	-0.0006	0.1086
31.0000	18.0000	Respond Naturally	TofuDessert	4.0000	6.0000	5.0000	4	1.0000	1.3279	0.7058	-0.3312	0.0000	0.7058	0.1850	1.0000	0.1356	0.1571	-0.0216	0.3155
31.0000	19.0000	Respond Naturally	Twizzlers	4.0000	4.0000	3.0000	4	-1.0000	1.2774	0.5713	0.6051	0.0000	0.5713	0.1839	-1.0000	-0.0183	0.0158	-0.0341	-0.2006
31.0000	20.0000	Respond Naturally	ClifBar	1.0000	2.0000	3.0000	2	-1.0000	1.8493	0.4705	0.5599	2.0000	1.2273	0.3947	-1.0000	0.1797	0.2182	-0.0385	1.3037
31.0000	21.0000	Decrease Desire	Mentos	3.0000	3.0000	2.0000	2	-1.0000	1.5296	0.5714	0.2654	1.0000	0.9077	0.4302	1.0000	0.3304	0.3304	-0.0000	1.4734
31.0000	22.0000	Decrease Desire	AllBranBar	4.0000	5.0000	5.0000	3	-1.0000	2.3701	0.6049	0.4489	2.0000	1.3953	0.2348	-1.0000	0.3835	0.3849	-0.0014	1.6034
31.0000	23.0000	Decrease Desire	Caramilk	1.0000	2.0000	2.0000	5	-1.0000	1.7307	1.0922	1.0129	0.0000	1.0922	0.1881	-1.0000	-0.0430	0.0000	-0.0430	-0.1371
31.0000	24.0000	Decrease Desire	SevenGrain	5.0000	5.0000	4.0000	1	-1.0000	2.6041	0.6887	0.4140	1.0000	1.1085	0.2173	1.0000	0.6615	0.6626	-0.0011	1.5295
31.0000	25.0000	Decrease Desire	PopTartStrawberry	3.0000	3.0000	3.0000	2	-1.0000	1.2938	0.7056	0.3005	0.0000	0.7056	0.2147	-1.0000	0.0417	0.0661	-0.0244	0.1165
31.0000	26.0000	Decrease Desire	BabyFoodSweetPotatos	3.0000	1.0000	1.0000	2	-1.0000	1.3274	0.6047	0.6009	0.0000	0.6047	0.2452	-1.0000	0.0148	0.0148	-0.0000	0.0575
31.0000	27.0000	Decrease Desire	GreenBeans	5.0000	6.0000	5.0000	4	1.0000	1.2103	0.5208	-0.8417	0.0000	0.5208	0.1754	1.0000	0.1008	0.1049	-0.0042	0.1776
31.0000	28.0000	Decrease Desire	SevenGrain	5.0000	5.0000	5.0000	3	1.0000	1.3444	0.7393	-0.0352	0.0000	0.7393	0.1967	1.0000	0.0912	0.0913	-0.0002	0.2762
31.0000	29.0000	Decrease Desire	FrozenBroccoli	5.0000	5.0000	6.0000	2	1.0000	1.4445	0.6045	-0.0448	2.0000	0.9576	0.2548	1.0000	0.1896	0.1957	-0.0061	0.8872
31.0000	30.0000	Decrease Desire	MangoChunks	6.0000	6.0000	6.0000	5	1.0000	1.3769	0.5039	-0.4136	1.0000	0.6381	0.1924	-1.0000	0.0883	0.1045	-0.0161	0.3913
31.0000	31.0000	Respond Naturally	PCChipCookie	3.0000	3.0000	3.0000	2	-1.0000	1.1099	0.3028	0.1375	0.0000	0.3028	0.2137	-1.0000	0.0295	0.0430	-0.0135	0.1090
31.0000	32.0000	Respond Naturally	RitzCrackers	5.0000	6.0000	3.0000	5	1.0000	1.4794	0.3869	-0.3720	1.0000	0.6729	0.2509	-1.0000	0.3990	0.4015	-0.0025	1.0142
31.0000	33.0000	Respond Naturally	AppleChips	5.0000	5.0000	6.0000	5	1.0000	1.2943	0.4873	-0.0951	1.0000	0.6891	0.3988	-1.0000	0.2585	0.2677	-0.0092	0.9416
31.0000	34.0000	Respond Naturally	Smartfood	4.0000	5.0000	3.0000	2	-1.0000	1.1601	0.6726	-0.0860	0.0000	0.6726	0.2280	-1.0000	0.2488	0.2488	-0.0000	0.5122
31.0000	35.0000	Respond Naturally	Bananas	5.0000	6.0000	6.0000	3	1.0000	0.9585	0.3698	-0.4523	0.0000	0.3698	0.1634	1.0000	0.1379	0.1385	-0.0006	0.2625
31.0000	36.0000	Respond Naturally	Starburst	3.0000	2.0000	2.0000	3	-1.0000	1.1769	0.5042	0.3523	0.0000	0.5042	0.1246	-1.0000	0.0781	0.0781	-0.0000	0.1167
31.0000	37.0000	Respond Naturally	RaisinBran	5.0000	5.0000	5.0000	7	-1.0000	1.3950	0.4200	0.2660	1.0000	0.7902	0.2895	1.0000	0.1285	0.1398	-0.0112	0.7288
31.0000	38.0000	Respond Naturally	MnMPeanuts	3.0000	3.0000	3.0000	2	-1.0000	0.9575	0.4030	0.7421	0.0000	0.4030	0.1320	-1.0000	-0.0120	0.0014	-0.0134	-0.0785
31.0000	39.0000	Respond Naturally	Cheerios	5.0000	5.0000	5.0000	5	1.0000	2.1685	0.3531	-0.2768	1.0000	0.6726	0.2975	-1.0000	0.7993	0.7993	-0.0000	1.4143
31.0000	40.0000	Respond Naturally	Shreddies	5.0000	4.0000	5.0000	2	-1.0000	1.0757	0.5713	0.4301	0.0000	0.5713	0.1787	-1.0000	0.0166	0.0528	-0.0362	-0.1723
31.0000	41.0000	Respond Naturally	Skittles	3.0000	3.0000	2.0000	6	-1.0000	1.7319	0.3530	0.3314	2.0000	1.1601	0.2197	-1.0000	0.2343	0.2355	-0.0012	0.9602
31.0000	42.0000	Respond Naturally	Broccoli	5.0000	6.0000	6.0000	4	1.0000	0.9750	0.5211	-0.4725	0.0000	0.5211	0.3062	1.0000	0.0873	0.0954	-0.0081	0.1860
31.0000	43.0000	Respond Naturally	Starburst	2.0000	2.0000	2.0000	6	-1.0000	1.3260	0.4030	0.0840	1.0000	0.7054	0.2541	1.0000	0.2787	0.2787	-0.0000	1.1095
31.0000	44.0000	Respond Naturally	AlmondMilk	5.0000	5.0000	5.0000	2	1.0000	2.6035	0.5043	-0.5469	0.0000	0.5043	0.2051	1.0000	0.1031	0.1058	-0.0027	0.4758
31.0000	45.0000	Respond Naturally	EnglishCucumber	5.0000	6.0000	6.0000	5	1.0000	0.7731	0.3359	-0.4520	0.0000	0.3359	0.1521	1.0000	0.1224	0.1225	-0.0001	0.2580
31.0000	46.0000	Respond Naturally	SkimMilk	1.0000	3.0000	1.0000	1	-1.0000	1.3105	0.2355	-0.1749	1.0000	0.6554	0.2178	1.0000	0.3482	0.3683	-0.0202	1.0928
31.0000	47.0000	Respond Naturally	RiceKrispiesCereal	4.0000	5.0000	5.0000	3	-1.0000	1.2940	0.6551	0.0136	0.0000	0.6551	0.2034	-1.0000	0.0573	0.0660	-0.0087	0.1336
31.0000	48.0000	Respond Naturally	FrozenOkra	4.0000	5.0000	6.0000	2	1.0000	2.3034	0.3867	-0.5900	3.0000	1.5638	0.2554	-1.0000	0.4595	0.4603	-0.0007	1.2647
31.0000	49.0000	Respond Naturally	Orange	6.0000	6.0000	6.0000	1	1.0000	1.0927	0.4370	-0.3860	1.0000	0.6219	0.2633	-1.0000	0.3411	0.3411	-0.0000	1.1479
31.0000	50.0000	Respond Naturally	IceCreamChocolate	2.0000	3.0000	3.0000	1	-1.0000	1.0756	0.5544	0.2570	0.0000	0.5544	0.1804	-1.0000	0.0122	0.0369	-0.0247	-0.1486
31.0000	51.0000	Decrease Desire	VanillaGreekYogurt	3.0000	3.0000	4.0000	2	-1.0000	1.4620	0.8736	0.3828	0.0000	0.8736	0.1967	-1.0000	0.0283	0.0330	-0.0047	0.1064
31.0000	52.0000	Decrease Desire	Strawberries	5.0000	6.0000	5.0000	2	1.0000	5.4780	0.5877	-0.8957	2.0000	2.5549	0.2251	1.0000	0.7153	0.7166	-0.0012	1.2338
31.0000	53.0000	Decrease Desire	EnglishCucumber	5.0000	6.0000	6.0000	2	-1.0000	2.1014	0.5547	0.3509	1.0000	1.2609	0.2724	1.0000	0.6331	0.6337	-0.0005	1.5773
31.0000	54.0000	Decrease Desire	Tempeh	4.0000	5.0000	5.0000	4	-1.0000	1.3788	0.2522	0.9798	0.0000	0.2522	0.0642	-1.0000	-0.0610	0.0025	-0.0636	-0.1897
31.0000	55.0000	Decrease Desire	FrootLoops	2.0000	5.0000	3.0000	6	-1.0000	1.1936	0.4201	0.6684	0.0000	0.4201	0.1107	-1.0000	0.0199	0.0321	-0.0122	0.0908
31.0000	56.0000	Decrease Desire	SlicedTurkey	1.0000	1.0000	2.0000	5	-1.0000	1.2105	0.5715	1.1047	1.0000	0.7229	0.1840	1.0000	0.1052	0.1373	-0.0321	0.8067
31.0000	57.0000	Decrease Desire	Asparagus	6.0000	5.0000	6.0000	3	1.0000	1.3111	0.7562	-0.5596	0.0000	0.7562	0.3357	1.0000	0.1890	0.1890	-0.0000	0.3332
31.0000	58.0000	Decrease Desire	Fritos	4.0000	4.0000	3.0000	5	-1.0000	3.8331	2.2024	0.5023	1.0000	2.7742	0.2800	1.0000	0.2404	0.2519	-0.0115	1.3868
31.0000	59.0000	Decrease Desire	Smarties	3.0000	2.0000	2.0000	2	-1.0000	2.5375	0.7227	0.6068	0.0000	0.7227	0.1403	-1.0000	-0.0352	0.0126	-0.0478	-0.1844
31.0000	60.0000	Decrease Desire	LaysClassic	6.0000	5.0000	3.0000	3	-1.0000	2.9091	0.5887	0.9902	1.0000	1.0091	0.1648	1.0000	0.2009	0.2395	-0.0386	1.3389
31.0000	61.0000	Decrease Desire	CoffeeCrisp	3.0000	2.0000	2.0000	3	-1.0000	1.1093	0.5545	0.6934	0.0000	0.5545	0.1196	-1.0000	-0.0022	0.0146	-0.0168	-0.1127
31.0000	62.0000	Decrease Desire	Smarties	3.0000	3.0000	3.0000	5	-1.0000	0.8407	0.3195	0.7395	0.0000	0.3195	0.1689	-1.0000	0.0038	0.0103	-0.0065	-0.0393
31.0000	63.0000	Decrease Desire	BabyFoodCarrots	3.0000	4.0000	5.0000	3	-1.0000	1.6975	0.6890	0.5851	0.0000	0.6890	0.1773	-1.0000	0.0560	0.0560	-0.0000	0.1614
31.0000	64.0000	Decrease Desire	BrusselsSprouts	5.0000	4.0000	4.0000	2	-1.0000	2.6051	1.5461	0.8954	0.0000	1.5461	0.1156	-1.0000	-0.0980	0.0039	-0.1019	-0.2260
31.0000	65.0000	Decrease Desire	RaisinBran	4.0000	4.0000	4.0000	3	-1.0000	1.5298	0.3362	1.1801	0.0000	0.3362	0.0912	-1.0000	-0.1477	0.0000	-0.1477	-0.2171
31.0000	66.0000	Decrease Desire	Reese	2.0000	3.0000	3.0000	1	-1.0000	2.2516	0.1512	0.9940	0.0000	0.1512	0.0992	-1.0000	-0.1190	0.0002	-0.1192	-0.2373
31.0000	67.0000	Decrease Desire	Spinach	6.0000	6.0000	6.0000	4	1.0000	1.1935	0.6217	-0.9567	0.0000	0.6217	0.2323	1.0000	0.2610	0.2610	-0.0000	0.4502
31.0000	68.0000	Decrease Desire	FrozenBlueberries	5.0000	6.0000	6.0000	1	-1.0000	1.6473	0.9411	0.3967	0.0000	0.9411	0.1412	-1.0000	0.0286	0.0379	-0.0093	0.1087
31.0000	69.0000	Decrease Desire	CheeseNips	2.0000	3.0000	3.0000	5	-1.0000	3.5958	1.5451	0.7086	0.0000	1.5451	0.1280	-1.0000	-0.0811	0.0106	-0.0917	-0.3845
31.0000	70.0000	Decrease Desire	Aero	3.0000	3.0000	2.0000	3	-1.0000	3.6628	2.3685	0.5940	0.0000	2.3685	0.1261	-1.0000	-0.0051	0.0225	-0.0276	-0.1246
31.0000	71.0000	Respond Naturally	Mars	3.0000	3.0000	2.0000	2	-1.0000	1.7651	0.7395	1.0977	1.0000	0.9917	0.2468	1.0000	0.1271	0.1619	-0.0348	0.9196
31.0000	72.0000	Respond Naturally	Mackerel	2.0000	4.0000	3.0000	3	1.0000	3.0590	0.3194	-0.8834	1.0000	0.7735	0.1847	-1.0000	0.4469	0.4469	-0.0000	1.4371
31.0000	73.0000	Respond Naturally	RomaineLettuce	5.0000	6.0000	6.0000	4	1.0000	0.8240	0.3364	-0.5425	0.0000	0.3364	0.1862	1.0000	0.1153	0.1153	-0.0000	0.2374
31.0000	74.0000	Respond Naturally	WaterChestnuts	2.0000	4.0000	4.0000	5	-1.0000	1.4966	0.1513	0.0461	1.0000	0.5045	0.1906	1.0000	0.3217	0.3609	-0.0392	1.0653
31.0000	75.0000	Respond Naturally	Aero	2.0000	3.0000	2.0000	1	-1.0000	1.4624	0.1513	0.0785	1.0000	0.5043	0.4808	1.0000	0.4165	0.4502	-0.0337	1.2185
31.0000	76.0000	Respond Naturally	Mentos	3.0000	2.0000	3.0000	5	-1.0000	1.1597	0.5545	0.7865	0.0000	0.5545	0.1436	-1.0000	0.0395	0.0396	-0.0001	0.1228
31.0000	77.0000	Respond Naturally	Nutella	2.0000	3.0000	2.0000	4	-1.0000	2.1847	0.4033	0.7750	1.0000	0.8574	0.2821	1.0000	0.2721	0.2737	-0.0016	1.3407
31.0000	78.0000	Respond Naturally	IceCreamVanilla	3.0000	2.0000	2.0000	4	1.0000	1.9321	1.1086	-0.5011	0.0000	1.1086	0.1073	1.0000	0.1689	0.1689	-0.0000	0.2536
31.0000	79.0000	Respond Naturally	AppleChips	5.0000	5.0000	5.0000	2	1.0000	2.1176	0.7732	-0.3913	0.0000	0.7732	0.2153	1.0000	0.0825	0.0826	-0.0000	0.1908
31.0000	80.0000	Respond Naturally	OatmealSquares	6.0000	6.0000	5.0000	7	1.0000	2.2700	0.4710	-0.2762	1.0000	0.7064	0.3292	-1.0000	0.3889	0.3890	-0.0001	1.5276
31.0000	81.0000	Respond Naturally	MangoChunks	6.0000	4.0000	5.0000	2	1.0000	3.4790	1.1425	-0.4268	3.0000	2.9074	0.2658	-1.0000	0.3023	0.3023	-0.0000	1.6784
31.0000	82.0000	Respond Naturally	RufflesSourCreamOnion	4.0000	6.0000	3.0000	3	1.0000	3.9311	3.2079	-0.6377	0.0000	3.2079	0.2210	1.0000	0.2777	0.2805	-0.0028	0.3991
31.0000	83.0000	Respond Naturally	KashiBars	5.0000	5.0000	4.0000	1	1.0000	1.6644	0.3362	-0.2775	3.0000	1.1097	0.3415	-1.0000	0.2929	0.2933	-0.0004	0.9155
31.0000	84.0000	Respond Naturally	ProMax	2.0000	3.0000	2.0000	4	1.0000	6.9573	0.4031	-0.7443	3.0000	3.0590	0.4255	-1.0000	0.8542	0.8709	-0.0168	1.6563
31.0000	85.0000	Respond Naturally	BBQCrisps	4.0000	2.0000	2.0000	2	-1.0000	1.5626	0.6546	0.5437	1.0000	0.8564	0.2807	1.0000	0.1643	0.1643	-0.0000	0.7488
31.0000	86.0000	Respond Naturally	Triscuit	5.0000	4.0000	5.0000	5	1.0000	2.2861	0.9916	-0.4415	1.0000	1.2774	0.2893	-1.0000	0.3105	0.3105	-0.0000	1.1912
31.0000	87.0000	Respond Naturally	CannedArtichoke	4.0000	5.0000	5.0000	5	1.0000	1.2106	0.4035	-0.3950	0.0000	0.4035	0.0931	1.0000	0.0804	0.0826	-0.0021	0.1626
31.0000	88.0000	Respond Naturally	NatureValleyChocolate	4.0000	4.0000	3.0000	1	-1.0000	1.4287	0.7733	-0.0997	0.0000	0.7733	0.2484	-1.0000	0.1399	0.1636	-0.0237	0.5978
31.0000	89.0000	Respond Naturally	DriedApricots	4.0000	6.0000	5.0000	5	1.0000	1.6135	0.6722	-0.2844	0.0000	0.6722	0.1623	1.0000	0.0800	0.0801	-0.0000	0.1442
31.0000	90.0000	Respond Naturally	SkittlesSour	3.0000	3.0000	3.0000	3	-1.0000	3.8142	0.7889	0.3727	2.0000	1.5959	0.2871	-1.0000	0.2403	0.2431	-0.0028	1.4824
31.0000	91.0000	Decrease Desire	Mars	2.0000	3.0000	2.0000	4	-1.0000	2.3359	0.4705	0.3214	2.0000	0.8909	0.2989	-1.0000	0.1510	0.1510	-0.0000	1.1268
31.0000	92.0000	Decrease Desire	GreenApple	5.0000	6.0000	5.0000	2	-1.0000	2.0170	0.4032	0.3958	2.0000	1.0086	0.2812	-1.0000	0.3844	0.3891	-0.0047	1.4515
31.0000	93.0000	Decrease Desire	Butternut	5.0000	5.0000	5.0000	3	1.0000	1.6472	0.7562	-0.6812	1.0000	0.8907	0.1368	-1.0000	0.2397	0.2397	-0.0000	0.5737
31.0000	94.0000	Decrease Desire	Prunes	5.0000	5.0000	5.0000	5	-1.0000	1.2945	0.7734	0.6030	0.0000	0.7734	0.1625	-1.0000	0.0112	0.0282	-0.0170	-0.1496
31.0000	95.0000	Decrease Desire	CornFlakes	2.0000	6.0000	4.0000	6	-1.0000	1.0760	0.1850	0.6741	0.0000	0.1850	0.1458	-1.0000	-0.0999	0.0097	-0.1095	-0.2962
31.0000	96.0000	Decrease Desire	MnMPlain	3.0000	2.0000	3.0000	5	-1.0000	1.3279	0.7562	0.5108	0.0000	0.7562	0.1492	-1.0000	0.0403	0.0404	-0.0002	0.1012
31.0000	97.0000	Decrease Desire	BabyFoodCarrots	4.0000	4.0000	5.0000	5	-1.0000	2.2861	0.5213	0.4529	0.0000	0.5213	0.0765	-1.0000	0.0118	0.0204	-0.0086	0.0551
31.0000	98.0000	Decrease Desire	OatBran	4.0000	5.0000	4.0000	4	-1.0000	1.2601	0.8397	0.3240	0.0000	0.8397	0.1498	-1.0000	0.0261	0.0304	-0.0043	-0.0651
31.0000	99.0000	Decrease Desire	Onion	2.0000	4.0000	5.0000	4	-1.0000	1.0591	0.6558	1.1243	0.0000	0.6558	0.2109	-1.0000	-0.1004	0.0000	-0.1004	-0.1599
31.0000	100.0000	Decrease Desire	Pringles	5.0000	6.0000	3.0000	5	1.0000	3.0427	0.5714	-0.5288	2.0000	2.3365	0.1851	1.0000	0.1715	0.1738	-0.0023	0.6085
31.0000	101.0000	Decrease Desire	IceCreamChocolate	3.0000	4.0000	3.0000	4	-1.0000	2.3361	0.6890	0.4146	0.0000	0.6890	0.0960	-1.0000	0.0137	0.0292	-0.0155	-0.1109
31.0000	102.0000	Decrease Desire	DriedHerring	2.0000	3.0000	4.0000	3	-1.0000	2.6223	0.8735	0.5693	2.0000	1.4958	0.2131	-1.0000	0.4453	0.4697	-0.0244	1.5841
31.0000	103.0000	Decrease Desire	AllBranBar	4.0000	4.0000	5.0000	1	-1.0000	1.0086	0.5715	0.6816	0.0000	0.5715	0.1539	-1.0000	0.0349	0.0355	-0.0006	0.1014
31.0000	104.0000	Decrease Desire	SlimStyles	2.0000	2.0000	2.0000	2	-1.0000	0.9585	0.2523	0.9591	0.0000	0.2523	0.1235	-1.0000	-0.0595	0.0000	-0.0595	-0.1736
31.0000	105.0000	Decrease Desire	ProMax	3.0000	3.0000	3.0000	2	-1.0000	0.8408	0.2186	0.6814	0.0000	0.2186	0.1737	-1.0000	-0.0667	0.0073	-0.0740	-0.2248
31.0000	106.0000	Decrease Desire	YorkPeppermintPatties	2.0000	3.0000	3.0000	4	-1.0000	6.1317	0.2185	0.8243	0.0000	0.2185	0.0662	-1.0000	-0.0281	0.0003	-0.0284	-0.1757
31.0000	107.0000	Decrease Desire	OikosYogurt	1.0000	3.0000	3.0000	6	-1.0000	1.4123	0.2015	0.9744	0.0000	0.2015	0.0745	-1.0000	-0.0695	0.0000	-0.0695	-0.2917
31.0000	108.0000	Decrease Desire	Celery	5.0000	5.0000	5.0000	4	-1.0000	3.7807	0.2186	0.6241	2.0000	0.9075	0.1558	-1.0000	0.0876	0.0928	-0.0052	0.3093
31.0000	109.0000	Decrease Desire	Caramilk	3.0000	4.0000	3.0000	2	-1.0000	1.2603	0.7728	0.6468	0.0000	0.7728	0.1599	-1.0000	0.0266	0.0340	-0.0074	-0.0838
31.0000	110.0000	Decrease Desire	YorkPeppermintPatties	3.0000	3.0000	3.0000	2	-1.0000	1.3612	0.4707	0.8755	0.0000	0.4707	0.1743	-1.0000	-0.0370	0.0000	-0.0370	-0.1392
31.0000	111.0000	Respond Naturally	SlimStyles	1.0000	2.0000	2.0000	6	-1.0000	2.0677	0.8403	0.5125	1.0000	1.2438	0.4192	1.0000	0.2823	0.2830	-0.0007	1.5919
31.0000	112.0000	Respond Naturally	Raspberries	4.0000	6.0000	6.0000	5	1.0000	1.8321	0.4201	-0.3083	2.0000	1.2772	0.1642	1.0000	0.3241	0.3289	-0.0047	1.2667
31.0000	113.0000	Respond Naturally	WelchsFruitSnacks	3.0000	3.0000	3.0000	1	-1.0000	2.5715	0.3530	0.3219	1.0000	1.7310	0.3844	1.0000	0.7094	0.7094	-0.0000	1.4710
31.0000	114.0000	Respond Naturally	HoneyNutCheerios	5.0000	6.0000	4.0000	5	1.0000	1.8323	0.7563	-0.6124	1.0000	1.0421	0.4550	-1.0000	0.3823	0.3823	-0.0000	1.4963
31.0000	115.0000	Respond Naturally	Cheetos	3.0000	3.0000	3.0000	3	-1.0000	1.5799	0.5375	0.5820	1.0000	0.7224	0.2134	1.0000	0.0956	0.1317	-0.0361	0.8940
31.0000	116.0000	Respond Naturally	Onion	3.0000	3.0000	5.0000	2	-1.0000	1.2774	0.6724	0.8816	0.0000	0.6724	0.1352	-1.0000	-0.0394	0.0000	-0.0394	-0.1866
31.0000	117.0000	Respond Naturally	OatmealSquares	5.0000	6.0000	5.0000	3	-1.0000	5.3932	4.7206	0.3139	0.0000	4.7206	0.1585	-1.0000	0.0385	0.0385	-0.0000	0.1664
31.0000	118.0000	Respond Naturally	VegetableThins	5.0000	5.0000	4.0000	5	1.0000	1.4794	0.6220	-0.8070	1.0000	0.7901	0.2101	-1.0000	0.2453	0.2462	-0.0009	0.6778
31.0000	119.0000	Respond Naturally	Shreddies	5.0000	5.0000	4.0000	5	-1.0000	9.6246	7.9437	0.5643	2.0000	8.4313	0.4012	-1.0000	0.0486	0.0781	-0.0295	1.4857
31.0000	120.0000	Respond Naturally	FrozenBroccoli	6.0000	6.0000	6.0000	6	1.0000	1.0425	0.2859	-0.4706	1.0000	0.6056	0.3135	-1.0000	0.2232	0.2536	-0.0303	1.2548
31.0000	121.0000	Decrease Desire	Nutella	2.0000	2.0000	3.0000	1	-1.0000	2.2524	0.5211	-0.2113	2.0000	1.1265	0.3197	-1.0000	0.5330	0.5330	-0.0000	1.2912
31.0000	122.0000	Decrease Desire	Orange	5.0000	6.0000	6.0000	5	1.0000	5.1409	0.5713	-0.2803	2.0000	1.0422	0.0829	1.0000	0.1074	0.1074	-0.0000	0.6920
31.0000	123.0000	Decrease Desire	Butternut	5.0000	6.0000	6.0000	7	1.0000	7.5800	0.6553	-0.3879	5.0000	5.6467	0.2658	-1.0000	0.6695	0.6728	-0.0034	1.2210
31.0000	124.0000	Decrease Desire	Triscuit	4.0000	4.0000	5.0000	2	-1.0000	1.5468	0.4541	0.4702	1.0000	0.5718	0.1480	1.0000	0.0078	0.0333	-0.0255	-0.1410
31.0000	125.0000	Decrease Desire	RomaineLettuce	4.0000	5.0000	6.0000	2	-1.0000	1.5968	0.1513	1.1518	0.0000	0.1513	0.1573	-1.0000	-0.1645	0.0000	-0.1645	-0.3379
31.0000	126.0000	Decrease Desire	Prunes	3.0000	5.0000	4.0000	2	-1.0000	0.9580	0.1677	0.7662	0.0000	0.1677	0.1289	-1.0000	-0.0791	0.0009	-0.0800	-0.2723
31.0000	127.0000	Decrease Desire	Twizzlers	4.0000	3.0000	3.0000	2	-1.0000	1.0249	0.5208	0.4625	0.0000	0.5208	0.1713	-1.0000	-0.0020	0.0200	-0.0220	-0.1325
31.0000	128.0000	Decrease Desire	SpeltCakes	6.0000	6.0000	4.0000	2	-1.0000	1.2274	0.3867	0.7804	0.0000	0.3867	0.1906	-1.0000	-0.0352	0.0067	-0.0419	-0.1432
31.0000	129.0000	Decrease Desire	BrusselsSprouts	4.0000	6.0000	4.0000	4	-1.0000	5.1579	1.9826	1.0324	0.0000	1.9826	0.0873	-1.0000	-0.0600	0.0024	-0.0624	-0.1615
31.0000	130.0000	Decrease Desire	SunChips	2.0000	4.0000	3.0000	2	-1.0000	1.4115	0.9240	0.9506	0.0000	0.9240	0.1570	-1.0000	-0.0231	0.0000	-0.0231	-0.0472
31.0000	131.0000	Respond Naturally	SkimMilk	1.0000	3.0000	4.0000	4	-1.0000	3.8991	0.9245	0.9356	1.0000	1.5131	0.3104	1.0000	0.1655	0.1862	-0.0207	0.7899
31.0000	132.0000	Respond Naturally	GreenBeans	4.0000	5.0000	5.0000	2	1.0000	1.2775	0.7226	-0.6420	0.0000	0.7226	0.1802	1.0000	0.1340	0.1340	-0.0000	0.2262
31.0000	133.0000	Respond Naturally	RedPepper	5.0000	5.0000	6.0000	5	1.0000	1.3449	0.7060	-0.4332	0.0000	0.7060	0.2175	1.0000	0.1341	0.1389	-0.0048	0.2840
31.0000	134.0000	Respond Naturally	CannedArtichoke	4.0000	5.0000	5.0000	2	1.0000	0.9246	0.1511	-0.0211	0.0000	0.1511	0.0824	1.0000	0.1267	0.1267	-0.0000	0.2342
31.0000	135.0000	Respond Naturally	PureFit	4.0000	4.0000	5.0000	2	1.0000	1.2441	0.1515	0.1965	0.0000	0.1515	0.1338	1.0000	0.0568	0.0568	-0.0000	0.1405
31.0000	136.0000	Respond Naturally	SpeltCakes	5.0000	6.0000	4.0000	5	1.0000	1.0253	0.5377	0.0231	0.0000	0.5377	0.1620	1.0000	0.0503	0.0659	-0.0156	0.1347
31.0000	137.0000	Respond Naturally	Doritos	5.0000	3.0000	3.0000	5	1.0000	1.1770	0.3029	0.3967	0.0000	0.3029	0.0674	1.0000	0.0384	0.0384	-0.0000	0.0863
31.0000	138.0000	Respond Naturally	WaterChestnuts	1.0000	4.0000	5.0000	3	-1.0000	1.8663	0.7568	-0.3622	2.0000	1.1436	0.3460	-1.0000	0.3510	0.3525	-0.0015	1.1792
31.0000	139.0000	Respond Naturally	MnMPeanuts	4.0000	4.0000	3.0000	4	-1.0000	1.0757	0.5881	0.4378	0.0000	0.5881	0.1876	-1.0000	-0.0132	0.0252	-0.0384	-0.2035
31.0000	140.0000	Respond Naturally	IceCreamVanilla	2.0000	4.0000	3.0000	1	-1.0000	2.4701	0.7902	0.9437	0.0000	0.7902	0.2136	-1.0000	0.0558	0.0571	-0.0014	0.6133
31.0000	141.0000	Decrease Desire	BBQCrisps	3.0000	5.0000	2.0000	6	-1.0000	6.5851	2.3348	0.3667	0.0000	2.3348	0.0970	-1.0000	0.0309	0.0327	-0.0018	0.1415
31.0000	142.0000	Decrease Desire	FrozenPeas	4.0000	4.0000	5.0000	2	-1.0000	1.4458	0.7900	0.7112	0.0000	0.7900	0.1439	-1.0000	0.0295	0.0323	-0.0028	0.1594
31.0000	143.0000	Decrease Desire	CheeseNips	2.0000	3.0000	2.0000	2	-1.0000	1.2102	0.4872	0.4557	0.0000	0.4872	0.1684	-1.0000	-0.0286	0.0278	-0.0564	-0.2475
31.0000	144.0000	Decrease Desire	Pringles	5.0000	6.0000	3.0000	2	-1.0000	1.9330	0.4871	0.6607	2.0000	1.2270	0.1602	-1.0000	0.0029	0.0492	-0.0464	0.2697
31.0000	145.0000	Decrease Desire	GreenGrapes	6.0000	5.0000	6.0000	4	1.0000	4.5367	2.3861	-0.6932	0.0000	2.3861	0.2628	1.0000	0.1464	0.1493	-0.0029	0.3561
31.0000	146.0000	Decrease Desire	FrozenPeaches	4.0000	5.0000	5.0000	2	-1.0000	2.1341	0.6555	0.5161	0.0000	0.6555	0.2195	-1.0000	0.0019	0.0127	-0.0108	0.0545
31.0000	147.0000	Decrease Desire	Beets	3.0000	4.0000	4.0000	2	-1.0000	1.2273	0.7060	1.1953	0.0000	0.7060	0.1580	-1.0000	-0.0945	0.0000	-0.0945	-0.1830
31.0000	148.0000	Decrease Desire	CornFlakes	4.0000	5.0000	5.0000	3	-1.0000	2.2018	0.1514	0.5244	0.0000	0.1514	0.0695	-1.0000	0.0140	0.0172	-0.0032	0.0797
31.0000	149.0000	Decrease Desire	FrozenCorn	5.0000	6.0000	6.0000	4	-1.0000	4.7206	1.7472	0.9841	0.0000	1.7472	0.1627	-1.0000	-0.0131	0.0065	-0.0197	0.1597
31.0000	150.0000	Decrease Desire	GreenApple	5.0000	6.0000	6.0000	4	-1.0000	3.8812	0.5211	0.5653	0.0000	0.5211	0.1406	-1.0000	0.0097	0.0114	-0.0018	0.0673
31.0000	151.0000	Respond Naturally	Bananas	6.0000	6.0000	6.0000	2	1.0000	1.6812	0.8066	-0.6153	0.0000	0.8066	0.1249	1.0000	0.1083	0.1219	-0.0136	0.2940
31.0000	152.0000	Respond Naturally	Almonds	4.0000	5.0000	5.0000	2	-1.0000	9.9971	0.2017	0.0060	1.0000	1.1263	0.1206	1.0000	0.0962	0.1714	-0.0752	1.6034
31.0000	153.0000	Respond Naturally	Asparagus	6.0000	6.0000	6.0000	6	1.0000	1.8494	0.7901	-0.4459	0.0000	0.7901	0.1134	1.0000	0.1219	0.1274	-0.0055	0.2760
31.0000	154.0000	Respond Naturally	Reese	2.0000	3.0000	2.0000	4	-1.0000	1.1435	0.2690	0.1717	1.0000	0.5886	0.4151	1.0000	0.2271	0.2330	-0.0058	0.7748
31.0000	155.0000	Respond Naturally	Strawberries	5.0000	6.0000	5.0000	3	1.0000	1.1929	0.2517	-0.3495	0.0000	0.2517	0.1773	1.0000	0.0240	0.0630	-0.0390	0.2433
31.0000	156.0000	Respond Naturally	Broccoli	4.0000	6.0000	6.0000	1	1.0000	1.0429	0.1682	0.0000	0.0000	0.1682	0.1859	1.0000	0.0213	0.0417	-0.0205	0.1537
31.0000	157.0000	Respond Naturally	DriedApricots	4.0000	5.0000	5.0000	2	-1.0000	2.8576	0.4538	0.1885	1.0000	1.2105	0.3207	1.0000	0.4498	0.4648	-0.0150	1.4932
31.0000	158.0000	Respond Naturally	FrozenCorn	4.0000	5.0000	6.0000	2	1.0000	1.3278	0.7060	-0.5968	0.0000	0.7060	0.1367	1.0000	0.1003	0.1016	-0.0013	0.1702
31.0000	159.0000	Respond Naturally	Tempeh	4.0000	4.0000	5.0000	2	-1.0000	1.7146	0.7059	0.1774	0.0000	0.7059	0.1101	-1.0000	0.0502	0.0518	-0.0016	0.1246
31.0000	160.0000	Respond Naturally	Smartfood	5.0000	5.0000	3.0000	4	1.0000	2.9739	1.0749	-0.5158	0.0000	1.0749	0.1519	1.0000	0.0544	0.0585	-0.0041	0.1368
31.0000	161.0000	Decrease Desire	FrozenPeas	2.0000	5.0000	5.0000	6	-1.0000	2.2355	1.2104	0.2470	0.0000	1.2104	0.0850	-1.0000	0.0274	0.0380	-0.0105	0.1636
31.0000	162.0000	Decrease Desire	TofuDessert	5.0000	6.0000	5.0000	2	-1.0000	3.7967	2.9730	0.5856	0.0000	2.9730	0.1485	-1.0000	0.0562	0.0564	-0.0002	0.0680
31.0000	163.0000	Decrease Desire	Mackerel	2.0000	4.0000	2.0000	1	-1.0000	2.3530	1.8150	0.6182	0.0000	1.8150	0.0720	-1.0000	0.0294	0.0324	-0.0030	0.1118
31.0000	164.0000	Decrease Desire	ClamJuice	3.0000	4.0000	4.0000	1	-1.0000	1.5634	0.6723	0.5868	0.0000	0.6723	0.1759	-1.0000	0.0327	0.0387	-0.0061	0.1116
31.0000	165.0000	Decrease Desire	SlicedTurkey	1.0000	1.0000	3.0000	2	-1.0000	1.4790	0.3363	0.3464	0.0000	0.3363	0.2123	-1.0000	0.0098	0.0482	-0.0384	-0.1816
31.0000	166.0000	Decrease Desire	Celery	5.0000	5.0000	6.0000	2	-1.0000	7.1224	1.1092	0.6620	0.0000	1.1092	0.1165	-1.0000	-0.0003	0.0071	-0.0073	-0.0900
31.0000	167.0000	Decrease Desire	Doritos	4.0000	3.0000	3.0000	2	-1.0000	2.4545	0.9075	0.9623	1.0000	1.7484	0.3770	1.0000	0.4369	0.4776	-0.0407	1.3727
31.0000	168.0000	Decrease Desire	BabyFoodSweetPotatos	1.0000	1.0000	1.0000	5	-1.0000	0.9750	0.2018	0.8868	0.0000	0.2018	0.0773	-1.0000	-0.0106	0.0090	-0.0196	-0.0952
31.0000	169.0000	Decrease Desire	Tuna	1.0000	4.0000	4.0000	4	-1.0000	3.0240	0.6050	0.4810	0.0000	0.6050	0.1431	-1.0000	-0.0082	0.0058	-0.0141	-0.1820
31.0000	170.0000	Decrease Desire	FrozenOkra	5.0000	6.0000	6.0000	5	1.0000	1.4124	0.3363	-0.6634	1.0000	0.5549	0.2379	-1.0000	0.1893	0.1997	-0.0104	0.7803
31.0000	171.0000	Respond Naturally	OikosYogurt	3.0000	3.0000	3.0000	3	-1.0000	1.8823	0.4367	0.5060	1.0000	1.3612	0.3539	1.0000	0.3622	0.3622	-0.0000	1.3442
31.0000	172.0000	Respond Naturally	Raspberries	5.0000	6.0000	5.0000	4	1.0000	1.0923	0.5038	-0.6070	0.0000	0.5038	0.1996	1.0000	0.1687	0.1687	-0.0000	0.2626
31.0000	173.0000	Respond Naturally	SunChips	4.0000	6.0000	3.0000	4	1.0000	1.8161	0.2018	0.0834	0.0000	0.2018	0.1461	1.0000	0.0521	0.0568	-0.0047	0.2758
31.0000	174.0000	Respond Naturally	SkittlesSour	2.0000	3.0000	2.0000	6	-1.0000	6.2833	4.6187	0.3159	3.0000	5.5603	0.6236	1.0000	0.3536	0.3650	-0.0114	2.0510
31.0000	175.0000	Respond Naturally	LaysClassic	4.0000	5.0000	3.0000	4	1.0000	1.2446	0.4206	-0.9101	0.0000	0.4206	0.1801	1.0000	0.1540	0.1681	-0.0140	0.4284
31.0000	176.0000	Respond Naturally	Avocado	6.0000	5.0000	6.0000	2	1.0000	1.1433	0.5884	-0.4564	0.0000	0.5884	0.1541	1.0000	0.1068	0.1488	-0.0420	0.3507
31.0000	177.0000	Respond Naturally	WelchsFruitSnacks	3.0000	3.0000	2.0000	3	-1.0000	1.2277	0.2523	0.1498	1.0000	0.6727	0.3945	1.0000	0.4964	0.4964	-0.0000	1.4042
31.0000	178.0000	Respond Naturally	Beets	2.0000	5.0000	5.0000	5	-1.0000	0.7904	0.2186	0.4292	0.0000	0.2186	0.1244	-1.0000	0.0754	0.0754	-0.0000	0.1802
31.0000	179.0000	Respond Naturally	AllBranCereal	4.0000	4.0000	4.0000	6	-1.0000	1.0084	0.4707	0.4456	0.0000	0.4707	0.1652	-1.0000	0.0578	0.0776	-0.0198	0.1665
31.0000	180.0000	Respond Naturally	FrozenPeaches	5.0000	6.0000	5.0000	5	1.0000	1.1939	0.4204	-0.7004	1.0000	0.6558	0.3846	-1.0000	0.5495	0.5496	-0.0001	1.5813
31.0000	181.0000	Decrease Desire	KashiBars	5.0000	6.0000	5.0000	4	-1.0000	1.5968	0.3867	0.1836	0.0000	0.3867	0.3074	-1.0000	0.0778	0.0909	-0.0131	0.6189
31.0000	182.0000	Decrease Desire	GreenPepper	2.0000	4.0000	5.0000	6	-1.0000	2.0670	0.7226	0.5882	0.0000	0.7226	0.1707	-1.0000	-0.0103	0.0238	-0.0341	-0.2330
31.0000	183.0000	Decrease Desire	RedPepper	4.0000	4.0000	4.0000	2	-1.0000	2.2853	0.3362	0.5624	0.0000	0.3362	0.1119	-1.0000	0.0359	0.0359	-0.0000	0.1732
31.0000	184.0000	Decrease Desire	DriedHerring	2.0000	3.0000	4.0000	1	-1.0000	1.0759	0.2185	0.6084	0.0000	0.2185	0.1418	-1.0000	-0.0249	0.0142	-0.0390	-0.2319
31.0000	185.0000	Decrease Desire	Cauliflower	5.0000	6.0000	6.0000	6	-1.0000	6.2842	4.1330	0.5972	1.0000	4.4525	0.3199	1.0000	0.0556	0.1103	-0.0548	1.2559
31.0000	186.0000	Decrease Desire	CoffeeCrisp	3.0000	3.0000	2.0000	1	-1.0000	1.7483	0.2690	0.6682	4.0000	1.3953	0.1735	-1.0000	0.0609	0.0813	-0.0204	0.3114
31.0000	187.0000	Decrease Desire	NatureValleyChocolate	2.0000	5.0000	3.0000	4	-1.0000	2.4194	0.1511	1.0006	0.0000	0.1511	0.1886	-1.0000	-0.0018	0.0087	-0.0105	0.0846
31.0000	188.0000	Decrease Desire	Almonds	3.0000	4.0000	4.0000	4	-1.0000	2.6388	0.9577	0.4995	1.0000	1.7816	0.2270	1.0000	0.4961	0.5000	-0.0040	1.3835
31.0000	189.0000	Decrease Desire	GreenPepper	4.0000	4.0000	5.0000	2	-1.0000	1.5132	0.2861	0.1377	1.0000	0.6225	0.2926	1.0000	0.2696	0.2940	-0.0244	0.6624
31.0000	190.0000	Decrease Desire	Fritos	4.0000	3.0000	2.0000	2	-1.0000	2.3862	1.4953	0.3604	0.0000	1.4953	0.1529	-1.0000	0.0958	0.0958	-0.0000	0.1531
31.0000	191.0000	Respond Naturally	PopTartStrawberry	2.0000	3.0000	2.0000	5	-1.0000	1.4622	0.6889	0.3828	0.0000	0.6889	0.1440	-1.0000	0.0613	0.0634	-0.0020	0.1053
31.0000	192.0000	Respond Naturally	PureFit	5.0000	5.0000	4.0000	4	1.0000	1.4962	0.1514	-0.3873	1.0000	0.5885	0.2718	-1.0000	0.6475	0.6475	-0.0000	1.5227
31.0000	193.0000	Respond Naturally	Cauliflower	5.0000	5.0000	6.0000	2	1.0000	0.8742	0.2691	-0.3560	1.0000	0.4373	0.2341	-1.0000	0.1343	0.1343	-0.0000	0.3958
31.0000	194.0000	Respond Naturally	FrootLoops	2.0000	3.0000	3.0000	2	-1.0000	0.9586	0.2522	0.2896	0.0000	0.2522	0.1534	-1.0000	0.0238	0.0325	-0.0087	0.1220
31.0000	195.0000	Respond Naturally	VegetableThins	4.0000	4.0000	5.0000	2	1.0000	1.8662	0.4204	-0.0391	1.0000	0.9248	0.1743	-1.0000	0.3403	0.3403	-0.0000	1.0971
31.0000	196.0000	Respond Naturally	ClifBar	4.0000	5.0000	3.0000	4	1.0000	4.1353	0.6050	-0.2001	1.0000	2.1014	0.1519	-1.0000	0.8314	0.8314	-0.0000	1.3432
31.0000	197.0000	Respond Naturally	Cheetos	3.0000	5.0000	2.0000	6	-1.0000	3.1252	0.9241	0.1760	0.0000	0.9241	0.1215	-1.0000	0.0235	0.0247	-0.0012	0.1006
31.0000	198.0000	Respond Naturally	Skittles	3.0000	3.0000	2.0000	3	-1.0000	5.9642	4.4351	0.2876	0.0000	4.4351	0.1456	-1.0000	0.0615	0.0623	-0.0008	0.0990
31.0000	199.0000	Respond Naturally	GreenGrapes	4.0000	4.0000	6.0000	1	-1.0000	2.9735	0.1680	0.5955	2.0000	2.1504	0.2601	-1.0000	0.1913	0.1958	-0.0045	1.3005
31.0000	200.0000	Respond Naturally	FrozenBlueberries	4.0000	6.0000	6.0000	3	1.0000	1.3279	0.7564	-0.6290	0.0000	0.7564	0.2019	1.0000	0.1302	0.1510	-0.0208	0.3352
