Subject	Trial	Instruction	Food	Liking	Taste	Health	Amount	Choice	ChoiceRT	FirstDevTimeChoice	InitAngleChoice	NumChangeMindChoice	FinalDevTimeChoice	MaxVelocityChoice	DrxFirstDevChoice	TotalAUCChoice	AUCtoNonChosenChoice	AUCtoChosenChoice	MaxDevChoice
102.0000	1.0000	Focus on Health	LaysClassic	5.0000	4.0000	3.0000	3	-1.0000	1.6138	0.6560	0.0218	0.0000	0.6560	0.0850	-1.0000	0.1957	0.2072	-0.0115	0.4132
102.0000	2.0000	Focus on Health	VanillaGreekYogurt	4.0000	4.0000	4.0000	4	1.0000	1.3277	0.1514	-0.4583	1.0000	0.7230	0.2550	-1.0000	0.3733	0.3752	-0.0019	0.7739
102.0000	3.0000	Focus on Health	Skittles	6.0000	4.0000	1.0000	6	-1.0000	1.1426	0.4873	0.0416	0.0000	0.4873	0.1105	-1.0000	0.1081	0.1083	-0.0003	0.1877
102.0000	4.0000	Focus on Health	ClifBar	2.0000	2.0000	4.0000	2	1.0000	1.6796	0.4200	-0.3478	1.0000	1.0587	0.2471	-1.0000	0.5285	0.5457	-0.0172	1.1514
102.0000	5.0000	Focus on Health	GreenApple	4.0000	4.0000	4.0000	2	1.0000	1.3610	0.7053	-0.3389	0.0000	0.7053	0.1137	1.0000	0.1755	0.1755	-0.0000	0.3526
102.0000	6.0000	Focus on Health	Mars	6.0000	4.0000	2.0000	4	-1.0000	0.8738	0.1680	-0.0672	1.0000	0.5041	0.1670	1.0000	0.2168	0.2168	-0.0000	0.4018
102.0000	7.0000	Focus on Health	Raspberries	5.0000	3.0000	4.0000	5	-1.0000	1.3946	0.5376	0.1975	1.0000	0.8401	0.1184	1.0000	0.2607	0.2607	-0.0000	0.4608
102.0000	8.0000	Focus on Health	OatBran	2.0000	2.0000	4.0000	2	-1.0000	1.7295	0.4194	0.1315	0.0000	0.4194	0.1802	-1.0000	0.1505	0.1505	-0.0000	0.3436
102.0000	9.0000	Focus on Health	PopTartStrawberry	1.0000	1.0000	1.0000	5	-1.0000	1.4116	0.3368	0.1716	0.0000	0.3368	0.1535	-1.0000	0.2079	0.2108	-0.0029	0.4985
102.0000	10.0000	Focus on Health	FrozenBroccoli	4.0000	4.0000	5.0000	2	1.0000	1.1758	0.1178	-0.3082	1.0000	0.6388	0.1967	-1.0000	0.4748	0.4748	-0.0000	0.8516
102.0000	11.0000	Respond Naturally	Butternut	2.0000	2.0000	5.0000	7	-1.0000	1.1587	0.6042	0.0993	0.0000	0.6042	0.0985	-1.0000	0.1516	0.1518	-0.0002	0.2822
102.0000	12.0000	Respond Naturally	AlmondMilk	4.0000	2.0000	4.0000	2	-1.0000	0.8402	0.3026	0.5986	0.0000	0.3026	0.1876	-1.0000	0.0540	0.0540	-0.0000	0.1814
102.0000	13.0000	Respond Naturally	EnglishCucumber	5.0000	3.0000	5.0000	5	-1.0000	0.8734	0.3024	0.4025	0.0000	0.3024	0.2571	-1.0000	0.1274	0.1274	-0.0000	0.2464
102.0000	14.0000	Respond Naturally	Cauliflower	4.0000	4.0000	5.0000	6	-1.0000	0.7897	0.2689	0.7136	0.0000	0.2689	0.1675	-1.0000	0.0182	0.0183	-0.0001	0.0351
102.0000	15.0000	Respond Naturally	Cheetos	5.0000	2.0000	1.0000	6	-1.0000	1.0420	0.3193	0.6557	0.0000	0.3193	0.1989	-1.0000	0.0872	0.0872	-0.0000	0.1514
102.0000	16.0000	Respond Naturally	WelchsFruitSnacks	1.0000	1.0000	1.0000	3	-1.0000	0.9579	0.3360	0.4436	0.0000	0.3360	0.1912	-1.0000	0.1644	0.1644	-0.0000	0.2866
102.0000	17.0000	Respond Naturally	VegetableThins	2.0000	3.0000	1.0000	2	1.0000	1.6124	0.5042	-0.4256	1.0000	0.7395	0.3575	-1.0000	0.5733	0.5733	-0.0000	1.1329
102.0000	18.0000	Respond Naturally	FrootLoops	1.0000	1.0000	1.0000	6	-1.0000	0.9912	0.5209	-0.0000	0.0000	0.5209	0.1437	-1.0000	0.2156	0.2156	-0.0000	0.4273
102.0000	19.0000	Respond Naturally	AllBranCereal	1.0000	4.0000	4.0000	2	1.0000	1.8318	0.3191	0.1715	0.0000	0.3191	0.0995	1.0000	0.1444	0.1446	-0.0001	0.3281
102.0000	20.0000	Respond Naturally	RomaineLettuce	4.0000	4.0000	4.0000	2	1.0000	3.1924	0.4195	0.1311	2.0000	2.2008	0.3851	1.0000	0.5647	0.5647	-0.0000	1.3955
102.0000	21.0000	Focus on Health	BabyFoodCarrots	1.0000	2.0000	4.0000	5	-1.0000	7.3758	0.3362	0.0130	4.0000	6.5357	0.3041	-1.0000	0.7133	0.7152	-0.0019	1.3297
102.0000	22.0000	Focus on Health	OikosYogurt	5.0000	3.0000	4.0000	6	1.0000	3.3606	0.3527	-0.2239	0.0000	0.3527	0.1036	1.0000	0.3032	0.3038	-0.0006	0.4644
102.0000	23.0000	Focus on Health	Shreddies	4.0000	4.0000	4.0000	2	1.0000	1.4287	0.1849	0.0645	0.0000	0.1849	0.1410	1.0000	0.2282	0.2286	-0.0004	0.4419
102.0000	24.0000	Focus on Health	SlicedTurkey	4.0000	1.0000	3.0000	5	-1.0000	1.4456	0.5211	-0.0248	0.0000	0.5211	0.0939	-1.0000	0.1813	0.1892	-0.0079	0.4352
102.0000	25.0000	Focus on Health	CheeseNips	1.0000	2.0000	3.0000	2	-1.0000	1.3446	0.3698	0.1435	1.0000	0.5883	0.2367	1.0000	0.1721	0.1812	-0.0092	0.4962
102.0000	26.0000	Focus on Health	Doritos	3.0000	2.0000	2.0000	5	-1.0000	1.1081	0.2857	0.5037	0.0000	0.2857	0.1485	-1.0000	0.0630	0.0630	-0.0000	0.1727
102.0000	27.0000	Focus on Health	RedPepper	4.0000	4.0000	4.0000	5	1.0000	1.5122	0.7900	-0.7113	0.0000	0.7900	0.2089	1.0000	0.6491	0.6491	-0.0000	1.1056
102.0000	28.0000	Focus on Health	SunChips	3.0000	3.0000	2.0000	4	-1.0000	1.3268	0.5545	0.1479	0.0000	0.5545	0.2305	-1.0000	0.6565	0.6565	-0.0000	1.4606
102.0000	29.0000	Focus on Health	YorkPeppermintPatties	1.0000	2.0000	1.0000	4	-1.0000	0.9916	0.4033	0.5190	0.0000	0.4033	0.1372	-1.0000	0.2072	0.2072	-0.0000	0.3256
102.0000	30.0000	Focus on Health	FrozenPeas	2.0000	1.0000	2.0000	6	-1.0000	1.0752	0.3192	0.4641	0.0000	0.3192	0.3304	-1.0000	0.1307	0.1307	-0.0000	0.2717
102.0000	31.0000	Respond Naturally	Smarties	5.0000	2.0000	2.0000	5	-1.0000	1.3605	0.3361	-0.0000	0.0000	0.3361	0.0899	-1.0000	0.2106	0.2106	-0.0000	0.3514
102.0000	32.0000	Respond Naturally	PureFit	2.0000	3.0000	4.0000	4	-1.0000	2.1666	0.2858	-0.6155	1.0000	0.6388	0.2192	1.0000	0.1957	0.2070	-0.0113	0.7359
102.0000	33.0000	Respond Naturally	Reese	5.0000	5.0000	2.0000	1	1.0000	1.1595	0.1675	-0.3318	1.0000	0.5713	0.2421	-1.0000	0.5103	0.5103	-0.0000	1.0314
102.0000	34.0000	Respond Naturally	Starburst	1.0000	3.0000	1.0000	6	-1.0000	1.1426	0.2017	-0.1923	1.0000	0.7227	0.2160	1.0000	0.6239	0.6239	-0.0000	1.0697
102.0000	35.0000	Respond Naturally	MnMPeanuts	6.0000	4.0000	2.0000	4	1.0000	0.9578	0.1343	0.2573	0.0000	0.1343	0.1508	1.0000	0.1036	0.1036	-0.0000	0.1834
102.0000	36.0000	Respond Naturally	Triscuit	2.0000	1.0000	3.0000	5	-1.0000	1.2268	0.2352	-0.2420	1.0000	0.6386	0.2099	1.0000	0.3778	0.3778	-0.0000	0.7639
102.0000	37.0000	Respond Naturally	PureFit	3.0000	3.0000	4.0000	2	-1.0000	0.9077	0.1849	0.4099	0.0000	0.1849	0.0803	-1.0000	0.0826	0.0826	-0.0000	0.1658
102.0000	38.0000	Respond Naturally	WaterChestnuts	2.0000	2.0000	4.0000	3	-1.0000	1.2940	0.2352	0.2389	0.0000	0.2352	0.1085	-1.0000	0.0790	0.0901	-0.0110	0.2647
102.0000	39.0000	Respond Naturally	WaterChestnuts	1.0000	2.0000	6.0000	5	-1.0000	0.7895	0.1844	0.4851	0.0000	0.1844	0.1276	-1.0000	0.0816	0.0816	-0.0000	0.1567
102.0000	40.0000	Respond Naturally	Snickers	6.0000	4.0000	1.0000	3	1.0000	1.9485	0.1846	-0.4532	1.0000	0.6384	0.3693	-1.0000	0.3328	0.3330	-0.0002	1.0920
102.0000	41.0000	Respond Naturally	HoneyNutCheerios	3.0000	1.0000	1.0000	5	-1.0000	1.2772	0.5712	1.2405	0.0000	0.5712	0.1077	-1.0000	-0.0080	0.0317	-0.0397	0.1080
102.0000	42.0000	Respond Naturally	BabyFoodSweetPotatos	3.0000	2.0000	4.0000	2	-1.0000	1.9147	0.1009	0.0889	1.0000	1.2762	0.3268	1.0000	0.5960	0.6168	-0.0208	1.2369
102.0000	43.0000	Respond Naturally	EnglishCucumber	5.0000	4.0000	4.0000	2	1.0000	1.0420	0.1008	0.0196	0.0000	0.1008	0.1759	1.0000	0.1857	0.1857	-0.0000	0.3185
102.0000	44.0000	Respond Naturally	KashiBars	2.0000	3.0000	4.0000	4	-1.0000	2.5363	0.1681	-0.4948	1.0000	0.5379	0.3104	1.0000	0.1869	0.2029	-0.0160	0.8922
102.0000	45.0000	Respond Naturally	Fritos	4.0000	4.0000	3.0000	2	1.0000	1.3770	0.4364	0.4181	0.0000	0.4364	0.0912	1.0000	0.0456	0.0598	-0.0141	0.1579
102.0000	46.0000	Respond Naturally	RufflesSourCreamOnion	5.0000	4.0000	3.0000	3	1.0000	0.7393	0.3698	0.6107	0.0000	0.3698	0.2025	-1.0000	0.0364	0.0424	-0.0059	0.1382
102.0000	47.0000	Respond Naturally	Caramilk	5.0000	5.0000	3.0000	2	1.0000	0.9918	0.2017	0.4554	0.0000	0.2017	0.1350	1.0000	0.0587	0.0643	-0.0057	0.2580
102.0000	48.0000	Respond Naturally	Onion	3.0000	4.0000	4.0000	4	-1.0000	2.4185	0.3024	-0.1961	1.0000	0.5713	0.1847	1.0000	0.2307	0.2343	-0.0036	0.8008
102.0000	49.0000	Respond Naturally	FrozenOkra	4.0000	5.0000	4.0000	2	1.0000	2.2011	0.4202	-0.7427	0.0000	0.4202	0.1750	1.0000	0.3256	0.3256	-0.0000	1.1021
102.0000	50.0000	Respond Naturally	AlmondMilk	2.0000	1.0000	6.0000	4	-1.0000	1.7304	0.1009	-0.2376	1.0000	0.3531	0.0771	1.0000	0.1575	0.1575	-0.0000	0.4770
102.0000	51.0000	Focus on Health	IceCreamChocolate	6.0000	5.0000	3.0000	4	1.0000	1.1252	0.5202	-0.2412	0.0000	0.5202	0.1835	1.0000	0.1245	0.1390	-0.0145	0.2819
102.0000	52.0000	Focus on Health	BabyFoodCarrots	3.0000	3.0000	4.0000	3	1.0000	2.5029	0.2517	-0.1571	1.0000	1.7972	0.2476	-1.0000	0.8413	0.8413	-0.0000	1.4516
102.0000	53.0000	Focus on Health	Tempeh	2.0000	2.0000	1.0000	2	-1.0000	0.9244	0.2689	0.4310	0.0000	0.2689	0.1514	-1.0000	0.1276	0.1276	-0.0000	0.2576
102.0000	54.0000	Focus on Health	SpeltCakes	3.0000	2.0000	1.0000	5	-1.0000	5.1222	0.3026	0.3779	0.0000	0.3026	0.1887	-1.0000	0.0439	0.0439	-0.0000	0.3515
102.0000	55.0000	Focus on Health	MangoChunks	5.0000	5.0000	4.0000	5	1.0000	1.5459	0.3025	-0.3849	1.0000	0.6050	0.2302	-1.0000	0.4586	0.4586	-0.0000	1.0025
102.0000	56.0000	Focus on Health	Pringles	5.0000	3.0000	1.0000	5	-1.0000	1.3771	0.3361	-0.0413	1.0000	0.7395	0.2383	1.0000	0.3949	0.3949	-0.0000	0.8720
102.0000	57.0000	Focus on Health	Fritos	5.0000	3.0000	2.0000	5	-1.0000	1.2266	0.4367	0.2185	1.0000	0.7225	0.1978	1.0000	0.2692	0.2692	-0.0000	0.5057
102.0000	58.0000	Focus on Health	Skittles	5.0000	4.0000	3.0000	3	-1.0000	1.4953	0.4032	0.2665	0.0000	0.4032	0.1604	-1.0000	0.1775	0.1775	-0.0000	0.3816
102.0000	59.0000	Focus on Health	PopTartStrawberry	1.0000	3.0000	2.0000	2	-1.0000	0.9245	0.1850	0.3552	0.0000	0.1850	0.0942	-1.0000	0.1232	0.1232	-0.0000	0.2064
102.0000	60.0000	Focus on Health	Nutella	3.0000	1.0000	1.0000	4	-1.0000	0.8572	0.4202	0.8134	0.0000	0.4202	0.1604	-1.0000	0.0570	0.0575	-0.0005	0.1128
102.0000	61.0000	Focus on Health	PCChipCookie	4.0000	4.0000	3.0000	2	-1.0000	1.4283	0.6049	0.3363	0.0000	0.6049	0.1137	-1.0000	0.0926	0.0926	-0.0000	0.1733
102.0000	62.0000	Focus on Health	Beets	3.0000	3.0000	5.0000	5	-1.0000	0.9409	0.2858	0.5581	0.0000	0.2858	0.1786	-1.0000	0.1472	0.1472	-0.0000	0.2316
102.0000	63.0000	Focus on Health	RufflesSourCreamOnion	5.0000	4.0000	2.0000	5	-1.0000	0.7562	0.2857	0.5636	0.0000	0.2857	0.1576	-1.0000	0.1283	0.1283	-0.0000	0.2290
102.0000	64.0000	Focus on Health	RedPepper	4.0000	4.0000	4.0000	2	1.0000	1.3773	0.2857	-0.4061	1.0000	0.5042	0.3068	-1.0000	0.2427	0.2542	-0.0115	0.7607
102.0000	65.0000	Focus on Health	Onion	4.0000	4.0000	4.0000	2	1.0000	1.5794	0.1682	0.5231	0.0000	0.1682	0.1865	1.0000	0.0594	0.0594	-0.0000	0.1440
102.0000	66.0000	Focus on Health	CannedArtichoke	2.0000	2.0000	1.0000	5	-1.0000	1.2430	0.6049	-0.4180	0.0000	0.6049	0.2029	-1.0000	0.5079	0.5079	-0.0000	0.9548
102.0000	67.0000	Focus on Health	Cheetos	5.0000	4.0000	3.0000	3	-1.0000	1.0416	0.3696	-0.0000	0.0000	0.3696	0.1501	-1.0000	0.2564	0.2564	-0.0000	0.4308
102.0000	68.0000	Focus on Health	Broccoli	3.0000	4.0000	6.0000	4	-1.0000	2.5696	0.3193	0.2441	0.0000	0.3193	0.1500	-1.0000	0.1122	0.1122	-0.0000	0.4205
102.0000	69.0000	Focus on Health	SevenGrain	1.0000	2.0000	4.0000	1	1.0000	1.2767	0.3362	0.0000	1.0000	0.6722	0.1367	-1.0000	0.3157	0.3160	-0.0003	0.8217
102.0000	70.0000	Focus on Health	BrusselsSprouts	2.0000	2.0000	6.0000	4	-1.0000	1.5957	0.1848	-0.0557	1.0000	0.6723	0.2713	1.0000	0.3014	0.3106	-0.0092	0.9076
102.0000	71.0000	Respond Naturally	RiceKrispiesCereal	2.0000	1.0000	2.0000	7	-1.0000	1.1934	0.2521	0.1508	1.0000	0.5548	0.1691	1.0000	0.2316	0.2316	-0.0000	0.5089
102.0000	72.0000	Respond Naturally	Strawberries	5.0000	5.0000	3.0000	3	1.0000	2.0839	0.5881	0.0144	0.0000	0.5881	0.1161	1.0000	0.1127	0.1298	-0.0171	0.3645
102.0000	73.0000	Respond Naturally	Bananas	4.0000	3.0000	4.0000	2	1.0000	1.1258	0.5546	0.1225	0.0000	0.5546	0.1945	1.0000	0.1966	0.2315	-0.0349	0.4815
102.0000	74.0000	Respond Naturally	Asparagus	1.0000	3.0000	6.0000	6	-1.0000	1.6301	0.1681	-0.5822	1.0000	0.6890	0.1519	1.0000	0.4650	0.4650	-0.0000	0.9916
102.0000	75.0000	Respond Naturally	Smartfood	5.0000	4.0000	3.0000	4	1.0000	1.6462	0.3358	-0.1289	1.0000	0.5039	0.2037	-1.0000	-0.0327	0.0366	-0.0692	0.2961
102.0000	76.0000	Respond Naturally	Tuna	4.0000	4.0000	4.0000	2	1.0000	1.4285	0.4034	0.3897	1.0000	0.7395	0.2188	-1.0000	0.4635	0.4635	-0.0000	1.4531
102.0000	77.0000	Respond Naturally	Smartfood	4.0000	4.0000	4.0000	2	1.0000	1.3442	0.1342	0.2069	2.0000	0.7392	0.1276	1.0000	0.0930	0.0991	-0.0061	0.3578
102.0000	78.0000	Respond Naturally	DriedApricots	4.0000	3.0000	4.0000	2	-1.0000	1.4790	0.2185	-0.2195	1.0000	0.7732	0.3604	1.0000	0.5267	0.5464	-0.0197	1.1817
102.0000	79.0000	Respond Naturally	Triscuit	3.0000	3.0000	4.0000	2	1.0000	1.1597	0.3193	0.1940	0.0000	0.3193	0.1724	1.0000	0.1897	0.1897	-0.0000	0.3411
102.0000	80.0000	Respond Naturally	ClifBar	1.0000	3.0000	4.0000	4	-1.0000	2.0499	0.3026	-0.3962	1.0000	0.6051	0.1420	1.0000	0.3588	0.3779	-0.0191	0.7341
102.0000	81.0000	Respond Naturally	FrozenPeaches	6.0000	5.0000	4.0000	2	1.0000	1.2434	0.2686	-0.3642	0.0000	0.2686	0.1803	1.0000	0.2278	0.2278	-0.0000	0.6450
102.0000	82.0000	Respond Naturally	Mackerel	1.0000	1.0000	1.0000	3	-1.0000	1.3612	0.5379	-0.3895	2.0000	0.7732	0.4028	-1.0000	0.4642	0.4803	-0.0162	0.9219
102.0000	83.0000	Respond Naturally	FrozenBlueberries	3.0000	3.0000	2.0000	3	-1.0000	1.4451	0.3193	-0.3614	1.0000	0.6387	0.1619	1.0000	0.3863	0.3873	-0.0009	0.8363
102.0000	84.0000	Respond Naturally	FrozenPeas	4.0000	4.0000	4.0000	2	-1.0000	3.4955	0.2185	-0.2171	1.0000	1.4621	0.1507	1.0000	0.5599	0.5606	-0.0007	1.2551
102.0000	85.0000	Respond Naturally	Mackerel	1.0000	1.0000	2.0000	1	-1.0000	1.0419	0.2183	0.0188	1.0000	0.6553	0.2414	1.0000	0.2416	0.2421	-0.0006	0.4851
102.0000	86.0000	Respond Naturally	Avocado	4.0000	4.0000	4.0000	2	-1.0000	2.3854	0.6881	0.1352	1.0000	1.2930	0.2580	1.0000	0.5129	0.5129	-0.0000	1.2301
102.0000	87.0000	Respond Naturally	BrusselsSprouts	2.0000	3.0000	4.0000	2	-1.0000	1.1763	0.1679	0.1078	1.0000	0.7059	0.1905	1.0000	0.4526	0.4526	-0.0000	0.7790
102.0000	88.0000	Respond Naturally	GreenPepper	4.0000	4.0000	5.0000	6	1.0000	1.2267	0.2690	-0.1380	1.0000	0.6219	0.2780	-1.0000	0.3703	0.3887	-0.0183	0.9422
102.0000	89.0000	Respond Naturally	Caramilk	5.0000	5.0000	2.0000	5	1.0000	1.0920	0.4536	0.6010	0.0000	0.4536	0.1337	1.0000	0.0564	0.0564	-0.0000	0.1051
102.0000	90.0000	Respond Naturally	SlimStyles	2.0000	1.0000	4.0000	2	-1.0000	1.2098	0.2183	-0.5987	1.0000	0.6720	0.3206	1.0000	0.6634	0.6733	-0.0099	1.2349
102.0000	91.0000	Focus on Health	CornFlakes	2.0000	2.0000	3.0000	6	-1.0000	1.0588	0.2690	0.1609	0.0000	0.2690	0.1008	-1.0000	0.1552	0.1552	-0.0000	0.2829
102.0000	92.0000	Focus on Health	Mars	4.0000	4.0000	4.0000	2	-1.0000	1.1931	0.3696	-0.0457	2.0000	0.6386	0.2217	-1.0000	0.2357	0.2428	-0.0071	0.6647
102.0000	93.0000	Focus on Health	SkittlesSour	4.0000	5.0000	3.0000	3	-1.0000	0.8404	0.3194	0.5437	0.0000	0.3194	0.1968	-1.0000	0.1175	0.1175	-0.0000	0.1872
102.0000	94.0000	Focus on Health	AllBranBar	3.0000	4.0000	4.0000	1	1.0000	1.6975	0.2687	-0.3321	1.0000	1.0926	0.2116	-1.0000	0.8079	0.8079	-0.0000	1.2122
102.0000	95.0000	Focus on Health	Reese	6.0000	3.0000	1.0000	4	-1.0000	1.2934	0.3193	0.3439	0.0000	0.3193	0.1514	-1.0000	0.2375	0.2408	-0.0033	0.5800
102.0000	96.0000	Focus on Health	Avocado	3.0000	2.0000	3.0000	5	-1.0000	2.9727	0.6381	0.0474	2.0000	2.1666	0.2333	-1.0000	0.1059	0.1317	-0.0257	0.7732
102.0000	97.0000	Focus on Health	PCChipCookie	4.0000	4.0000	2.0000	5	-1.0000	0.9915	0.2521	0.3194	0.0000	0.2521	0.1851	-1.0000	0.1708	0.1708	-0.0000	0.3878
102.0000	98.0000	Focus on Health	Broccoli	4.0000	4.0000	4.0000	1	1.0000	1.2934	0.1850	-0.2565	1.0000	0.6888	0.1662	-1.0000	0.4433	0.4433	-0.0000	0.9495
102.0000	99.0000	Focus on Health	CheeseNips	1.0000	1.0000	1.0000	5	-1.0000	0.7898	0.4873	0.4630	0.0000	0.4873	0.2324	-1.0000	0.1605	0.1605	-0.0000	0.2288
102.0000	100.0000	Focus on Health	Bananas	4.0000	4.0000	6.0000	3	1.0000	1.8977	0.2353	-0.2509	1.0000	0.8740	0.1737	-1.0000	0.5104	0.5104	-0.0000	1.1975
102.0000	101.0000	Focus on Health	ClamJuice	1.0000	1.0000	5.0000	3	-1.0000	1.0073	0.3691	-0.1294	0.0000	0.3691	0.3096	-1.0000	0.1057	0.1931	-0.0874	-0.4765
102.0000	102.0000	Focus on Health	IceCreamVanilla	6.0000	5.0000	3.0000	4	-1.0000	1.1091	0.1009	0.0983	2.0000	0.7564	0.2725	-1.0000	0.2583	0.2585	-0.0002	0.4810
102.0000	103.0000	Focus on Health	Doritos	4.0000	4.0000	3.0000	2	-1.0000	0.8737	0.2687	0.6682	0.0000	0.2687	0.1247	-1.0000	0.0195	0.0227	-0.0033	0.0612
102.0000	104.0000	Focus on Health	LaysClassic	4.0000	3.0000	2.0000	4	-1.0000	0.8738	0.2184	0.5850	0.0000	0.2184	0.2812	-1.0000	0.0752	0.0752	-0.0000	0.1354
102.0000	105.0000	Focus on Health	Twizzlers	4.0000	3.0000	3.0000	2	-1.0000	0.7562	0.1849	0.6701	0.0000	0.1849	0.2018	-1.0000	0.0730	0.0730	-0.0000	0.1084
102.0000	106.0000	Focus on Health	BabyFoodSweetPotatos	2.0000	1.0000	4.0000	5	-1.0000	0.9748	0.1344	0.6681	0.0000	0.1344	0.2045	-1.0000	0.0791	0.0791	-0.0000	0.1647
102.0000	107.0000	Focus on Health	DriedHerring	1.0000	1.0000	1.0000	3	-1.0000	0.7732	0.3026	0.5425	0.0000	0.3026	0.1574	-1.0000	0.2298	0.2298	-0.0000	0.3733
102.0000	108.0000	Focus on Health	Orange	5.0000	5.0000	4.0000	1	1.0000	0.9413	0.1514	-0.2741	1.0000	0.5214	0.4523	-1.0000	0.4849	0.4998	-0.0149	1.0017
102.0000	109.0000	Focus on Health	FrootLoops	3.0000	1.0000	3.0000	2	-1.0000	1.0923	0.3026	-0.5076	1.0000	0.5715	0.3643	1.0000	0.5992	0.5992	-0.0000	1.1085
102.0000	110.0000	Focus on Health	SpeltCakes	2.0000	1.0000	1.0000	2	-1.0000	0.8573	0.2521	-0.0370	0.0000	0.2521	0.1382	-1.0000	0.3119	0.3119	-0.0000	0.6216
102.0000	111.0000	Respond Naturally	GreenBeans	3.0000	4.0000	4.0000	2	-1.0000	1.6133	0.4370	0.2423	0.0000	0.4370	0.2770	-1.0000	0.0278	0.0464	-0.0186	0.2909
102.0000	112.0000	Respond Naturally	MnMPlain	6.0000	3.0000	2.0000	5	-1.0000	1.0241	0.3694	0.3551	0.0000	0.3694	0.1571	-1.0000	0.1173	0.1173	-0.0000	0.2171
102.0000	113.0000	Respond Naturally	GreenBeans	2.0000	2.0000	5.0000	4	-1.0000	1.4776	0.3860	0.3702	0.0000	0.3860	0.0960	-1.0000	0.1062	0.1062	-0.0000	0.2527
102.0000	114.0000	Respond Naturally	Shreddies	2.0000	1.0000	2.0000	5	-1.0000	1.2434	0.2185	0.8151	1.0000	0.4875	0.2530	1.0000	0.0362	0.0848	-0.0486	0.3880
102.0000	115.0000	Respond Naturally	RitzCrackers	4.0000	3.0000	4.0000	2	1.0000	1.1925	0.3354	-0.2084	1.0000	0.6716	0.2472	-1.0000	0.3819	0.3819	-0.0000	0.9544
102.0000	116.0000	Respond Naturally	FrozenBlueberries	5.0000	4.0000	4.0000	1	1.0000	1.1755	0.5876	-1.2357	0.0000	0.5876	0.3691	1.0000	0.0764	0.0764	-0.0000	0.3529
102.0000	117.0000	Respond Naturally	VanillaGreekYogurt	4.0000	4.0000	4.0000	2	1.0000	0.7563	0.3193	0.6497	0.0000	0.3193	0.2510	1.0000	0.0480	0.0480	-0.0000	0.0874
102.0000	118.0000	Respond Naturally	CoffeeCrisp	5.0000	4.0000	3.0000	1	1.0000	1.7136	0.2017	0.4599	2.0000	0.7900	0.1486	1.0000	0.2676	0.2676	-0.0000	0.7715
102.0000	119.0000	Respond Naturally	CornFlakes	1.0000	2.0000	4.0000	3	-1.0000	3.0072	0.2186	-0.5876	1.0000	0.6383	0.1479	1.0000	0.5532	0.5676	-0.0144	1.1057
102.0000	120.0000	Respond Naturally	SkimMilk	4.0000	2.0000	6.0000	4	-1.0000	1.2431	0.6891	0.2692	0.0000	0.6891	0.2441	-1.0000	0.1953	0.1953	-0.0000	0.3168
102.0000	121.0000	Respond Naturally	Beets	3.0000	2.0000	4.0000	2	-1.0000	1.1090	0.4536	0.1990	0.0000	0.4536	0.1467	-1.0000	0.2272	0.2272	-0.0000	0.4880
102.0000	122.0000	Respond Naturally	IceCreamVanilla	5.0000	4.0000	3.0000	1	1.0000	1.3778	0.1177	-0.0678	1.0000	0.5547	0.2355	-1.0000	0.3500	0.3822	-0.0322	1.2304
102.0000	123.0000	Respond Naturally	OatBran	1.0000	2.0000	5.0000	4	-1.0000	1.0756	0.2857	-0.4402	1.0000	0.5210	0.3612	1.0000	0.3711	0.4087	-0.0377	0.8377
102.0000	124.0000	Respond Naturally	Twizzlers	4.0000	2.0000	3.0000	4	1.0000	2.8896	0.3026	0.3575	2.0000	2.2847	0.2492	1.0000	0.7710	0.7710	-0.0000	1.3715
102.0000	125.0000	Respond Naturally	VegetableThins	1.0000	1.0000	3.0000	5	-1.0000	0.9747	0.3529	-0.3237	0.0000	0.3529	0.2013	-1.0000	0.1066	0.1319	-0.0253	0.3403
102.0000	126.0000	Respond Naturally	SlicedTurkey	4.0000	4.0000	4.0000	2	-1.0000	1.0926	0.1513	0.3142	0.0000	0.1513	0.2046	-1.0000	0.1067	0.1067	-0.0000	0.2010
102.0000	127.0000	Respond Naturally	CoffeeCrisp	5.0000	5.0000	2.0000	3	1.0000	1.3447	0.1345	-0.3929	1.0000	0.6724	0.1952	-1.0000	0.4333	0.4333	-0.0000	1.1381
102.0000	128.0000	Respond Naturally	OatmealSquares	1.0000	2.0000	4.0000	3	-1.0000	3.5593	0.1345	0.3045	0.0000	0.1345	0.1841	-1.0000	0.0133	0.0276	-0.0142	0.2257
102.0000	129.0000	Respond Naturally	Almonds	5.0000	4.0000	5.0000	2	1.0000	1.3434	0.4193	-0.1281	1.0000	0.8060	0.2644	-1.0000	0.4486	0.4486	-0.0000	1.0016
102.0000	130.0000	Respond Naturally	RiceKrispiesCereal	4.0000	4.0000	4.0000	3	1.0000	1.3610	0.1682	0.4124	0.0000	0.1682	0.1897	1.0000	0.0517	0.0634	-0.0117	0.2989
102.0000	131.0000	Focus on Health	Spinach	3.0000	4.0000	5.0000	2	1.0000	2.8894	0.1845	-0.1631	2.0000	0.8565	0.2155	1.0000	0.1605	0.1607	-0.0001	0.8291
102.0000	132.0000	Focus on Health	YorkPeppermintPatties	4.0000	3.0000	3.0000	2	-1.0000	1.1595	0.4870	-0.2153	0.0000	0.4870	0.2238	-1.0000	0.2629	0.2818	-0.0189	0.6348
102.0000	133.0000	Focus on Health	ProMax	1.0000	3.0000	4.0000	2	-1.0000	0.7896	0.3356	0.4594	0.0000	0.3356	0.1646	-1.0000	0.1777	0.1777	-0.0000	0.2666
102.0000	134.0000	Focus on Health	Cheerios	1.0000	2.0000	2.0000	5	-1.0000	1.0413	0.1176	-0.0000	1.0000	0.6216	0.2458	1.0000	0.4170	0.4170	-0.0000	0.8742
102.0000	135.0000	Focus on Health	ProMax	1.0000	2.0000	4.0000	4	-1.0000	0.9410	0.4874	0.0655	0.0000	0.4874	0.3191	-1.0000	0.3990	0.3990	-0.0000	0.6279
102.0000	136.0000	Focus on Health	OikosYogurt	3.0000	4.0000	5.0000	3	1.0000	1.0925	0.1175	-0.1907	1.0000	0.5713	0.3413	-1.0000	0.4661	0.4697	-0.0035	1.0191
102.0000	137.0000	Focus on Health	RitzCrackers	3.0000	3.0000	2.0000	5	-1.0000	1.6964	0.3026	-0.2895	1.0000	0.5715	0.2528	1.0000	0.3440	0.3440	-0.0000	1.0975
102.0000	138.0000	Focus on Health	Orange	6.0000	5.0000	6.0000	5	1.0000	0.9405	0.3023	0.1879	0.0000	0.3023	0.1616	1.0000	0.1928	0.1928	-0.0000	0.3767
102.0000	139.0000	Focus on Health	RaisinBran	3.0000	1.0000	1.0000	7	-1.0000	0.8907	0.2186	0.1191	1.0000	0.6050	0.2197	1.0000	0.5194	0.5194	-0.0000	0.8201
102.0000	140.0000	Focus on Health	GreenApple	5.0000	5.0000	6.0000	4	1.0000	0.8733	0.4868	0.0943	0.0000	0.4868	0.2434	1.0000	0.2525	0.2525	-0.0000	0.3811
102.0000	141.0000	Respond Naturally	Strawberries	6.0000	6.0000	4.0000	2	1.0000	1.0753	0.4705	-0.3262	0.0000	0.4705	0.2546	1.0000	0.1759	0.1868	-0.0110	0.4793
102.0000	142.0000	Respond Naturally	MnMPlain	6.0000	4.0000	3.0000	3	1.0000	1.9495	0.2689	0.4358	2.0000	1.2269	0.2572	1.0000	0.1296	0.1494	-0.0197	0.5428
102.0000	143.0000	Respond Naturally	GreenGrapes	4.0000	6.0000	5.0000	4	1.0000	0.7564	0.1009	0.7740	0.0000	0.1009	0.2303	1.0000	-0.0589	0.0006	-0.0595	-0.1256
102.0000	144.0000	Respond Naturally	Tempeh	1.0000	1.0000	1.0000	4	-1.0000	1.1261	0.4202	-0.5528	0.0000	0.4202	0.2071	-1.0000	0.6517	0.6517	-0.0000	1.2556
102.0000	145.0000	Respond Naturally	MnMPeanuts	5.0000	4.0000	3.0000	2	1.0000	0.9413	0.3026	0.3789	0.0000	0.3026	0.1578	1.0000	0.0946	0.0949	-0.0003	0.1708
102.0000	146.0000	Respond Naturally	Cauliflower	4.0000	3.0000	5.0000	2	1.0000	0.9236	0.2521	0.3403	2.0000	0.6555	0.2048	1.0000	0.1677	0.1677	-0.0000	0.3039
102.0000	147.0000	Respond Naturally	Nutella	4.0000	5.0000	4.0000	1	1.0000	1.0756	0.3194	0.5216	0.0000	0.3194	0.1093	1.0000	0.0531	0.0531	-0.0000	0.0981
102.0000	148.0000	Respond Naturally	Snickers	6.0000	4.0000	2.0000	2	1.0000	0.8234	0.1511	0.6304	0.0000	0.1511	0.1667	1.0000	0.0695	0.0695	-0.0000	0.1208
102.0000	149.0000	Respond Naturally	Aero	6.0000	4.0000	2.0000	3	1.0000	0.7227	0.2020	0.7221	0.0000	0.2020	0.1431	1.0000	0.0589	0.0589	-0.0000	0.1248
102.0000	150.0000	Respond Naturally	OatmealSquares	2.0000	2.0000	3.0000	7	-1.0000	1.1594	0.6215	-0.4664	0.0000	0.6215	0.2032	-1.0000	0.5626	0.5626	-0.0000	1.0039
102.0000	151.0000	Focus on Health	IceCreamChocolate	6.0000	4.0000	3.0000	1	-1.0000	1.5627	0.2690	-0.3317	2.0000	0.8237	0.4044	-1.0000	0.4129	0.4529	-0.0400	1.1027
102.0000	152.0000	Focus on Health	Prunes	3.0000	1.0000	4.0000	2	-1.0000	1.0254	0.2018	-0.2207	2.0000	0.7901	0.2038	-1.0000	0.4008	0.4008	-0.0000	0.6497
102.0000	153.0000	Focus on Health	FrozenBroccoli	4.0000	4.0000	5.0000	6	-1.0000	1.4787	0.1175	0.1582	2.0000	0.7392	0.1850	-1.0000	0.1062	0.1112	-0.0050	0.3202
102.0000	154.0000	Focus on Health	Spinach	3.0000	3.0000	6.0000	4	-1.0000	1.2932	0.2184	0.5542	0.0000	0.2184	0.2684	-1.0000	0.0859	0.0859	-0.0000	0.2606
102.0000	155.0000	Focus on Health	Tuna	4.0000	2.0000	2.0000	4	-1.0000	1.4280	0.5716	-0.1761	0.0000	0.5716	0.1265	-1.0000	0.1701	0.1789	-0.0088	0.5273
102.0000	156.0000	Focus on Health	NatureValleyChocolate	3.0000	4.0000	4.0000	4	-1.0000	2.4694	0.1514	0.0036	2.0000	1.1603	0.2944	-1.0000	0.5899	0.5899	-0.0000	1.4083
102.0000	157.0000	Focus on Health	SkittlesSour	5.0000	4.0000	2.0000	6	-1.0000	0.9246	0.2186	-0.0659	1.0000	0.5548	0.2234	1.0000	0.3950	0.3950	-0.0000	0.6818
102.0000	158.0000	Focus on Health	Almonds	5.0000	4.0000	4.0000	4	-1.0000	1.5461	0.1009	0.1723	2.0000	0.7899	0.3178	-1.0000	0.3283	0.3394	-0.0111	1.3162
102.0000	159.0000	Focus on Health	CannedArtichoke	2.0000	1.0000	2.0000	2	-1.0000	1.2434	0.2689	0.3396	0.0000	0.2689	0.1415	-1.0000	0.1441	0.1441	-0.0000	0.3353
102.0000	160.0000	Focus on Health	TofuDessert	2.0000	1.0000	3.0000	2	-1.0000	1.3276	0.3530	0.0581	2.0000	1.0084	0.3471	-1.0000	0.2802	0.2802	-0.0000	0.7236
102.0000	161.0000	Respond Naturally	ClamJuice	2.0000	1.0000	4.0000	1	-1.0000	2.5700	0.6218	0.2669	0.0000	0.6218	0.1703	-1.0000	0.0588	0.0668	-0.0080	0.2404
102.0000	162.0000	Respond Naturally	MangoChunks	5.0000	5.0000	4.0000	2	1.0000	0.8236	0.1008	-0.0456	0.0000	0.1008	0.1012	1.0000	0.1449	0.1449	-0.0000	0.2744
102.0000	163.0000	Respond Naturally	WelchsFruitSnacks	1.0000	1.0000	1.0000	1	-1.0000	1.4615	0.5037	-0.3278	0.0000	0.5037	0.2891	-1.0000	0.2422	0.2873	-0.0450	0.7974
102.0000	164.0000	Respond Naturally	Cheerios	2.0000	3.0000	4.0000	2	-1.0000	1.1928	0.5542	-0.0757	0.0000	0.5542	0.1958	-1.0000	0.5036	0.5036	-0.0000	0.7263
102.0000	165.0000	Respond Naturally	Pringles	4.0000	4.0000	3.0000	2	1.0000	1.1930	0.3192	-0.0107	1.0000	0.7226	0.3426	-1.0000	0.4691	0.4691	-0.0000	1.0440
102.0000	166.0000	Respond Naturally	AppleChips	1.0000	1.0000	4.0000	5	-1.0000	1.0248	0.4705	-0.4672	0.0000	0.4705	0.3625	-1.0000	0.3995	0.4052	-0.0057	0.8096
102.0000	167.0000	Respond Naturally	HoneyNutCheerios	4.0000	3.0000	4.0000	2	-1.0000	1.0243	0.6884	0.0686	0.0000	0.6884	0.1997	-1.0000	0.2405	0.2405	-0.0001	0.3296
102.0000	168.0000	Respond Naturally	Starburst	1.0000	4.0000	3.0000	3	-1.0000	0.8234	0.4369	0.3353	0.0000	0.4369	0.2042	-1.0000	0.1567	0.1567	-0.0000	0.2237
102.0000	169.0000	Respond Naturally	Mentos	4.0000	2.0000	3.0000	5	-1.0000	1.0749	0.1178	0.4935	0.0000	0.1178	0.3059	-1.0000	0.1444	0.1444	-0.0000	0.2757
102.0000	170.0000	Respond Naturally	Asparagus	2.0000	4.0000	5.0000	3	1.0000	1.6298	0.1007	-0.3176	1.0000	0.8065	0.2255	-1.0000	0.7700	0.7700	-0.0000	1.3807
102.0000	171.0000	Focus on Health	SunChips	3.0000	3.0000	3.0000	2	-1.0000	1.2436	0.2857	0.2511	0.0000	0.2857	0.1927	-1.0000	0.0956	0.1037	-0.0081	0.4304
102.0000	172.0000	Focus on Health	BBQCrisps	1.0000	1.0000	1.0000	6	-1.0000	0.6049	0.1008	0.1963	0.0000	0.1008	0.3899	-1.0000	0.1562	0.1574	-0.0012	0.5751
102.0000	173.0000	Focus on Health	AppleChips	2.0000	3.0000	4.0000	2	-1.0000	0.8232	0.2350	0.3983	0.0000	0.2350	0.2914	-1.0000	0.0855	0.0855	-0.0000	0.3094
102.0000	174.0000	Focus on Health	Aero	4.0000	4.0000	4.0000	1	-1.0000	1.1085	0.1513	0.5542	0.0000	0.1513	0.3319	-1.0000	0.0850	0.0850	-0.0000	0.1553
102.0000	175.0000	Focus on Health	DriedApricots	2.0000	3.0000	4.0000	5	-1.0000	1.3608	0.1847	0.6413	0.0000	0.1847	0.1530	-1.0000	0.0382	0.0402	-0.0020	0.1975
102.0000	176.0000	Focus on Health	FrozenOkra	4.0000	4.0000	5.0000	5	-1.0000	1.1089	0.1177	0.6678	0.0000	0.1177	0.1396	-1.0000	-0.0403	0.0002	-0.0405	-0.1237
102.0000	177.0000	Focus on Health	GreenGrapes	5.0000	5.0000	4.0000	1	1.0000	1.4120	0.1849	-0.5872	1.0000	0.5043	0.2723	-1.0000	0.3182	0.3350	-0.0168	1.0376
102.0000	178.0000	Focus on Health	AllBranBar	1.0000	4.0000	4.0000	3	1.0000	4.2346	0.2352	0.1911	2.0000	2.1842	0.1607	1.0000	0.3882	0.3991	-0.0109	1.1856
102.0000	179.0000	Focus on Health	NatureValleyChocolate	4.0000	4.0000	4.0000	1	1.0000	1.1762	0.2856	0.2220	0.0000	0.2856	0.1779	1.0000	0.0892	0.1171	-0.0279	0.2708
102.0000	180.0000	Focus on Health	RaisinBran	3.0000	4.0000	4.0000	3	-1.0000	1.0924	0.5712	-0.2404	0.0000	0.5712	0.2889	-1.0000	0.5862	0.6232	-0.0369	1.1316
102.0000	181.0000	Respond Naturally	FrozenCorn	4.0000	2.0000	2.0000	4	-1.0000	1.4449	0.3359	-0.0684	0.0000	0.3359	0.0685	-1.0000	0.1876	0.1876	-0.0000	0.4125
102.0000	182.0000	Respond Naturally	SkimMilk	4.0000	3.0000	4.0000	1	-1.0000	1.0083	0.2183	0.3471	0.0000	0.2183	0.0687	-1.0000	0.1307	0.1307	-0.0000	0.2288
102.0000	183.0000	Respond Naturally	Celery	1.0000	1.0000	4.0000	4	-1.0000	3.1911	0.2521	0.4217	0.0000	0.2521	0.1018	-1.0000	0.0919	0.0919	-0.0000	0.1895
102.0000	184.0000	Respond Naturally	AllBranCereal	3.0000	2.0000	3.0000	6	-1.0000	0.8904	0.2353	0.5043	0.0000	0.2353	0.1271	-1.0000	0.0146	0.0192	-0.0046	0.0898
102.0000	185.0000	Respond Naturally	GreenPepper	4.0000	4.0000	4.0000	2	1.0000	1.1927	0.4530	-0.6221	0.0000	0.4530	0.3841	1.0000	0.6381	0.6381	-0.0000	1.0876
102.0000	186.0000	Respond Naturally	Prunes	1.0000	1.0000	4.0000	5	-1.0000	1.0083	0.1513	-0.6997	1.0000	0.4202	0.2733	1.0000	0.4726	0.4726	-0.0000	1.0221
102.0000	187.0000	Respond Naturally	Mentos	6.0000	4.0000	3.0000	2	1.0000	0.8235	0.1849	0.3461	0.0000	0.1849	0.2048	1.0000	0.1800	0.1800	-0.0000	0.3938
102.0000	188.0000	Respond Naturally	SlimStyles	1.0000	1.0000	4.0000	6	-1.0000	0.9917	0.4202	-0.3359	0.0000	0.4202	0.5207	-1.0000	0.5957	0.6610	-0.0653	1.4636
102.0000	189.0000	Respond Naturally	FrozenPeaches	6.0000	6.0000	6.0000	5	1.0000	0.9907	0.2016	0.0326	0.0000	0.2016	0.2164	1.0000	0.2599	0.2609	-0.0010	0.4725
102.0000	190.0000	Respond Naturally	Celery	2.0000	1.0000	4.0000	2	-1.0000	1.0750	0.1845	-0.3574	1.0000	0.4366	0.3525	1.0000	0.5581	0.6154	-0.0574	1.2351
102.0000	191.0000	Focus on Health	Raspberries	4.0000	3.0000	4.0000	4	-1.0000	1.0589	0.3194	1.5708	1.0000	0.5715	0.1861	1.0000	0.2838	0.2911	-0.0074	1.0193
102.0000	192.0000	Focus on Health	BBQCrisps	2.0000	1.0000	3.0000	2	-1.0000	2.0324	0.2017	0.2456	0.0000	0.2017	0.1142	-1.0000	0.0701	0.0701	-0.0000	0.2933
102.0000	193.0000	Focus on Health	RomaineLettuce	4.0000	1.0000	5.0000	4	1.0000	1.3609	0.2352	-0.2122	1.0000	0.6386	0.2953	-1.0000	0.4736	0.5191	-0.0455	1.3656
102.0000	194.0000	Focus on Health	TofuDessert	1.0000	1.0000	1.0000	4	-1.0000	1.0252	0.1175	0.5922	0.0000	0.1175	0.1077	-1.0000	0.1194	0.1323	-0.0129	0.2984
102.0000	195.0000	Focus on Health	Butternut	1.0000	2.0000	4.0000	3	-1.0000	1.1091	0.1344	0.3029	0.0000	0.1344	0.1280	-1.0000	0.1388	0.1389	-0.0001	0.2489
102.0000	196.0000	Focus on Health	DriedHerring	1.0000	1.0000	1.0000	1	-1.0000	1.0923	0.1510	0.2377	0.0000	0.1510	0.1096	-1.0000	0.1876	0.1876	-0.0000	0.3139
102.0000	197.0000	Focus on Health	FrozenCorn	5.0000	4.0000	5.0000	2	1.0000	4.1989	0.2856	-0.4575	1.0000	3.4092	0.5231	-1.0000	0.9186	0.9212	-0.0025	1.1896
102.0000	198.0000	Focus on Health	Smarties	4.0000	2.0000	2.0000	2	1.0000	2.9735	0.3698	-0.5625	1.0000	2.3853	0.2255	-1.0000	0.8277	0.8277	-0.0000	1.1302
102.0000	199.0000	Focus on Health	SevenGrain	1.0000	3.0000	4.0000	3	-1.0000	1.0915	0.4870	-0.2147	0.0000	0.4870	0.2691	-1.0000	0.4609	0.4997	-0.0388	1.0999
102.0000	200.0000	Focus on Health	KashiBars	3.0000	4.0000	4.0000	1	1.0000	1.4777	0.4534	0.0123	0.0000	0.4534	0.1431	1.0000	0.2117	0.2117	-0.0000	0.5099
