Subject	Trial	Instruction	Food	Liking	Taste	Health	Amount	Choice	ChoiceRT	FirstDevTimeChoice	InitAngleChoice	NumChangeMindChoice	FinalDevTimeChoice	MaxVelocityChoice	DrxFirstDevChoice	TotalAUCChoice	AUCtoNonChosenChoice	AUCtoChosenChoice	MaxDevChoice
60.0000	1.0000	Respond Naturally	BabyFoodSweetPotatos	2.0000	4.0000	3.0000	2	-1.0000	1.5284	0.8733	-0.0416	0.0000	0.8733	0.2462	-1.0000	0.2521	0.2717	-0.0196	0.4584
60.0000	2.0000	Respond Naturally	FrozenPeas	5.0000	6.0000	5.0000	6	-1.0000	2.2002	0.6213	-0.2132	1.0000	0.8903	0.3730	1.0000	0.2242	0.2243	-0.0000	1.3482
60.0000	3.0000	Respond Naturally	Asparagus	5.0000	2.0000	6.0000	6	-1.0000	2.2001	0.6548	-0.1970	1.0000	0.8733	0.4456	1.0000	0.5884	0.6098	-0.0214	1.5521
60.0000	4.0000	Respond Naturally	MnMPlain	4.0000	3.0000	3.0000	3	1.0000	1.1418	0.4700	0.3378	0.0000	0.4700	0.2189	1.0000	0.0314	0.0377	-0.0063	0.1499
60.0000	5.0000	Respond Naturally	Prunes	4.0000	3.0000	5.0000	2	-1.0000	2.4185	0.6042	-0.2442	1.0000	0.8227	0.2685	1.0000	0.4833	0.5089	-0.0256	1.4474
60.0000	6.0000	Respond Naturally	FrozenPeaches	6.0000	3.0000	6.0000	2	1.0000	1.1413	0.5028	0.1106	0.0000	0.5028	0.2851	1.0000	-0.0063	0.0384	-0.0448	-0.2307
60.0000	7.0000	Respond Naturally	OatBran	3.0000	4.0000	4.0000	4	-1.0000	1.0576	0.4868	-0.1853	0.0000	0.4868	0.2435	-1.0000	0.0678	0.0678	-0.0000	0.1188
60.0000	8.0000	Respond Naturally	Cheerios	5.0000	3.0000	4.0000	5	1.0000	1.2593	0.4362	0.2456	1.0000	0.7723	0.5044	-1.0000	0.4819	0.4819	-0.0000	1.7207
60.0000	9.0000	Respond Naturally	AppleChips	2.0000	3.0000	4.0000	5	-1.0000	1.4273	0.3689	-0.0185	1.0000	0.6881	0.3029	1.0000	0.3290	0.3439	-0.0149	1.1864
60.0000	10.0000	Respond Naturally	WelchsFruitSnacks	4.0000	3.0000	3.0000	1	-1.0000	1.4443	0.7052	-0.3340	0.0000	0.7052	0.1415	-1.0000	0.2019	0.2019	-0.0000	0.6128
60.0000	11.0000	Focus on Health	Spinach	4.0000	3.0000	5.0000	4	1.0000	1.5792	0.4030	0.1461	0.0000	0.4030	0.1951	1.0000	0.1009	0.1009	-0.0000	0.2142
60.0000	12.0000	Focus on Health	Celery	3.0000	3.0000	6.0000	4	1.0000	0.9066	0.3526	0.1576	0.0000	0.3526	0.2289	1.0000	-0.0069	0.0306	-0.0375	-0.1916
60.0000	13.0000	Focus on Health	Smarties	4.0000	6.0000	3.0000	2	-1.0000	1.0586	0.4369	-0.0948	0.0000	0.4369	0.1421	-1.0000	0.1500	0.1501	-0.0000	0.5654
60.0000	14.0000	Focus on Health	FrozenBroccoli	3.0000	2.0000	6.0000	2	1.0000	1.1259	0.4706	0.0921	1.0000	0.6387	0.2891	-1.0000	0.2653	0.2653	-0.0000	1.1656
60.0000	15.0000	Focus on Health	Mackerel	6.0000	6.0000	5.0000	3	1.0000	1.2256	0.4530	0.1939	2.0000	0.9401	0.2051	1.0000	0.0985	0.0986	-0.0000	0.2241
60.0000	16.0000	Focus on Health	MangoChunks	1.0000	2.0000	6.0000	2	1.0000	1.1587	0.5878	0.0000	0.0000	0.5878	0.2976	1.0000	0.0966	0.1075	-0.0110	0.4715
60.0000	17.0000	Focus on Health	RaisinBran	4.0000	3.0000	3.0000	3	1.0000	1.3272	0.4869	0.3244	2.0000	0.8398	0.1951	1.0000	0.1055	0.1180	-0.0126	0.4106
60.0000	18.0000	Focus on Health	OatmealSquares	4.0000	4.0000	4.0000	3	-1.0000	1.6451	0.4020	-0.2366	1.0000	0.6707	0.3053	1.0000	0.3847	0.4158	-0.0312	1.3863
60.0000	19.0000	Focus on Health	SlimStyles	4.0000	5.0000	4.0000	2	-1.0000	1.4449	0.5881	-0.3619	1.0000	0.7728	0.3713	1.0000	0.3181	0.3324	-0.0144	1.3978
60.0000	20.0000	Focus on Health	CoffeeCrisp	3.0000	5.0000	2.0000	1	-1.0000	1.0920	0.4366	-0.0696	0.0000	0.4366	0.2429	-1.0000	0.1279	0.1279	-0.0000	0.4165
60.0000	21.0000	Respond Naturally	WaterChestnuts	4.0000	3.0000	3.0000	5	-1.0000	1.3606	0.7221	-0.2233	0.0000	0.7221	0.1458	-1.0000	0.1278	0.1278	-0.0000	0.3130
60.0000	22.0000	Respond Naturally	Doritos	5.0000	4.0000	4.0000	5	1.0000	0.9743	0.4869	0.0000	0.0000	0.4869	0.2587	1.0000	0.0451	0.0509	-0.0058	0.1220
60.0000	23.0000	Respond Naturally	FrozenPeaches	6.0000	6.0000	6.0000	5	1.0000	0.9405	0.2353	0.2779	0.0000	0.2353	0.2405	1.0000	0.0165	0.0642	-0.0476	-0.1940
60.0000	24.0000	Respond Naturally	IceCreamChocolate	6.0000	5.0000	2.0000	4	-1.0000	1.1423	0.4366	-0.7465	0.0000	0.4366	0.1626	-1.0000	0.3407	0.3476	-0.0069	0.6707
60.0000	25.0000	Respond Naturally	Aero	3.0000	5.0000	3.0000	1	-1.0000	1.3608	0.6217	-0.2396	0.0000	0.6217	0.2642	-1.0000	0.1175	0.1434	-0.0259	0.5347
60.0000	26.0000	Respond Naturally	Tuna	6.0000	6.0000	4.0000	4	1.0000	0.7896	0.3191	0.0946	0.0000	0.3191	0.2030	1.0000	0.0839	0.0926	-0.0088	0.2097
60.0000	27.0000	Respond Naturally	BabyFoodSweetPotatos	3.0000	3.0000	4.0000	5	-1.0000	1.0578	0.3692	-0.1369	0.0000	0.3692	0.1797	-1.0000	0.1159	0.1159	-0.0000	0.3348
60.0000	28.0000	Respond Naturally	GreenApple	6.0000	6.0000	6.0000	2	1.0000	0.8564	0.3525	0.1230	0.0000	0.3525	0.2925	1.0000	0.0758	0.0917	-0.0159	0.1922
60.0000	29.0000	Respond Naturally	PCChipCookie	4.0000	6.0000	2.0000	5	1.0000	1.2595	0.5378	0.4183	0.0000	0.5378	0.2122	1.0000	0.0223	0.0724	-0.0501	0.2360
60.0000	30.0000	Respond Naturally	SkimMilk	3.0000	6.0000	5.0000	4	1.0000	1.4440	0.5704	0.5258	0.0000	0.5704	0.1264	1.0000	0.1375	0.1376	-0.0001	0.3856
60.0000	31.0000	Focus on Health	Snickers	3.0000	6.0000	2.0000	3	-1.0000	1.2930	0.2183	-0.3749	1.0000	0.4368	0.2594	1.0000	0.1201	0.1598	-0.0397	0.8949
60.0000	32.0000	Focus on Health	OatmealSquares	4.0000	4.0000	3.0000	7	1.0000	1.3104	0.5377	-0.0605	0.0000	0.5377	0.2569	1.0000	0.1505	0.1580	-0.0075	0.5958
60.0000	33.0000	Focus on Health	Shreddies	4.0000	5.0000	4.0000	5	1.0000	1.5291	0.2351	0.0240	1.0000	0.6385	0.3572	-1.0000	0.3985	0.4412	-0.0427	1.2437
60.0000	34.0000	Focus on Health	Strawberries	6.0000	6.0000	5.0000	2	1.0000	1.1419	0.5034	0.0378	0.0000	0.5034	0.2436	1.0000	0.0547	0.0825	-0.0277	0.3317
60.0000	35.0000	Focus on Health	Aero	4.0000	5.0000	3.0000	3	-1.0000	1.0079	0.4535	-0.1276	0.0000	0.4535	0.3043	-1.0000	0.2118	0.2360	-0.0242	0.7021
60.0000	36.0000	Focus on Health	MnMPlain	4.0000	6.0000	3.0000	5	-1.0000	1.3945	0.3866	-0.3042	1.0000	0.5713	0.2514	1.0000	0.4395	0.4395	-0.0000	1.3635
60.0000	37.0000	Focus on Health	Mackerel	6.0000	6.0000	5.0000	1	1.0000	1.0406	0.5035	0.1049	0.0000	0.5035	0.1987	1.0000	0.1419	0.1419	-0.0000	0.4328
60.0000	38.0000	Focus on Health	Bananas	6.0000	6.0000	6.0000	3	1.0000	0.8404	0.4706	0.2755	0.0000	0.4706	0.1161	1.0000	0.0966	0.1008	-0.0041	0.2329
60.0000	39.0000	Focus on Health	Smartfood	6.0000	4.0000	3.0000	4	-1.0000	1.0076	0.1681	-0.3861	1.0000	0.3194	0.2237	1.0000	0.3449	0.3449	-0.0000	0.9539
60.0000	40.0000	Focus on Health	PureFit	3.0000	4.0000	3.0000	2	-1.0000	1.0588	0.4707	-0.1284	0.0000	0.4707	0.1892	-1.0000	0.2361	0.2361	-0.0000	0.7127
60.0000	41.0000	Focus on Health	Caramilk	4.0000	5.0000	3.0000	5	-1.0000	1.1589	0.6044	-0.0121	0.0000	0.6044	0.1771	-1.0000	0.1219	0.1219	-0.0000	0.3136
60.0000	42.0000	Focus on Health	GreenApple	6.0000	6.0000	6.0000	4	1.0000	0.9736	0.3023	0.1996	1.0000	0.4701	0.3794	-1.0000	0.1034	0.1270	-0.0235	0.5771
60.0000	43.0000	Focus on Health	GreenGrapes	4.0000	6.0000	4.0000	1	1.0000	1.2432	0.3025	0.4234	1.0000	0.6719	0.3526	-1.0000	0.5340	0.5340	-0.0000	1.5941
60.0000	44.0000	Focus on Health	Tempeh	3.0000	3.0000	3.0000	4	-1.0000	1.1086	0.4533	-0.0916	0.0000	0.4533	0.2681	-1.0000	-0.0145	0.0437	-0.0583	-0.2824
60.0000	45.0000	Focus on Health	Cauliflower	3.0000	3.0000	4.0000	2	1.0000	2.1158	0.5876	0.2030	1.0000	0.8397	0.3994	-1.0000	0.7092	0.7382	-0.0289	1.5745
60.0000	46.0000	Focus on Health	Nutella	6.0000	6.0000	2.0000	4	-1.0000	0.9909	0.3862	-0.2674	0.0000	0.3862	0.2222	-1.0000	0.1292	0.1687	-0.0395	0.4843
60.0000	47.0000	Focus on Health	EnglishCucumber	5.0000	5.0000	4.0000	2	1.0000	1.2096	0.5039	-0.0706	0.0000	0.5039	0.3727	1.0000	0.1015	0.1085	-0.0070	0.2470
60.0000	48.0000	Focus on Health	IceCreamChocolate	5.0000	5.0000	4.0000	1	-1.0000	1.0913	0.4028	0.0396	0.0000	0.4028	0.1689	-1.0000	0.1424	0.1424	-0.0000	0.3065
60.0000	49.0000	Focus on Health	SlicedTurkey	4.0000	6.0000	4.0000	5	1.0000	1.1077	0.5369	-0.0497	1.0000	0.6710	0.1817	-1.0000	0.1804	0.1804	-0.0000	0.4670
60.0000	50.0000	Focus on Health	BBQCrisps	4.0000	6.0000	4.0000	2	-1.0000	1.6454	0.5036	-0.3696	0.0000	0.5036	0.1821	-1.0000	0.1465	0.1507	-0.0042	0.4410
60.0000	51.0000	Respond Naturally	SkimMilk	3.0000	3.0000	4.0000	1	-1.0000	1.3271	0.6887	-0.4593	0.0000	0.6887	0.1978	-1.0000	0.3170	0.3171	-0.0002	0.8571
60.0000	52.0000	Respond Naturally	Smarties	4.0000	6.0000	2.0000	5	1.0000	1.0571	0.3354	0.0731	0.0000	0.3354	0.1504	1.0000	0.1154	0.1154	-0.0000	0.2469
60.0000	53.0000	Respond Naturally	AppleChips	4.0000	4.0000	4.0000	2	-1.0000	1.2081	0.4865	0.0439	0.0000	0.4865	0.3948	-1.0000	0.1178	0.1178	-0.0000	0.4408
60.0000	54.0000	Respond Naturally	RitzCrackers	3.0000	6.0000	4.0000	2	1.0000	1.5622	0.3024	0.1936	1.0000	0.6217	0.4108	-1.0000	0.4695	0.5133	-0.0438	1.4445
60.0000	55.0000	Respond Naturally	Raspberries	5.0000	6.0000	6.0000	4	1.0000	0.8902	0.3190	0.0155	0.0000	0.3190	0.1963	1.0000	0.1310	0.1310	-0.0000	0.1827
60.0000	56.0000	Respond Naturally	KashiBars	3.0000	2.0000	3.0000	1	1.0000	1.6286	0.2016	0.0000	2.0000	0.6216	0.3401	1.0000	0.7294	0.7294	-0.0000	1.8731
60.0000	57.0000	Respond Naturally	PopTartStrawberry	6.0000	5.0000	3.0000	2	1.0000	1.1422	0.1510	0.4738	2.0000	0.7389	0.1261	1.0000	0.0745	0.0760	-0.0015	0.2653
60.0000	58.0000	Respond Naturally	RaisinBran	4.0000	6.0000	4.0000	7	1.0000	1.5285	0.3528	0.2906	1.0000	0.5710	0.4605	-1.0000	0.5984	0.6190	-0.0206	1.4628
60.0000	59.0000	Respond Naturally	BabyFoodCarrots	2.0000	3.0000	3.0000	3	-1.0000	1.0238	0.3523	-0.3474	0.0000	0.3523	0.2480	-1.0000	0.1372	0.1571	-0.0199	0.4377
60.0000	60.0000	Respond Naturally	ClifBar	5.0000	4.0000	3.0000	4	-1.0000	1.4111	0.6215	0.0838	1.0000	0.8736	0.4945	1.0000	0.5823	0.5825	-0.0001	1.5420
60.0000	61.0000	Respond Naturally	Butternut	4.0000	5.0000	4.0000	3	-1.0000	2.0836	0.7563	NA	1.0000	0.9579	0.3059	1.0000	0.3337	0.3584	-0.0247	1.3666
60.0000	62.0000	Respond Naturally	FrozenCorn	5.0000	5.0000	5.0000	2	1.0000	1.0587	0.3361	0.1142	1.0000	0.5210	0.2084	-1.0000	0.2695	0.2723	-0.0027	0.9871
60.0000	63.0000	Respond Naturally	Almonds	3.0000	3.0000	4.0000	2	1.0000	1.4451	0.2355	0.0946	1.0000	0.9245	0.4775	-1.0000	0.5964	0.6133	-0.0169	1.3404
60.0000	64.0000	Respond Naturally	Cheerios	4.0000	6.0000	4.0000	2	1.0000	1.2933	0.2012	0.2067	1.0000	0.7724	0.3907	-1.0000	0.4401	0.4692	-0.0291	1.4113
60.0000	65.0000	Respond Naturally	Twizzlers	4.0000	4.0000	2.0000	4	1.0000	1.4116	0.4537	0.3487	1.0000	0.8571	0.3469	-1.0000	0.5259	0.5259	-0.0000	1.5013
60.0000	66.0000	Respond Naturally	Skittles	4.0000	6.0000	3.0000	3	1.0000	1.0412	0.3529	0.4042	1.0000	0.6050	0.4328	-1.0000	0.3694	0.3694	-0.0000	1.1442
60.0000	67.0000	Respond Naturally	OikosYogurt	5.0000	6.0000	5.0000	6	1.0000	1.1253	0.1513	0.1809	1.0000	0.5208	0.3345	-1.0000	0.5245	0.5245	-0.0000	1.6030
60.0000	68.0000	Respond Naturally	KashiBars	4.0000	3.0000	4.0000	4	1.0000	1.5617	0.3697	0.0470	1.0000	0.7899	0.2559	-1.0000	0.6715	0.6715	-0.0000	1.3997
60.0000	69.0000	Respond Naturally	AllBranBar	5.0000	4.0000	2.0000	3	1.0000	1.0250	0.3697	0.5142	0.0000	0.3697	0.1433	1.0000	0.0930	0.0930	-0.0000	0.2000
60.0000	70.0000	Respond Naturally	RomaineLettuce	4.0000	6.0000	5.0000	4	-1.0000	1.5118	0.1513	-0.1217	3.0000	0.9071	0.2795	1.0000	0.7192	0.7336	-0.0144	1.5282
60.0000	71.0000	Focus on Health	VegetableThins	6.0000	3.0000	2.0000	5	1.0000	1.3941	0.5544	0.1934	0.0000	0.5544	0.1352	1.0000	0.1206	0.1206	-0.0000	0.4080
60.0000	72.0000	Focus on Health	GreenPepper	4.0000	3.0000	4.0000	2	1.0000	1.3936	0.2348	0.1421	1.0000	0.8561	0.3476	-1.0000	0.5906	0.5906	-0.0000	1.4196
60.0000	73.0000	Focus on Health	RufflesSourCreamOnion	5.0000	4.0000	4.0000	5	-1.0000	1.2097	0.1850	-0.2150	1.0000	0.4535	0.2503	1.0000	0.4642	0.5066	-0.0425	1.3165
60.0000	74.0000	Focus on Health	Cauliflower	3.0000	3.0000	6.0000	6	1.0000	1.1257	0.3528	0.8630	1.0000	0.6218	0.3803	-1.0000	0.1793	0.2105	-0.0312	0.7581
60.0000	75.0000	Focus on Health	EnglishCucumber	5.0000	6.0000	6.0000	5	1.0000	0.8229	0.1848	0.0333	0.0000	0.1848	0.2212	1.0000	0.0972	0.0972	-0.0000	0.1854
60.0000	76.0000	Focus on Health	SevenGrain	4.0000	4.0000	4.0000	1	-1.0000	0.8228	0.2686	-0.4687	0.0000	0.2686	0.1677	-1.0000	0.3130	0.3184	-0.0054	0.8087
60.0000	77.0000	Focus on Health	Avocado	4.0000	3.0000	6.0000	5	1.0000	1.1592	0.6051	0.3085	0.0000	0.6051	0.1694	1.0000	0.0983	0.1281	-0.0298	0.3497
60.0000	78.0000	Focus on Health	Tuna	6.0000	6.0000	4.0000	2	1.0000	0.9745	0.4368	0.1626	0.0000	0.4368	0.2779	1.0000	0.1924	0.1924	-0.0000	0.5921
60.0000	79.0000	Focus on Health	FrootLoops	4.0000	3.0000	3.0000	2	-1.0000	0.9574	0.4705	-0.1765	0.0000	0.4705	0.2379	-1.0000	0.2579	0.2855	-0.0276	0.7116
60.0000	80.0000	Focus on Health	FrozenOkra	4.0000	5.0000	4.0000	5	1.0000	0.9912	0.1678	-0.0295	0.0000	0.1678	0.1251	1.0000	0.1938	0.1938	-0.0000	0.3991
60.0000	81.0000	Respond Naturally	IceCreamVanilla	5.0000	6.0000	3.0000	1	1.0000	1.8651	0.4535	0.0410	2.0000	0.8569	0.1900	1.0000	0.1122	0.1557	-0.0435	0.9326
60.0000	82.0000	Respond Naturally	HoneyNutCheerios	5.0000	3.0000	3.0000	5	1.0000	0.7551	0.3353	0.4467	0.0000	0.3353	0.1698	1.0000	0.0677	0.0717	-0.0040	0.1410
60.0000	83.0000	Respond Naturally	Pringles	4.0000	4.0000	2.0000	2	1.0000	0.7723	0.2184	0.1403	0.0000	0.2184	0.1720	1.0000	0.1415	0.1415	-0.0000	0.3440
60.0000	84.0000	Respond Naturally	Shreddies	4.0000	3.0000	4.0000	2	1.0000	1.0243	0.2686	0.4037	0.0000	0.2686	0.1514	1.0000	0.1222	0.1222	-0.0000	0.1934
60.0000	85.0000	Respond Naturally	Cheetos	5.0000	4.0000	4.0000	3	1.0000	0.7387	0.1846	0.5509	0.0000	0.1846	0.1521	1.0000	0.0664	0.0664	-0.0000	0.1687
60.0000	86.0000	Respond Naturally	Mars	3.0000	4.0000	3.0000	2	1.0000	1.6453	0.2014	0.4620	2.0000	0.9228	0.4636	1.0000	0.4526	0.4628	-0.0102	2.2448
60.0000	87.0000	Respond Naturally	MangoChunks	1.0000	6.0000	4.0000	5	-1.0000	1.6793	0.3694	-0.2793	2.0000	1.0412	0.2489	-1.0000	0.2661	0.2868	-0.0207	0.7613
60.0000	88.0000	Respond Naturally	FrozenBroccoli	3.0000	2.0000	6.0000	6	-1.0000	1.7473	0.3865	-0.4567	1.0000	0.6555	0.3135	1.0000	0.6230	0.6356	-0.0126	1.3958
60.0000	89.0000	Respond Naturally	BBQCrisps	4.0000	6.0000	4.0000	6	1.0000	1.2088	0.4699	0.3601	0.0000	0.4699	0.1254	1.0000	0.1272	0.1305	-0.0034	0.3552
60.0000	90.0000	Respond Naturally	RomaineLettuce	4.0000	4.0000	6.0000	2	-1.0000	1.4944	0.1513	-0.1496	1.0000	0.6884	0.2117	1.0000	0.4496	0.4715	-0.0218	1.1258
60.0000	91.0000	Focus on Health	SkittlesSour	4.0000	3.0000	4.0000	3	-1.0000	1.3949	0.3025	-0.4028	1.0000	0.8236	0.2555	1.0000	0.5713	0.5713	-0.0000	1.3285
60.0000	92.0000	Focus on Health	Starburst	3.0000	4.0000	3.0000	6	-1.0000	0.8908	0.4034	-0.0000	0.0000	0.4034	0.1339	-1.0000	0.1750	0.1795	-0.0044	0.5776
60.0000	93.0000	Focus on Health	RufflesSourCreamOnion	4.0000	5.0000	3.0000	3	-1.0000	0.6887	0.2013	0.0551	0.0000	0.2013	0.1268	-1.0000	0.2134	0.2134	-0.0000	0.4772
60.0000	94.0000	Focus on Health	ClamJuice	4.0000	2.0000	3.0000	3	-1.0000	0.8739	0.1848	0.2110	0.0000	0.1848	0.1045	-1.0000	0.1593	0.1593	-0.0000	0.2885
60.0000	95.0000	Focus on Health	FrozenBlueberries	5.0000	6.0000	5.0000	1	1.0000	0.8734	0.1844	0.3730	0.0000	0.1844	0.0960	1.0000	0.0676	0.0676	-0.0000	0.1541
60.0000	96.0000	Focus on Health	BrusselsSprouts	3.0000	4.0000	5.0000	4	1.0000	0.7558	0.1513	0.1151	0.0000	0.1513	0.2335	1.0000	0.0348	0.0586	-0.0238	0.1936
60.0000	97.0000	Focus on Health	ClifBar	3.0000	5.0000	3.0000	2	1.0000	2.3010	0.4031	0.8298	2.0000	1.0579	0.4561	1.0000	0.4953	0.4954	-0.0001	1.6526
60.0000	98.0000	Focus on Health	Reese	3.0000	4.0000	2.0000	4	-1.0000	0.7729	0.2857	-0.6044	0.0000	0.2857	0.1775	-1.0000	0.2644	0.2644	-0.0000	0.6079
60.0000	99.0000	Focus on Health	CheeseNips	5.0000	4.0000	4.0000	5	1.0000	1.2427	0.5373	0.2129	1.0000	0.7388	0.2408	-1.0000	0.3226	0.3227	-0.0001	0.9695
60.0000	100.0000	Focus on Health	Butternut	3.0000	5.0000	4.0000	7	1.0000	0.7890	0.1846	0.4145	0.0000	0.1846	0.1183	1.0000	0.1251	0.1289	-0.0038	0.3490
60.0000	101.0000	Respond Naturally	GreenGrapes	6.0000	6.0000	6.0000	4	1.0000	1.2432	0.5042	0.1272	0.0000	0.5042	0.2328	1.0000	0.1421	0.1446	-0.0025	0.5528
60.0000	102.0000	Respond Naturally	ClamJuice	3.0000	3.0000	3.0000	1	-1.0000	1.2933	0.1510	-0.2899	1.0000	0.4370	0.2833	1.0000	0.5035	0.5035	-0.0000	1.2261
60.0000	103.0000	Respond Naturally	PureFit	4.0000	4.0000	2.0000	4	1.0000	1.8981	0.5037	0.2230	1.0000	1.2764	0.3707	-1.0000	0.6439	0.6775	-0.0336	1.4542
60.0000	104.0000	Respond Naturally	RiceKrispiesCereal	4.0000	4.0000	3.0000	7	-1.0000	0.9410	0.2353	-0.0959	0.0000	0.2353	0.1189	-1.0000	0.1823	0.1823	-0.0000	0.5649
60.0000	105.0000	Respond Naturally	Mentos	4.0000	3.0000	3.0000	5	1.0000	1.2430	0.4031	-0.0896	1.0000	0.6551	0.3097	-1.0000	0.4798	0.4798	-0.0000	1.3483
60.0000	106.0000	Respond Naturally	Pringles	4.0000	6.0000	1.0000	5	1.0000	0.8400	0.4199	0.2979	0.0000	0.4199	0.1458	1.0000	0.2110	0.2146	-0.0036	0.4981
60.0000	107.0000	Respond Naturally	YorkPeppermintPatties	4.0000	3.0000	3.0000	2	-1.0000	1.1421	0.4706	-0.8835	0.0000	0.4706	0.2210	-1.0000	0.3876	0.3876	-0.0000	1.0800
60.0000	108.0000	Respond Naturally	VanillaGreekYogurt	5.0000	6.0000	6.0000	2	1.0000	1.0923	0.3193	0.4261	1.0000	0.5210	0.2510	-1.0000	0.1700	0.1782	-0.0082	0.6060
60.0000	109.0000	Respond Naturally	GreenBeans	3.0000	3.0000	6.0000	2	1.0000	1.1762	0.3362	0.4078	1.0000	0.7227	0.3467	-1.0000	0.4718	0.4718	-0.0000	1.3725
60.0000	110.0000	Respond Naturally	FrozenPeas	4.0000	5.0000	5.0000	2	1.0000	1.1255	0.3024	0.2972	0.0000	0.3024	0.1854	1.0000	0.0989	0.0989	-0.0000	0.2592
60.0000	111.0000	Focus on Health	Mars	3.0000	3.0000	3.0000	4	-1.0000	1.0918	0.4701	-0.0597	0.0000	0.4701	0.2013	-1.0000	0.1598	0.1598	-0.0000	0.3105
60.0000	112.0000	Focus on Health	AllBranCereal	4.0000	4.0000	4.0000	2	1.0000	1.6626	0.3020	0.5327	3.0000	1.3265	0.3493	-1.0000	0.4333	0.4463	-0.0129	1.2302
60.0000	113.0000	Focus on Health	SevenGrain	3.0000	3.0000	3.0000	3	1.0000	0.9572	0.3862	-0.0571	0.0000	0.3862	0.1986	1.0000	0.1912	0.2001	-0.0089	0.4542
60.0000	114.0000	Focus on Health	RitzCrackers	6.0000	6.0000	3.0000	5	1.0000	1.0747	0.3698	0.2418	0.0000	0.3698	0.1371	1.0000	0.1675	0.1734	-0.0058	0.4281
60.0000	115.0000	Focus on Health	CornFlakes	3.0000	4.0000	6.0000	3	1.0000	2.1666	0.4030	0.0834	1.0000	0.6551	0.3384	-1.0000	0.8749	0.8764	-0.0015	1.8739
60.0000	116.0000	Focus on Health	Tempeh	3.0000	3.0000	4.0000	2	-1.0000	0.9401	0.3863	-0.0787	0.0000	0.3863	0.1974	-1.0000	0.2543	0.2543	-0.0001	0.6526
60.0000	117.0000	Focus on Health	Nutella	5.0000	6.0000	4.0000	1	-1.0000	1.4100	0.4026	-0.2609	0.0000	0.4026	0.2279	-1.0000	0.0849	0.0879	-0.0030	0.2617
60.0000	118.0000	Focus on Health	WaterChestnuts	3.0000	4.0000	4.0000	3	-1.0000	1.3769	0.4704	-0.1763	1.0000	0.6885	0.3318	1.0000	0.4784	0.4784	-0.0000	1.5186
60.0000	119.0000	Focus on Health	ProMax	3.0000	3.0000	3.0000	2	-1.0000	1.1584	0.5872	-0.0315	0.0000	0.5872	0.2372	-1.0000	0.1830	0.1939	-0.0110	0.6016
60.0000	120.0000	Focus on Health	FrootLoops	5.0000	4.0000	2.0000	6	-1.0000	1.0917	0.1681	-0.1499	0.0000	0.1681	0.1038	-1.0000	0.1987	0.1987	-0.0000	0.4914
60.0000	121.0000	Respond Naturally	VanillaGreekYogurt	5.0000	6.0000	5.0000	4	1.0000	1.0582	0.4364	-0.1888	0.0000	0.4364	0.3403	1.0000	-0.0033	0.0366	-0.0400	0.3212
60.0000	122.0000	Respond Naturally	SunChips	4.0000	6.0000	3.0000	4	1.0000	1.6292	0.2857	0.0000	1.0000	0.7893	0.2884	-1.0000	0.4777	0.4779	-0.0002	1.3198
60.0000	123.0000	Respond Naturally	SpeltCakes	3.0000	3.0000	4.0000	5	1.0000	0.9068	0.2185	0.0878	0.0000	0.2185	0.1464	1.0000	0.0670	0.0670	-0.0000	0.1870
60.0000	124.0000	Respond Naturally	Asparagus	6.0000	3.0000	6.0000	3	1.0000	1.2589	0.1680	0.2529	2.0000	0.9063	0.3172	1.0000	0.1703	0.1703	-0.0000	0.6298
60.0000	125.0000	Respond Naturally	RiceKrispiesCereal	4.0000	4.0000	5.0000	3	-1.0000	0.8399	0.3863	-0.1820	0.0000	0.3863	0.1814	-1.0000	0.3428	0.3492	-0.0064	0.6933
60.0000	126.0000	Respond Naturally	DriedApricots	2.0000	4.0000	4.0000	2	-1.0000	1.1430	0.2185	-0.1719	0.0000	0.2185	0.1494	-1.0000	0.2304	0.2304	-0.0000	0.5834
60.0000	127.0000	Respond Naturally	Onion	3.0000	3.0000	4.0000	2	-1.0000	0.8899	0.1849	-0.0496	0.0000	0.1849	0.1517	-1.0000	0.2403	0.2404	-0.0001	0.5068
60.0000	128.0000	Respond Naturally	ProMax	4.0000	4.0000	2.0000	4	-1.0000	0.8731	0.4198	-0.2255	0.0000	0.4198	0.1882	-1.0000	0.2623	0.2623	-0.0000	0.4344
60.0000	129.0000	Respond Naturally	MnMPeanuts	4.0000	6.0000	3.0000	4	1.0000	0.8396	0.1849	0.3663	0.0000	0.1849	0.1598	1.0000	0.1126	0.1126	-0.0000	0.2691
60.0000	130.0000	Respond Naturally	CannedArtichoke	2.0000	3.0000	5.0000	2	-1.0000	1.0067	0.4198	-0.2160	1.0000	0.5539	0.3700	1.0000	0.4259	0.4261	-0.0002	0.9078
60.0000	131.0000	Focus on Health	Triscuit	5.0000	4.0000	3.0000	5	1.0000	1.5796	0.3025	0.5407	1.0000	0.8739	0.5324	-1.0000	0.4287	0.4386	-0.0098	1.2792
60.0000	132.0000	Focus on Health	Almonds	3.0000	3.0000	4.0000	4	-1.0000	0.9568	0.4701	-0.1501	0.0000	0.4701	0.2509	-1.0000	0.2243	0.2660	-0.0417	0.4915
60.0000	133.0000	Focus on Health	SkittlesSour	4.0000	3.0000	3.0000	6	-1.0000	1.3774	0.4197	-0.1073	2.0000	0.7055	0.3319	-1.0000	0.4808	0.4808	-0.0000	1.1249
60.0000	134.0000	Focus on Health	Strawberries	5.0000	6.0000	5.0000	3	1.0000	0.9904	0.4698	0.0506	0.0000	0.4698	0.2350	1.0000	0.2359	0.2359	-0.0000	0.4066
60.0000	135.0000	Focus on Health	Fritos	4.0000	3.0000	4.0000	5	1.0000	1.7468	0.5206	0.1040	1.0000	1.2094	0.2864	-1.0000	0.6080	0.6080	-0.0000	1.4692
60.0000	136.0000	Focus on Health	Starburst	4.0000	4.0000	3.0000	3	-1.0000	1.4949	0.5541	-0.1850	0.0000	0.5541	0.1466	-1.0000	0.1544	0.1742	-0.0198	0.4045
60.0000	137.0000	Focus on Health	DriedHerring	6.0000	6.0000	5.0000	1	-1.0000	1.9487	0.2183	-0.0476	2.0000	0.6888	0.3467	-1.0000	0.5513	0.5513	-0.0000	1.3330
60.0000	138.0000	Focus on Health	Spinach	4.0000	4.0000	6.0000	2	1.0000	1.8311	0.4701	0.1119	2.0000	1.0415	0.3954	1.0000	0.6472	0.6487	-0.0015	1.6683
60.0000	139.0000	Focus on Health	GreenBeans	5.0000	2.0000	5.0000	4	1.0000	0.9233	0.4704	0.4465	0.0000	0.4704	0.1783	1.0000	0.1388	0.1388	-0.0000	0.4203
60.0000	140.0000	Focus on Health	CoffeeCrisp	3.0000	3.0000	1.0000	3	-1.0000	1.0574	0.5036	-0.3994	0.0000	0.5036	0.2783	-1.0000	0.3026	0.3141	-0.0115	0.6570
60.0000	141.0000	Respond Naturally	Beets	2.0000	3.0000	3.0000	5	-1.0000	1.3101	0.4029	-0.1152	1.0000	0.6045	0.3514	1.0000	0.1700	0.1950	-0.0251	0.9187
60.0000	142.0000	Respond Naturally	FrozenCorn	5.0000	5.0000	5.0000	4	1.0000	1.2935	0.1513	0.2491	1.0000	0.5041	0.3296	-1.0000	0.8038	0.8054	-0.0016	1.5836
60.0000	143.0000	Respond Naturally	Bananas	6.0000	6.0000	6.0000	2	1.0000	0.8896	0.4028	0.2919	0.0000	0.4028	0.2471	1.0000	0.1389	0.1462	-0.0073	0.3035
60.0000	144.0000	Respond Naturally	RedPepper	3.0000	2.0000	4.0000	5	-1.0000	0.9908	0.4700	-1.0277	0.0000	0.4700	0.1724	-1.0000	0.2051	0.2051	-0.0000	0.7229
60.0000	145.0000	Respond Naturally	Cheetos	3.0000	6.0000	4.0000	6	1.0000	1.3434	0.3357	0.0000	1.0000	0.5872	0.2828	-1.0000	0.6260	0.6260	-0.0000	1.7062
60.0000	146.0000	Respond Naturally	PopTartStrawberry	5.0000	5.0000	3.0000	5	1.0000	1.5279	0.2183	0.2227	1.0000	0.5705	0.3514	-1.0000	0.7865	0.7865	-0.0000	1.6633
60.0000	147.0000	Respond Naturally	Orange	6.0000	6.0000	6.0000	1	1.0000	0.8397	0.2519	0.3389	1.0000	0.4704	0.2086	-1.0000	0.3912	0.3912	-0.0000	0.7103
60.0000	148.0000	Respond Naturally	IceCreamVanilla	5.0000	6.0000	2.0000	4	1.0000	1.0743	0.4864	0.2036	1.0000	0.7216	0.2048	-1.0000	0.4148	0.4148	-0.0000	0.7542
60.0000	149.0000	Respond Naturally	CornFlakes	5.0000	3.0000	4.0000	6	1.0000	1.1083	0.3189	0.1674	1.0000	0.4530	0.4081	-1.0000	0.3243	0.3685	-0.0442	0.8758
60.0000	150.0000	Respond Naturally	LaysClassic	4.0000	6.0000	3.0000	3	1.0000	0.8738	0.4537	-0.1185	0.0000	0.4537	0.1355	1.0000	0.3222	0.3343	-0.0121	0.8225
60.0000	151.0000	Focus on Health	FrozenOkra	5.0000	3.0000	5.0000	2	-1.0000	1.2940	0.5715	-0.2079	0.0000	0.5715	0.2184	-1.0000	0.1874	0.1874	-0.0000	0.6156
60.0000	152.0000	Focus on Health	AlmondMilk	3.0000	6.0000	4.0000	4	1.0000	1.5619	0.6382	0.2183	0.0000	0.6382	0.2117	1.0000	0.1599	0.1825	-0.0226	0.5181
60.0000	153.0000	Focus on Health	Smartfood	3.0000	2.0000	3.0000	2	-1.0000	0.8401	0.3698	-0.5576	0.0000	0.3698	0.2640	-1.0000	0.3646	0.3646	-0.0000	1.0343
60.0000	154.0000	Focus on Health	SlimStyles	2.0000	3.0000	6.0000	6	1.0000	1.2937	0.1511	0.2466	2.0000	0.7224	0.3129	1.0000	0.4693	0.4693	-0.0000	1.5231
60.0000	155.0000	Focus on Health	TofuDessert	6.0000	5.0000	5.0000	2	1.0000	1.0755	0.3698	0.5442	1.0000	0.6051	0.2289	-1.0000	0.1838	0.1838	-0.0000	0.6932
60.0000	156.0000	Focus on Health	Triscuit	6.0000	6.0000	3.0000	2	-1.0000	1.3096	0.4531	-0.2944	0.0000	0.4531	0.2029	-1.0000	0.2596	0.2697	-0.0101	0.8481
60.0000	157.0000	Focus on Health	Skittles	4.0000	6.0000	3.0000	6	-1.0000	1.2432	0.5210	-0.1340	1.0000	0.7395	0.3864	1.0000	0.4394	0.4394	-0.0000	1.2912
60.0000	158.0000	Focus on Health	CheeseNips	5.0000	3.0000	3.0000	2	1.0000	0.9074	0.3026	0.4961	1.0000	0.5715	0.2595	-1.0000	0.3685	0.3685	-0.0000	0.7909
60.0000	159.0000	Focus on Health	GreenPepper	3.0000	3.0000	3.0000	6	-1.0000	1.1233	0.2350	-0.4410	1.0000	0.5703	0.2845	1.0000	0.4512	0.4512	-0.0000	1.2677
60.0000	160.0000	Focus on Health	AllBranCereal	4.0000	3.0000	4.0000	6	1.0000	1.3432	0.4698	0.5739	1.0000	0.7551	0.4669	-1.0000	0.3554	0.3964	-0.0411	1.4071
60.0000	161.0000	Focus on Health	Reese	4.0000	3.0000	3.0000	1	-1.0000	2.4523	0.7225	-0.2914	1.0000	0.9074	0.4861	1.0000	0.2916	0.2998	-0.0082	1.4168
60.0000	162.0000	Focus on Health	AllBranBar	5.0000	4.0000	6.0000	1	1.0000	1.4780	0.3187	0.0122	1.0000	0.8229	0.2511	-1.0000	0.6010	0.6010	-0.0000	1.5758
60.0000	163.0000	Focus on Health	PCChipCookie	4.0000	6.0000	4.0000	2	-1.0000	1.2092	0.3524	-0.2607	1.0000	0.6548	0.2410	1.0000	0.5307	0.5307	-0.0000	1.1499
60.0000	164.0000	Focus on Health	NatureValleyChocolate	4.0000	3.0000	4.0000	4	1.0000	1.5112	0.5202	0.4061	1.0000	0.8223	0.2812	-1.0000	0.6161	0.6161	-0.0000	1.6388
60.0000	165.0000	Focus on Health	Beets	2.0000	3.0000	2.0000	2	-1.0000	1.0240	0.5869	-0.1809	0.0000	0.5869	0.2324	-1.0000	0.3364	0.3374	-0.0009	0.5716
60.0000	166.0000	Focus on Health	RedPepper	3.0000	3.0000	4.0000	2	-1.0000	1.8985	0.3026	-0.1773	2.0000	1.2771	0.3459	-1.0000	0.5885	0.5984	-0.0099	1.6564
60.0000	167.0000	Focus on Health	LaysClassic	4.0000	6.0000	2.0000	4	-1.0000	0.8899	0.2518	0.0100	1.0000	0.4702	0.2102	1.0000	0.3335	0.3335	-0.0000	0.8336
60.0000	168.0000	Focus on Health	Prunes	3.0000	6.0000	6.0000	5	1.0000	1.1082	0.3357	0.3793	0.0000	0.3357	0.1745	1.0000	0.1058	0.1058	-0.0000	0.2363
60.0000	169.0000	Focus on Health	SunChips	4.0000	3.0000	4.0000	2	-1.0000	0.9748	0.3529	-0.4008	0.0000	0.3529	0.2189	-1.0000	0.4732	0.4732	-0.0000	0.9533
60.0000	170.0000	Focus on Health	MnMPeanuts	4.0000	6.0000	4.0000	2	-1.0000	0.9913	0.4369	-0.0609	0.0000	0.4369	0.1861	-1.0000	0.2551	0.2551	-0.0000	0.6102
60.0000	171.0000	Respond Naturally	BabyFoodCarrots	2.0000	2.0000	2.0000	5	-1.0000	2.4187	0.2855	-0.1088	2.0000	1.0080	0.4592	-1.0000	0.7017	0.7025	-0.0008	1.3549
60.0000	172.0000	Respond Naturally	Caramilk	4.0000	4.0000	3.0000	2	-1.0000	1.0580	0.4031	-0.0659	0.0000	0.4031	0.1732	-1.0000	0.1497	0.1586	-0.0089	0.3508
60.0000	173.0000	Respond Naturally	WelchsFruitSnacks	5.0000	3.0000	4.0000	3	1.0000	1.8303	0.2015	0.1423	3.0000	1.3264	0.3802	-1.0000	0.7043	0.7049	-0.0006	1.7869
60.0000	174.0000	Respond Naturally	TofuDessert	6.0000	6.0000	5.0000	4	1.0000	0.9737	0.3862	0.2971	1.0000	0.5879	0.2136	-1.0000	0.3430	0.3432	-0.0001	0.7989
60.0000	175.0000	Respond Naturally	Onion	3.0000	2.0000	4.0000	4	-1.0000	1.6295	0.5375	-0.1445	0.0000	0.5375	0.1848	-1.0000	0.1208	0.1208	-0.0000	0.3961
60.0000	176.0000	Respond Naturally	OikosYogurt	5.0000	6.0000	5.0000	3	1.0000	0.9744	0.3528	0.0596	0.0000	0.3528	0.1842	1.0000	0.1153	0.1153	-0.0000	0.2755
60.0000	177.0000	Respond Naturally	AlmondMilk	2.0000	6.0000	4.0000	2	1.0000	1.5444	0.3359	0.4797	2.0000	0.8226	0.3789	1.0000	0.3117	0.3352	-0.0234	1.0238
60.0000	178.0000	Respond Naturally	FrozenBlueberries	5.0000	3.0000	6.0000	3	1.0000	1.1743	0.4364	0.3281	0.0000	0.4364	0.2544	1.0000	0.1978	0.1978	-0.0000	0.3857
60.0000	179.0000	Respond Naturally	Mentos	4.0000	3.0000	3.0000	2	-1.0000	1.0246	0.3864	-0.2719	0.0000	0.3864	0.1324	-1.0000	0.2590	0.2590	-0.0000	0.4080
60.0000	180.0000	Respond Naturally	SlicedTurkey	3.0000	3.0000	4.0000	2	1.0000	0.9240	0.5041	0.4847	0.0000	0.5041	0.1103	1.0000	0.0971	0.0987	-0.0016	0.1944
60.0000	181.0000	Respond Naturally	SpeltCakes	3.0000	3.0000	3.0000	2	1.0000	1.4619	0.4539	-0.2286	1.0000	0.6724	0.3322	-1.0000	0.2169	0.2827	-0.0658	1.2701
60.0000	182.0000	Respond Naturally	Fritos	4.0000	4.0000	4.0000	2	1.0000	1.0739	0.3859	0.3468	0.0000	0.3859	0.1983	1.0000	0.1612	0.1612	-0.0000	0.3589
60.0000	183.0000	Respond Naturally	OatBran	3.0000	3.0000	3.0000	2	-1.0000	1.1254	0.1513	-0.0585	1.0000	0.5880	0.2279	1.0000	0.5473	0.5473	-0.0000	1.2349
60.0000	184.0000	Respond Naturally	Raspberries	6.0000	6.0000	5.0000	5	1.0000	0.9069	0.1846	0.0975	0.0000	0.1846	0.1560	1.0000	0.1285	0.1462	-0.0177	0.3981
60.0000	185.0000	Respond Naturally	BrusselsSprouts	3.0000	3.0000	4.0000	2	-1.0000	1.1255	0.4535	-0.2181	1.0000	0.6047	0.2246	1.0000	0.4506	0.4506	-0.0000	0.9618
60.0000	186.0000	Respond Naturally	Orange	6.0000	6.0000	6.0000	5	1.0000	0.8065	0.3025	0.4536	0.0000	0.3025	0.1288	1.0000	0.1289	0.1327	-0.0037	0.2904
60.0000	187.0000	Respond Naturally	HoneyNutCheerios	5.0000	4.0000	4.0000	2	1.0000	1.2256	0.4199	0.8558	1.0000	0.6384	0.4678	-1.0000	0.3828	0.3845	-0.0017	1.6620
60.0000	188.0000	Respond Naturally	Doritos	3.0000	5.0000	4.0000	2	1.0000	1.2259	0.2017	0.4306	0.0000	0.2017	0.1580	1.0000	0.1307	0.1307	-0.0000	0.3606
60.0000	189.0000	Respond Naturally	CannedArtichoke	2.0000	3.0000	3.0000	5	-1.0000	1.0238	0.3022	-0.3616	0.0000	0.3022	0.2174	-1.0000	0.2227	0.2838	-0.0611	0.6771
60.0000	190.0000	Respond Naturally	DriedApricots	5.0000	5.0000	6.0000	5	1.0000	0.9912	0.1679	0.2606	0.0000	0.1679	0.1261	1.0000	0.0272	0.0308	-0.0036	0.1050
60.0000	191.0000	Focus on Health	Celery	3.0000	3.0000	4.0000	2	1.0000	1.1758	0.3527	0.4029	2.0000	0.9911	0.2622	1.0000	0.1368	0.1368	-0.0000	0.2684
60.0000	192.0000	Focus on Health	VegetableThins	3.0000	4.0000	4.0000	2	1.0000	1.4954	0.4873	0.6988	1.0000	0.8233	0.2913	-1.0000	0.3405	0.3405	-0.0000	1.3693
60.0000	193.0000	Focus on Health	Avocado	3.0000	2.0000	4.0000	2	1.0000	0.7391	0.1512	1.0407	0.0000	0.1512	0.2159	1.0000	0.0247	0.0452	-0.0204	-0.1558
60.0000	194.0000	Focus on Health	NatureValleyChocolate	4.0000	6.0000	3.0000	1	1.0000	1.6797	0.5372	0.3285	1.0000	1.1421	0.2952	-1.0000	0.5866	0.5866	-0.0000	1.4634
60.0000	195.0000	Focus on Health	Broccoli	3.0000	2.0000	4.0000	4	1.0000	1.2262	0.3529	0.1728	0.0000	0.3529	0.2278	1.0000	0.1298	0.1485	-0.0187	0.4092
60.0000	196.0000	Focus on Health	Snickers	4.0000	6.0000	2.0000	2	-1.0000	0.7891	0.3525	-0.1551	0.0000	0.3525	0.1669	-1.0000	0.2614	0.2615	-0.0001	0.5395
60.0000	197.0000	Focus on Health	Broccoli	2.0000	3.0000	6.0000	1	1.0000	1.0237	0.3861	0.2834	0.0000	0.3861	0.0926	1.0000	0.1643	0.1643	-0.0000	0.3498
60.0000	198.0000	Focus on Health	Twizzlers	3.0000	5.0000	4.0000	2	-1.0000	0.8895	0.2015	-0.2071	0.0000	0.2015	0.0908	-1.0000	0.1748	0.1748	-0.0000	0.3593
60.0000	199.0000	Focus on Health	YorkPeppermintPatties	3.0000	3.0000	2.0000	4	-1.0000	0.9747	0.5209	-0.1680	0.0000	0.5209	0.1161	-1.0000	0.1943	0.1943	-0.0000	0.3288
60.0000	200.0000	Focus on Health	DriedHerring	5.0000	6.0000	4.0000	3	1.0000	0.8904	0.4703	0.0935	0.0000	0.4703	0.1522	1.0000	0.1491	0.1524	-0.0033	0.2753
