Subject	Trial	Instruction	Food	Liking	Taste	Health	Amount	Choice	ChoiceRT	FirstDevTimeChoice	InitAngleChoice	NumChangeMindChoice	FinalDevTimeChoice	MaxVelocityChoice	DrxFirstDevChoice	TotalAUCChoice	AUCtoNonChosenChoice	AUCtoChosenChoice	MaxDevChoice
123.0000	1.0000	Respond Naturally	TofuDessert	5.0000	4.0000	6.0000	4	-1.0000	3.3586	1.1086	0.0528	0.0000	1.1086	0.1587	-1.0000	0.1754	0.1754	-0.0000	0.4446
123.0000	2.0000	Respond Naturally	LaysClassic	4.0000	5.0000	3.0000	3	1.0000	2.4696	0.8736	0.0092	0.0000	0.8736	0.1714	1.0000	0.2208	0.2362	-0.0154	0.3601
123.0000	3.0000	Respond Naturally	Tempeh	3.0000	4.0000	4.0000	4	-1.0000	1.8642	1.0745	0.1320	0.0000	1.0745	0.1909	-1.0000	0.1448	0.1448	-0.0000	0.2195
123.0000	4.0000	Respond Naturally	Cheerios	5.0000	5.0000	5.0000	5	1.0000	1.7301	0.9237	-0.1223	0.0000	0.9237	0.1897	1.0000	0.1786	0.1870	-0.0083	0.3460
123.0000	5.0000	Respond Naturally	Raspberries	5.0000	6.0000	4.0000	4	1.0000	1.4444	0.6214	-0.1643	0.0000	0.6214	0.2392	1.0000	0.2066	0.2069	-0.0003	0.4088
123.0000	6.0000	Respond Naturally	BabyFoodCarrots	2.0000	3.0000	4.0000	3	-1.0000	1.4441	0.7050	0.0077	0.0000	0.7050	0.3882	-1.0000	0.1019	0.1309	-0.0291	0.2510
123.0000	7.0000	Respond Naturally	VanillaGreekYogurt	4.0000	5.0000	4.0000	2	1.0000	1.4447	0.5711	-0.0890	0.0000	0.5711	0.1550	1.0000	0.1738	0.1970	-0.0232	0.4407
123.0000	8.0000	Respond Naturally	Pringles	5.0000	4.0000	3.0000	2	1.0000	1.6455	1.1582	-0.0959	0.0000	1.1582	0.1982	1.0000	0.1795	0.1829	-0.0034	0.2477
123.0000	9.0000	Respond Naturally	YorkPeppermintPatties	6.0000	4.0000	4.0000	2	1.0000	1.3269	0.7558	-0.0210	0.0000	0.7558	0.3068	1.0000	0.2699	0.2701	-0.0002	0.4422
123.0000	10.0000	Respond Naturally	MnMPlain	6.0000	5.0000	3.0000	5	-1.0000	1.9146	0.7053	0.1196	2.0000	1.6291	0.2095	-1.0000	0.2388	0.2388	-0.0000	0.4414
123.0000	11.0000	Decrease Desire	FrozenBroccoli	4.0000	4.0000	4.0000	2	1.0000	4.8355	3.1057	-0.2581	0.0000	3.1057	0.2376	1.0000	0.1074	0.1074	-0.0000	0.1583
123.0000	12.0000	Decrease Desire	Smartfood	5.0000	5.0000	4.0000	2	-1.0000	3.3917	2.8036	0.1426	0.0000	2.8036	0.3659	-1.0000	0.1156	0.1353	-0.0198	-0.4444
123.0000	13.0000	Decrease Desire	PopTartStrawberry	5.0000	5.0000	1.0000	5	-1.0000	1.1919	0.6208	0.0337	0.0000	0.6208	0.2970	-1.0000	0.1137	0.1339	-0.0201	0.2468
123.0000	14.0000	Decrease Desire	ClamJuice	2.0000	3.0000	4.0000	1	-1.0000	1.8306	1.1921	-0.1342	0.0000	1.1921	0.3508	-1.0000	0.1835	0.1835	-0.0000	0.3457
123.0000	15.0000	Decrease Desire	FrozenBroccoli	5.0000	5.0000	5.0000	6	1.0000	1.5949	0.7049	-0.0207	0.0000	0.7049	0.2787	1.0000	0.0966	0.0966	-0.0000	0.2106
123.0000	16.0000	Decrease Desire	Spinach	4.0000	5.0000	5.0000	4	1.0000	1.4441	0.6379	0.1100	0.0000	0.6379	0.1598	1.0000	0.0670	0.0815	-0.0146	0.1751
123.0000	17.0000	Decrease Desire	NatureValleyChocolate	3.0000	4.0000	3.0000	1	-1.0000	1.9817	0.9908	-0.0027	0.0000	0.9908	0.2134	-1.0000	0.1695	0.1757	-0.0062	0.3372
123.0000	18.0000	Decrease Desire	PCChipCookie	3.0000	4.0000	3.0000	2	-1.0000	1.2767	0.5543	0.1187	0.0000	0.5543	0.1886	-1.0000	0.2193	0.2193	-0.0000	0.3389
123.0000	19.0000	Decrease Desire	FrozenPeas	2.0000	4.0000	5.0000	6	-1.0000	2.3685	0.6885	-0.0038	2.0000	1.7133	0.3157	-1.0000	0.3985	0.4021	-0.0035	1.4385
123.0000	20.0000	Decrease Desire	CannedArtichoke	3.0000	3.0000	5.0000	5	-1.0000	1.1420	0.6718	0.0385	0.0000	0.6718	0.2932	-1.0000	0.3130	0.3143	-0.0013	0.4972
123.0000	21.0000	Respond Naturally	CheeseNips	5.0000	4.0000	3.0000	2	1.0000	1.2093	0.4366	0.0024	0.0000	0.4366	0.1512	1.0000	0.1214	0.1215	-0.0001	0.2379
123.0000	22.0000	Respond Naturally	Butternut	4.0000	3.0000	5.0000	7	-1.0000	1.6624	0.2682	0.0048	1.0000	0.6713	0.1870	1.0000	0.3979	0.3979	-0.0000	0.6954
123.0000	23.0000	Respond Naturally	Twizzlers	4.0000	5.0000	2.0000	4	-1.0000	1.9150	0.7557	0.0660	1.0000	1.0077	0.3541	1.0000	0.5598	0.5598	-0.0000	1.4157
123.0000	24.0000	Respond Naturally	Cauliflower	5.0000	4.0000	6.0000	6	-1.0000	1.3436	0.8061	0.1509	0.0000	0.8061	0.3293	-1.0000	0.1528	0.1660	-0.0132	0.2690
123.0000	25.0000	Respond Naturally	Cheetos	4.0000	4.0000	3.0000	3	1.0000	1.2601	0.4030	-0.1374	0.0000	0.4030	0.1292	1.0000	0.1285	0.1540	-0.0255	0.3696
123.0000	26.0000	Respond Naturally	GreenGrapes	5.0000	6.0000	4.0000	1	1.0000	1.1422	0.4870	-0.0259	0.0000	0.4870	0.1989	1.0000	0.0879	0.1114	-0.0235	0.2299
123.0000	27.0000	Respond Naturally	ClifBar	6.0000	5.0000	3.0000	4	1.0000	1.8141	1.1083	0.1543	0.0000	1.1083	0.1755	1.0000	0.2620	0.2620	-0.0000	0.3697
123.0000	28.0000	Respond Naturally	Doritos	6.0000	4.0000	3.0000	2	1.0000	1.0578	0.4868	0.2224	0.0000	0.4868	0.2532	1.0000	0.1717	0.1721	-0.0004	0.3169
123.0000	29.0000	Respond Naturally	RiceKrispiesCereal	6.0000	5.0000	5.0000	7	1.0000	2.3678	1.8807	0.2383	0.0000	1.8807	0.2143	1.0000	0.0458	0.0559	-0.0101	0.1088
123.0000	30.0000	Respond Naturally	FrozenOkra	6.0000	5.0000	4.0000	5	-1.0000	3.5615	0.9573	-0.1183	2.0000	2.2344	0.4947	-1.0000	0.6997	0.7118	-0.0121	1.5935
123.0000	31.0000	Decrease Desire	Prunes	4.0000	4.0000	5.0000	5	-1.0000	4.0630	0.7723	-0.1248	0.0000	0.7723	0.2477	-1.0000	0.3547	0.3549	-0.0002	0.4154
123.0000	32.0000	Decrease Desire	FrozenBlueberries	5.0000	5.0000	5.0000	3	1.0000	2.5026	1.0411	0.0189	0.0000	1.0411	0.1851	1.0000	0.0816	0.0844	-0.0028	0.1903
123.0000	33.0000	Decrease Desire	OikosYogurt	6.0000	6.0000	5.0000	6	-1.0000	3.7609	3.2402	-0.0335	0.0000	3.2402	0.1915	-1.0000	0.3885	0.3949	-0.0064	0.4558
123.0000	34.0000	Decrease Desire	Mars	4.0000	4.0000	2.0000	4	-1.0000	1.5953	1.0241	-0.1765	0.0000	1.0241	0.1736	-1.0000	0.2568	0.2575	-0.0007	0.3846
123.0000	35.0000	Decrease Desire	AlmondMilk	4.0000	3.0000	4.0000	2	1.0000	2.4852	1.8637	-0.0359	0.0000	1.8637	0.1744	1.0000	0.1788	0.1801	-0.0013	0.2361
123.0000	36.0000	Decrease Desire	DriedHerring	3.0000	3.0000	4.0000	3	-1.0000	1.5617	0.7051	-0.0627	0.0000	0.7051	0.1707	-1.0000	0.0761	0.0762	-0.0001	0.1566
123.0000	37.0000	Decrease Desire	MangoChunks	6.0000	6.0000	5.0000	5	1.0000	9.9892	0.4031	-0.1529	0.0000	0.4031	0.2393	1.0000	0.0168	0.0327	-0.0160	0.5497
123.0000	38.0000	Decrease Desire	CornFlakes	6.0000	4.0000	5.0000	6	-1.0000	5.3900	4.0458	-0.0335	2.0000	4.6003	0.2230	-1.0000	0.4817	0.4828	-0.0011	1.3913
123.0000	39.0000	Decrease Desire	Raspberries	6.0000	6.0000	6.0000	5	-1.0000	2.6533	0.9404	0.1003	1.0000	1.2762	0.1949	1.0000	0.3106	0.3106	-0.0000	0.4522
123.0000	40.0000	Decrease Desire	Skittles	6.0000	5.0000	3.0000	3	-1.0000	1.4784	0.6549	0.1399	0.0000	0.6549	0.1401	-1.0000	0.2058	0.2058	-0.0000	0.3309
123.0000	41.0000	Decrease Desire	AllBranCereal	5.0000	4.0000	4.0000	2	1.0000	2.0828	1.4610	0.0445	0.0000	1.4610	0.1533	1.0000	0.2011	0.2011	-0.0000	0.2577
123.0000	42.0000	Decrease Desire	Skittles	6.0000	4.0000	2.0000	6	-1.0000	2.2509	1.3267	-0.0582	0.0000	1.3267	0.1610	-1.0000	0.1373	0.1373	-0.0000	0.2214
123.0000	43.0000	Decrease Desire	RedPepper	6.0000	6.0000	5.0000	5	1.0000	1.7806	1.1085	0.0883	0.0000	1.1085	0.2016	1.0000	0.2054	0.2054	-0.0000	0.2940
123.0000	44.0000	Decrease Desire	MnMPeanuts	6.0000	5.0000	1.0000	4	-1.0000	1.1257	0.5209	-0.1923	0.0000	0.5209	0.2310	-1.0000	0.1190	0.1190	-0.0000	0.1996
123.0000	45.0000	Decrease Desire	Shreddies	5.0000	4.0000	4.0000	2	1.0000	1.4446	0.8901	0.0581	0.0000	0.8901	0.2202	1.0000	0.2603	0.2604	-0.0001	0.3917
123.0000	46.0000	Decrease Desire	RaisinBran	4.0000	5.0000	5.0000	7	-1.0000	1.5282	0.8730	0.0029	0.0000	0.8730	0.2604	-1.0000	0.0659	0.0889	-0.0230	-0.1546
123.0000	47.0000	Decrease Desire	Twizzlers	5.0000	5.0000	3.0000	2	-1.0000	1.5794	0.6218	-0.0789	1.0000	1.0082	0.3519	1.0000	0.6097	0.6097	-0.0000	1.4475
123.0000	48.0000	Decrease Desire	Bananas	6.0000	5.0000	6.0000	3	1.0000	1.1929	0.4536	-0.0754	0.0000	0.4536	0.2248	1.0000	0.2961	0.2970	-0.0010	0.5839
123.0000	49.0000	Decrease Desire	RitzCrackers	6.0000	5.0000	3.0000	5	-1.0000	1.3773	0.7892	0.1421	0.0000	0.7892	0.2420	-1.0000	0.3803	0.3803	-0.0000	0.5769
123.0000	50.0000	Decrease Desire	Celery	6.0000	4.0000	5.0000	2	1.0000	1.4115	0.2857	0.0399	2.0000	0.8907	0.9291	1.0000	-1.4068	0.0001	-1.4070	-2.8183
123.0000	51.0000	Respond Naturally	CoffeeCrisp	5.0000	5.0000	3.0000	1	1.0000	1.3441	0.4198	0.0000	1.0000	0.7223	0.3414	-1.0000	0.5128	0.5128	-0.0000	1.7869
123.0000	52.0000	Respond Naturally	WaterChestnuts	5.0000	5.0000	5.0000	5	-1.0000	1.9816	0.6381	-0.0000	0.0000	0.6381	0.3634	-1.0000	0.0732	0.0881	-0.0149	0.2538
123.0000	53.0000	Respond Naturally	Starburst	6.0000	4.0000	3.0000	3	1.0000	1.2604	0.2521	0.1719	0.0000	0.2521	0.1835	1.0000	-0.2091	0.0000	-0.2091	-0.5103
123.0000	54.0000	Respond Naturally	CannedArtichoke	4.0000	4.0000	4.0000	2	-1.0000	1.0582	0.5374	0.0113	0.0000	0.5374	0.2377	-1.0000	0.1777	0.1777	-0.0000	0.2753
123.0000	55.0000	Respond Naturally	FrozenPeas	4.0000	4.0000	4.0000	2	-1.0000	1.3098	0.9402	-0.0013	0.0000	0.9402	0.2246	-1.0000	0.3969	0.3994	-0.0025	0.5292
123.0000	56.0000	Respond Naturally	AllBranBar	5.0000	4.0000	5.0000	3	-1.0000	1.3267	0.7556	0.0230	0.0000	0.7556	0.3297	-1.0000	0.3214	0.3666	-0.0452	0.6170
123.0000	57.0000	Respond Naturally	Celery	5.0000	5.0000	6.0000	4	-1.0000	1.5286	0.8228	-0.1070	0.0000	0.8228	0.2520	-1.0000	0.1014	0.1588	-0.0575	-0.3306
123.0000	58.0000	Respond Naturally	SevenGrain	5.0000	5.0000	5.0000	3	-1.0000	1.6798	0.5543	-0.0191	0.0000	0.5543	0.2489	-1.0000	0.0845	0.0870	-0.0026	0.2249
123.0000	59.0000	Respond Naturally	DriedApricots	6.0000	5.0000	4.0000	2	1.0000	1.6293	0.9405	0.2919	1.0000	1.2093	0.4061	-1.0000	0.4021	0.4021	-0.0000	1.2115
123.0000	60.0000	Respond Naturally	Mackerel	2.0000	3.0000	4.0000	1	-1.0000	1.1260	0.3193	-0.1040	1.0000	0.5714	0.2688	1.0000	-0.0438	0.0532	-0.0970	0.3302
123.0000	61.0000	Decrease Desire	TofuDessert	5.0000	4.0000	4.0000	2	1.0000	2.3842	1.9306	-0.2419	0.0000	1.9306	0.3684	1.0000	0.3066	0.3158	-0.0092	0.3866
123.0000	62.0000	Decrease Desire	AllBranBar	3.0000	4.0000	4.0000	1	1.0000	1.3772	0.9908	-0.1354	0.0000	0.9908	0.3034	1.0000	0.4101	0.4112	-0.0011	0.5416
123.0000	63.0000	Decrease Desire	Beets	5.0000	6.0000	5.0000	2	1.0000	2.0490	1.3096	0.0517	0.0000	1.3096	0.1819	1.0000	0.2536	0.2536	-0.0000	0.3212
123.0000	64.0000	Decrease Desire	HoneyNutCheerios	5.0000	6.0000	6.0000	5	-1.0000	2.7551	0.5207	0.0285	3.0000	2.0161	0.3847	1.0000	0.5064	0.5080	-0.0016	1.6680
123.0000	65.0000	Decrease Desire	CoffeeCrisp	5.0000	4.0000	2.0000	3	-1.0000	2.8048	2.1831	0.0734	1.0000	2.3007	0.2640	1.0000	0.3861	0.3861	-0.0000	0.6185
123.0000	66.0000	Decrease Desire	SlicedTurkey	3.0000	4.0000	5.0000	5	-1.0000	3.3919	1.4100	0.1414	1.0000	2.6358	0.3684	1.0000	0.3662	0.3927	-0.0265	1.5966
123.0000	67.0000	Decrease Desire	BrusselsSprouts	3.0000	3.0000	5.0000	4	-1.0000	2.2842	0.7554	-0.0870	2.0000	1.5785	0.2988	-1.0000	0.4259	0.4355	-0.0096	1.3265
123.0000	68.0000	Decrease Desire	Smartfood	5.0000	5.0000	3.0000	4	-1.0000	2.3845	1.7462	-0.0307	0.0000	1.7462	0.4402	-1.0000	0.0261	0.0356	-0.0096	0.3184
123.0000	69.0000	Decrease Desire	Tuna	3.0000	3.0000	3.0000	2	-1.0000	1.0415	0.5879	-0.0480	0.0000	0.5879	0.3640	-1.0000	0.2900	0.2992	-0.0093	0.4807
123.0000	70.0000	Decrease Desire	YorkPeppermintPatties	5.0000	5.0000	2.0000	4	-1.0000	2.4856	1.2256	0.0063	1.0000	1.9983	0.3860	1.0000	0.5897	0.5982	-0.0085	1.0559
123.0000	71.0000	Respond Naturally	SkimMilk	2.0000	4.0000	4.0000	4	-1.0000	0.0504	0.0000	0.0131	0.0000	0.0000	0.9636	1.0000	0.4025	0.4025	-0.0000	0.6871
123.0000	72.0000	Respond Naturally	RufflesSourCreamOnion	4.0000	4.0000	2.0000	5	1.0000	4.2147	3.1058	-0.0943	0.0000	3.1058	0.0702	1.0000	0.1660	0.1661	-0.0000	0.2072
123.0000	73.0000	Respond Naturally	SkimMilk	2.0000	4.0000	4.0000	1	-1.0000	1.3773	0.6380	0.0119	0.0000	0.6380	0.1838	-1.0000	0.2275	0.2275	-0.0000	0.3819
123.0000	74.0000	Respond Naturally	Shreddies	3.0000	4.0000	5.0000	5	-1.0000	1.3775	0.6047	0.0264	0.0000	0.6047	0.2430	-1.0000	0.2913	0.2913	-0.0000	0.4723
123.0000	75.0000	Respond Naturally	Caramilk	5.0000	5.0000	3.0000	2	1.0000	2.1163	1.3770	0.0000	1.0000	1.6627	0.3143	-1.0000	0.4546	0.4568	-0.0022	1.0314
123.0000	76.0000	Respond Naturally	Cheerios	4.0000	6.0000	5.0000	2	1.0000	2.4357	0.7724	0.1073	1.0000	1.0581	0.2884	-1.0000	0.5872	0.5878	-0.0006	1.3683
123.0000	77.0000	Respond Naturally	Avocado	2.0000	3.0000	6.0000	5	-1.0000	1.0417	0.6049	-0.0647	0.0000	0.6049	0.2942	-1.0000	0.3541	0.3541	-0.0000	0.5195
123.0000	78.0000	Respond Naturally	LaysClassic	5.0000	5.0000	2.0000	4	1.0000	1.0250	0.3864	0.0099	0.0000	0.3864	0.2332	1.0000	0.2661	0.2674	-0.0012	0.4843
123.0000	79.0000	Respond Naturally	Orange	5.0000	6.0000	6.0000	5	1.0000	0.9743	0.5039	-0.1474	0.0000	0.5039	0.2377	1.0000	0.3265	0.3265	-0.0000	0.5458
123.0000	80.0000	Respond Naturally	GreenApple	4.0000	5.0000	6.0000	4	-1.0000	1.3941	0.5708	-0.1234	0.0000	0.5708	0.1716	-1.0000	0.2516	0.2573	-0.0057	0.3903
123.0000	81.0000	Respond Naturally	Broccoli	4.0000	5.0000	4.0000	1	1.0000	1.1923	0.5204	-0.1284	0.0000	0.5204	0.1627	1.0000	0.2461	0.2461	-0.0000	0.4263
123.0000	82.0000	Respond Naturally	Pringles	5.0000	5.0000	1.0000	5	-1.0000	1.9987	0.5203	-0.0002	1.0000	0.8898	0.3063	1.0000	0.3398	0.3520	-0.0122	1.3459
123.0000	83.0000	Respond Naturally	Reese	6.0000	6.0000	2.0000	4	1.0000	1.1591	0.6046	0.0164	1.0000	0.7894	0.3260	-1.0000	0.4101	0.4101	-0.0000	0.9234
123.0000	84.0000	Respond Naturally	FrozenBlueberries	5.0000	5.0000	5.0000	1	1.0000	1.4614	0.6382	0.0864	0.0000	0.6382	0.2172	1.0000	0.2461	0.2461	-0.0000	0.4271
123.0000	85.0000	Respond Naturally	Tuna	2.0000	3.0000	5.0000	4	-1.0000	1.1927	0.4871	0.0957	0.0000	0.4871	0.2076	-1.0000	0.0912	0.1444	-0.0532	-0.3449
123.0000	86.0000	Respond Naturally	OatmealSquares	4.0000	4.0000	4.0000	3	-1.0000	1.8310	1.0412	-0.0000	0.0000	1.0412	0.1891	-1.0000	0.1887	0.1887	-0.0000	0.3544
123.0000	87.0000	Respond Naturally	IceCreamChocolate	6.0000	4.0000	2.0000	4	1.0000	1.6126	1.0749	-0.0047	0.0000	1.0749	0.2130	1.0000	0.3536	0.3538	-0.0001	0.4996
123.0000	88.0000	Respond Naturally	Asparagus	5.0000	5.0000	4.0000	3	-1.0000	1.1922	0.7049	0.0726	0.0000	0.7049	0.1955	-1.0000	0.1437	0.1437	-0.0000	0.2100
123.0000	89.0000	Respond Naturally	AppleChips	5.0000	4.0000	4.0000	5	1.0000	1.1588	0.6714	-0.0264	0.0000	0.6714	0.2224	1.0000	0.4072	0.4072	-0.0000	0.6135
123.0000	90.0000	Respond Naturally	ClifBar	5.0000	5.0000	4.0000	2	1.0000	2.9731	0.8565	-0.0262	3.0000	2.4692	0.2170	-1.0000	0.7677	0.7677	-0.0000	1.2509
123.0000	91.0000	Decrease Desire	GreenBeans	2.0000	5.0000	5.0000	2	-1.0000	6.1447	5.6743	-0.0694	0.0000	5.6743	0.3734	-1.0000	0.1866	0.1866	-0.0000	0.3028
123.0000	92.0000	Decrease Desire	SlimStyles	3.0000	4.0000	4.0000	2	-1.0000	1.1753	0.6714	-0.0000	0.0000	0.6714	0.2364	-1.0000	0.2680	0.2680	-0.0000	0.4118
123.0000	93.0000	Decrease Desire	HoneyNutCheerios	4.0000	4.0000	4.0000	2	1.0000	6.5310	6.0100	0.0335	0.0000	6.0100	0.2693	1.0000	0.5921	0.5921	-0.0000	0.6665
123.0000	94.0000	Decrease Desire	SunChips	5.0000	4.0000	4.0000	2	-1.0000	2.9886	2.2999	0.1186	0.0000	2.2999	0.2312	-1.0000	0.2662	0.2815	-0.0152	0.3638
123.0000	95.0000	Decrease Desire	EnglishCucumber	4.0000	5.0000	6.0000	5	1.0000	6.0964	1.8478	-0.2346	1.0000	5.3067	0.2360	-1.0000	0.8077	0.8164	-0.0087	1.1851
123.0000	96.0000	Decrease Desire	FrootLoops	6.0000	5.0000	5.0000	6	-1.0000	1.3438	0.8734	-0.0776	0.0000	0.8734	0.2523	-1.0000	0.3872	0.3874	-0.0002	0.5500
123.0000	97.0000	Decrease Desire	VegetableThins	5.0000	5.0000	3.0000	2	-1.0000	5.1039	4.5495	0.2581	0.0000	4.5495	0.1972	-1.0000	0.1941	0.1941	-0.0000	0.2118
123.0000	98.0000	Decrease Desire	EnglishCucumber	4.0000	5.0000	4.0000	2	-1.0000	3.8113	1.3599	0.1162	1.0000	3.1897	0.2862	1.0000	0.4691	0.4691	-0.0000	0.5701
123.0000	99.0000	Decrease Desire	WelchsFruitSnacks	6.0000	5.0000	3.0000	1	-1.0000	1.4446	0.7388	0.0488	0.0000	0.7388	0.2147	-1.0000	0.3425	0.3425	-0.0000	0.4810
123.0000	100.0000	Decrease Desire	OatBran	4.0000	4.0000	5.0000	2	-1.0000	1.0751	0.6046	0.1076	0.0000	0.6046	0.2474	-1.0000	0.2965	0.2965	-0.0000	0.4333
123.0000	101.0000	Decrease Desire	Bananas	5.0000	5.0000	6.0000	2	1.0000	1.0409	0.6376	0.0136	0.0000	0.6376	0.2873	1.0000	0.1171	0.1185	-0.0014	0.1884
123.0000	102.0000	Decrease Desire	VegetableThins	4.0000	6.0000	5.0000	5	-1.0000	3.5427	2.3000	-0.0535	0.0000	2.3000	0.1394	-1.0000	0.1329	0.1335	-0.0006	0.1982
123.0000	103.0000	Decrease Desire	Onion	5.0000	5.0000	4.0000	2	1.0000	3.5601	1.9476	-0.0779	2.0000	3.1568	0.2144	1.0000	0.1322	0.1476	-0.0154	0.2572
123.0000	104.0000	Decrease Desire	RiceKrispiesCereal	6.0000	5.0000	4.0000	3	1.0000	1.5786	1.0914	0.0000	0.0000	1.0914	0.2770	1.0000	0.1630	0.1630	-0.0000	0.2297
123.0000	105.0000	Decrease Desire	CheeseNips	4.0000	4.0000	3.0000	5	-1.0000	1.9152	0.5879	-0.0000	0.0000	0.5879	0.2308	-1.0000	0.0498	0.0611	-0.0113	0.1868
123.0000	106.0000	Decrease Desire	AppleChips	5.0000	4.0000	5.0000	2	1.0000	2.0491	1.1081	-0.0986	0.0000	1.1081	0.1381	1.0000	0.2670	0.2675	-0.0005	0.4223
123.0000	107.0000	Decrease Desire	SlicedTurkey	4.0000	4.0000	4.0000	2	-1.0000	1.1594	0.6048	-0.1623	0.0000	0.6048	0.2830	-1.0000	-0.0998	0.0281	-0.1280	-0.2817
123.0000	108.0000	Decrease Desire	Triscuit	4.0000	4.0000	4.0000	2	-1.0000	1.1759	0.5038	-0.0256	0.0000	0.5038	0.2530	-1.0000	0.1942	0.1942	-0.0000	0.3791
123.0000	109.0000	Decrease Desire	Fritos	5.0000	4.0000	3.0000	2	-1.0000	1.5285	0.9069	-0.0378	0.0000	0.9069	0.1782	-1.0000	0.1867	0.1867	-0.0000	0.2692
123.0000	110.0000	Decrease Desire	SkittlesSour	6.0000	5.0000	2.0000	6	-1.0000	1.1421	0.6548	0.1384	0.0000	0.6548	0.2310	-1.0000	0.2463	0.2463	-0.0000	0.3542
123.0000	111.0000	Respond Naturally	Aero	5.0000	5.0000	3.0000	3	1.0000	0.9742	0.4533	0.0714	0.0000	0.4533	0.2023	1.0000	0.1361	0.1425	-0.0064	0.2680
123.0000	112.0000	Respond Naturally	Cauliflower	3.0000	5.0000	4.0000	2	-1.0000	1.1921	0.6043	-0.1073	0.0000	0.6043	0.3832	-1.0000	0.0712	0.1346	-0.0634	-0.3595
123.0000	113.0000	Respond Naturally	SkittlesSour	5.0000	5.0000	3.0000	3	1.0000	1.1254	0.5877	0.0135	0.0000	0.5877	0.1729	1.0000	0.2670	0.2733	-0.0064	0.4634
123.0000	114.0000	Respond Naturally	FrozenOkra	6.0000	5.0000	4.0000	2	1.0000	1.5114	0.9905	0.0000	0.0000	0.9905	0.1803	1.0000	0.2804	0.2805	-0.0001	0.4124
123.0000	115.0000	Respond Naturally	Orange	5.0000	5.0000	5.0000	1	1.0000	0.8734	0.4535	0.0000	0.0000	0.4535	0.2280	1.0000	0.3181	0.3187	-0.0006	0.5372
123.0000	116.0000	Respond Naturally	Mentos	6.0000	4.0000	3.0000	2	1.0000	1.2941	0.1345	0.0445	0.0000	0.1345	0.3308	1.0000	-0.2121	0.0023	-0.2144	-0.4838
123.0000	117.0000	Respond Naturally	RedPepper	6.0000	5.0000	4.0000	2	1.0000	1.0245	0.5206	0.1883	0.0000	0.5206	0.2204	1.0000	0.1566	0.1566	-0.0000	0.2513
123.0000	118.0000	Respond Naturally	ProMax	4.0000	4.0000	4.0000	4	-1.0000	1.3267	0.7555	-0.0190	0.0000	0.7555	0.1939	-1.0000	0.2090	0.2090	-0.0000	0.3139
123.0000	119.0000	Respond Naturally	Triscuit	6.0000	5.0000	4.0000	5	-1.0000	1.1760	0.5880	-0.0774	0.0000	0.5880	0.2296	-1.0000	0.1691	0.1894	-0.0203	0.3435
123.0000	120.0000	Respond Naturally	OikosYogurt	6.0000	5.0000	5.0000	3	1.0000	1.6630	1.1254	0.0102	0.0000	1.1254	0.2100	1.0000	0.3193	0.3193	-0.0000	0.5064
123.0000	121.0000	Decrease Desire	Nutella	5.0000	4.0000	3.0000	1	-1.0000	2.2002	1.6961	0.1064	0.0000	1.6961	0.1502	-1.0000	0.0102	0.0154	-0.0052	0.1093
123.0000	122.0000	Decrease Desire	Strawberries	5.0000	6.0000	5.0000	2	1.0000	1.2766	0.6381	-0.0684	0.0000	0.6381	0.2308	1.0000	0.3277	0.3277	-0.0000	0.5322
123.0000	123.0000	Decrease Desire	Broccoli	5.0000	5.0000	5.0000	4	-1.0000	4.3660	2.6023	0.0278	1.0000	2.8039	0.2326	1.0000	0.4745	0.4745	-0.0000	1.2678
123.0000	124.0000	Decrease Desire	Mentos	6.0000	5.0000	3.0000	5	-1.0000	2.7863	2.2657	-0.0800	0.0000	2.2657	0.2186	-1.0000	0.2486	0.2516	-0.0030	0.3113
123.0000	125.0000	Decrease Desire	Doritos	6.0000	5.0000	3.0000	5	-1.0000	1.2763	0.8563	0.1367	0.0000	0.8563	0.2683	-1.0000	0.1488	0.1488	-0.0000	0.2054
123.0000	126.0000	Decrease Desire	Almonds	4.0000	4.0000	4.0000	2	1.0000	1.3937	0.7218	-0.0677	0.0000	0.7218	0.2108	1.0000	0.2371	0.2372	-0.0001	0.4087
123.0000	127.0000	Decrease Desire	VanillaGreekYogurt	6.0000	6.0000	6.0000	4	1.0000	1.4947	0.9906	0.0516	0.0000	0.9906	0.3000	1.0000	0.0341	0.0347	-0.0006	0.0444
123.0000	128.0000	Decrease Desire	MangoChunks	6.0000	5.0000	4.0000	2	1.0000	1.7461	0.9736	0.0912	0.0000	0.9736	0.3241	1.0000	0.1576	0.1578	-0.0002	0.2732
123.0000	129.0000	Decrease Desire	IceCreamVanilla	5.0000	4.0000	3.0000	1	-1.0000	4.3485	3.8445	-0.0763	0.0000	3.8445	0.2290	-1.0000	0.3062	0.3234	-0.0172	0.3670
123.0000	130.0000	Decrease Desire	Starburst	5.0000	4.0000	2.0000	6	-1.0000	1.5612	1.0908	-0.0301	0.0000	1.0908	0.2141	-1.0000	0.3787	0.3894	-0.0107	0.5452
123.0000	131.0000	Respond Naturally	GreenApple	5.0000	5.0000	4.0000	2	1.0000	0.9743	0.4871	0.0000	0.0000	0.4871	0.1908	1.0000	0.2595	0.2595	-0.0000	0.4208
123.0000	132.0000	Respond Naturally	ProMax	4.0000	4.0000	3.0000	2	-1.0000	1.2095	0.4200	0.0384	1.0000	0.6719	0.3313	1.0000	0.2117	0.2286	-0.0169	0.4257
123.0000	133.0000	Respond Naturally	BBQCrisps	5.0000	4.0000	3.0000	2	1.0000	0.9909	0.5372	-0.1034	0.0000	0.5372	0.1885	1.0000	0.2361	0.2361	-0.0000	0.3900
123.0000	134.0000	Respond Naturally	GreenPepper	6.0000	6.0000	4.0000	2	1.0000	0.9074	0.4032	0.1323	0.0000	0.4032	0.3717	1.0000	-0.3086	0.0268	-0.3354	-0.7157
123.0000	135.0000	Respond Naturally	Avocado	5.0000	3.0000	5.0000	2	-1.0000	0.8900	0.5204	0.0333	0.0000	0.5204	0.2458	-1.0000	0.3606	0.3618	-0.0011	0.5572
123.0000	136.0000	Respond Naturally	IceCreamVanilla	6.0000	5.0000	1.0000	4	-1.0000	2.4180	0.7719	0.0064	1.0000	1.8636	0.4662	1.0000	0.7733	0.7733	-0.0000	1.4146
123.0000	137.0000	Respond Naturally	BabyFoodSweetPotatos	3.0000	3.0000	4.0000	2	-1.0000	1.0582	0.5709	-0.0797	0.0000	0.5709	0.1814	-1.0000	0.1204	0.1257	-0.0053	0.2302
123.0000	138.0000	Respond Naturally	ClamJuice	3.0000	3.0000	5.0000	3	-1.0000	0.9910	0.5373	-0.1637	0.0000	0.5373	0.2373	-1.0000	0.1602	0.1602	-0.0000	0.2681
123.0000	139.0000	Respond Naturally	Tempeh	4.0000	4.0000	4.0000	2	-1.0000	0.9573	0.4534	-0.0020	0.0000	0.4534	0.2667	-1.0000	0.1117	0.1117	-0.0001	0.2067
123.0000	140.0000	Respond Naturally	FrozenPeaches	6.0000	5.0000	5.0000	2	1.0000	1.2927	0.8392	0.0294	0.0000	0.8392	0.2770	1.0000	0.1238	0.1318	-0.0080	0.2010
123.0000	141.0000	Respond Naturally	BabyFoodSweetPotatos	3.0000	3.0000	5.0000	5	-1.0000	0.8063	0.4031	-0.0000	0.0000	0.4031	0.2740	-1.0000	0.0973	0.0973	-0.0000	0.1812
123.0000	142.0000	Respond Naturally	Smarties	6.0000	5.0000	3.0000	5	-1.0000	3.0395	2.4010	-0.2085	0.0000	2.4010	0.2315	-1.0000	0.2879	0.3024	-0.0146	0.3895
123.0000	143.0000	Respond Naturally	Strawberries	6.0000	5.0000	6.0000	3	1.0000	1.0083	0.1513	0.0891	0.0000	0.1513	0.2903	1.0000	-0.0103	0.0611	-0.0714	-0.3280
123.0000	144.0000	Respond Naturally	KashiBars	5.0000	5.0000	5.0000	4	-1.0000	3.7115	0.5874	-0.2977	3.0000	2.9388	0.4832	1.0000	0.4060	0.4060	-0.0000	1.4152
123.0000	145.0000	Respond Naturally	Snickers	5.0000	3.0000	1.0000	3	-1.0000	1.1756	0.6884	0.0185	0.0000	0.6884	0.2603	-1.0000	0.2844	0.2844	-0.0000	0.3933
123.0000	146.0000	Respond Naturally	BabyFoodCarrots	5.0000	3.0000	5.0000	5	-1.0000	1.6121	0.5707	0.0630	0.0000	0.5707	0.3636	-1.0000	0.1520	0.2099	-0.0578	0.5515
123.0000	147.0000	Respond Naturally	Almonds	5.0000	5.0000	5.0000	4	1.0000	1.4783	0.5206	0.0000	1.0000	0.8230	0.4553	-1.0000	0.5137	0.5345	-0.0209	1.8090
123.0000	148.0000	Respond Naturally	IceCreamChocolate	5.0000	4.0000	3.0000	1	-1.0000	2.7214	0.8060	0.0615	1.0000	1.5622	0.5694	1.0000	0.4978	0.5016	-0.0038	1.5604
123.0000	149.0000	Respond Naturally	DriedApricots	4.0000	4.0000	5.0000	5	-1.0000	1.4111	0.7389	-0.1777	0.0000	0.7389	0.3192	-1.0000	0.4539	0.4539	-0.0000	0.6302
123.0000	150.0000	Respond Naturally	CornFlakes	5.0000	4.0000	4.0000	3	1.0000	2.4855	1.1751	-0.0640	1.0000	1.9141	0.3229	-1.0000	0.6014	0.6056	-0.0042	1.2498
123.0000	151.0000	Decrease Desire	OatmealSquares	4.0000	4.0000	5.0000	7	-1.0000	2.7199	2.2495	0.0033	0.0000	2.2495	0.6186	-1.0000	0.1211	0.1386	-0.0175	-0.2792
123.0000	152.0000	Decrease Desire	SunChips	6.0000	4.0000	4.0000	4	1.0000	6.0437	5.6574	0.0177	0.0000	5.6574	0.3038	1.0000	0.2449	0.2451	-0.0002	0.2677
123.0000	153.0000	Decrease Desire	GreenGrapes	6.0000	6.0000	6.0000	4	1.0000	3.9294	0.3864	-0.0005	1.0000	3.4086	0.2359	-1.0000	0.8108	0.8108	-0.0000	1.0030
123.0000	154.0000	Decrease Desire	SlimStyles	4.0000	5.0000	5.0000	6	-1.0000	1.7297	0.6211	-0.0209	0.0000	0.6211	0.1746	-1.0000	0.1713	0.1713	-0.0000	0.3432
123.0000	155.0000	Decrease Desire	Onion	6.0000	5.0000	5.0000	4	-1.0000	2.3177	0.3695	0.0771	0.0000	0.3695	0.1983	-1.0000	0.1716	0.1716	-0.0000	0.3240
123.0000	156.0000	Decrease Desire	Reese	6.0000	6.0000	3.0000	1	-1.0000	4.6674	2.9544	0.0911	0.0000	2.9544	0.2633	-1.0000	0.1479	0.1510	-0.0031	0.2336
123.0000	157.0000	Decrease Desire	Cheetos	5.0000	4.0000	2.0000	6	-1.0000	1.1752	0.6713	0.1830	0.0000	0.6713	0.2694	-1.0000	0.1606	0.1606	-0.0000	0.2486
123.0000	158.0000	Decrease Desire	FrootLoops	5.0000	4.0000	4.0000	2	1.0000	1.1085	0.7221	-0.1006	0.0000	0.7221	0.3486	1.0000	0.3047	0.3047	-0.0000	0.4436
123.0000	159.0000	Decrease Desire	BrusselsSprouts	3.0000	4.0000	5.0000	2	-1.0000	1.2261	0.5373	0.0272	0.0000	0.5373	0.2796	-1.0000	0.0819	0.1138	-0.0320	0.2413
123.0000	160.0000	Decrease Desire	RomaineLettuce	5.0000	4.0000	6.0000	2	-1.0000	3.2068	2.6693	0.1157	0.0000	2.6693	0.3122	-1.0000	0.0781	0.0930	-0.0149	-0.1921
123.0000	161.0000	Decrease Desire	SpeltCakes	5.0000	5.0000	5.0000	2	-1.0000	2.1835	0.4535	0.2268	2.0000	1.4610	0.1856	-1.0000	0.1310	0.1312	-0.0002	0.2225
123.0000	162.0000	Decrease Desire	GreenBeans	5.0000	4.0000	5.0000	4	-1.0000	1.9313	1.3600	0.0380	0.0000	1.3600	0.1539	-1.0000	0.1487	0.1492	-0.0005	0.1977
123.0000	163.0000	Decrease Desire	FrozenCorn	4.0000	4.0000	5.0000	4	-1.0000	1.1085	0.6045	-0.0349	0.0000	0.6045	0.2600	-1.0000	0.1399	0.1726	-0.0327	0.2949
123.0000	164.0000	Decrease Desire	AllBranCereal	5.0000	4.0000	5.0000	6	-1.0000	0.9072	0.4535	0.0806	0.0000	0.4535	0.2110	-1.0000	0.1137	0.1330	-0.0193	0.2420
123.0000	165.0000	Decrease Desire	RomaineLettuce	6.0000	4.0000	6.0000	4	-1.0000	1.9312	1.3264	-0.0946	0.0000	1.3264	0.2101	-1.0000	0.1869	0.1869	-0.0000	0.2572
123.0000	166.0000	Decrease Desire	Caramilk	6.0000	5.0000	1.0000	5	-1.0000	1.8807	1.4607	0.2181	0.0000	1.4607	0.2250	-1.0000	0.1827	0.1828	-0.0001	0.2234
123.0000	167.0000	Decrease Desire	RufflesSourCreamOnion	6.0000	4.0000	3.0000	3	1.0000	1.2095	0.6549	-0.0284	0.0000	0.6549	0.3111	1.0000	0.1410	0.1689	-0.0279	0.2902
123.0000	168.0000	Decrease Desire	Smarties	6.0000	5.0000	2.0000	2	1.0000	1.2431	0.7222	0.0032	0.0000	0.7222	0.2971	1.0000	0.1662	0.1764	-0.0102	0.3042
123.0000	169.0000	Decrease Desire	RaisinBran	4.0000	4.0000	4.0000	3	-1.0000	2.6699	2.1827	-0.2661	0.0000	2.1827	0.2359	-1.0000	0.1489	0.1489	-0.0000	0.1768
123.0000	170.0000	Decrease Desire	Mars	5.0000	4.0000	3.0000	2	-1.0000	3.4592	2.6694	-0.1065	0.0000	2.6694	0.1299	-1.0000	0.1976	0.1982	-0.0006	0.2328
123.0000	171.0000	Respond Naturally	Aero	5.0000	5.0000	3.0000	1	1.0000	1.2598	0.6550	0.0129	0.0000	0.6550	0.2461	1.0000	0.1158	0.1158	-0.0000	0.2142
123.0000	172.0000	Respond Naturally	AlmondMilk	4.0000	4.0000	5.0000	4	-1.0000	1.0582	0.4367	-0.0881	0.0000	0.4367	0.2830	-1.0000	0.3176	0.3177	-0.0001	0.5771
123.0000	173.0000	Respond Naturally	KashiBars	5.0000	4.0000	4.0000	1	-1.0000	4.7208	0.8565	-0.1188	6.0000	4.1833	0.6367	-1.0000	0.8339	0.8489	-0.0150	1.4984
123.0000	174.0000	Respond Naturally	DriedHerring	4.0000	3.0000	4.0000	1	-1.0000	1.1425	0.3695	-0.0412	0.0000	0.3695	0.3048	-1.0000	0.0849	0.1554	-0.0706	0.3372
123.0000	175.0000	Respond Naturally	FrozenCorn	5.0000	4.0000	4.0000	2	-1.0000	1.7306	0.4535	0.0931	2.0000	0.9073	0.3507	-1.0000	0.1622	0.2254	-0.0632	0.9853
123.0000	176.0000	Respond Naturally	PopTartStrawberry	5.0000	6.0000	2.0000	2	1.0000	2.6037	1.0413	-0.1702	0.0000	1.0413	0.1290	1.0000	0.1910	0.2082	-0.0172	0.4887
123.0000	177.0000	Respond Naturally	RitzCrackers	6.0000	5.0000	3.0000	2	1.0000	0.9235	0.4869	-0.1117	0.0000	0.4869	0.2456	1.0000	0.2613	0.2613	-0.0000	0.4532
123.0000	178.0000	Respond Naturally	PureFit	5.0000	4.0000	4.0000	2	1.0000	1.9148	1.4107	0.0298	0.0000	1.4107	0.2597	1.0000	0.1601	0.1637	-0.0036	0.2747
123.0000	179.0000	Respond Naturally	GreenPepper	6.0000	6.0000	6.0000	6	1.0000	4.2145	0.6550	-0.0009	0.0000	0.6550	0.1741	1.0000	0.0237	0.0445	-0.0208	0.3056
123.0000	180.0000	Respond Naturally	Butternut	3.0000	5.0000	5.0000	3	-1.0000	1.9485	0.7726	0.1145	2.0000	1.3942	0.3046	-1.0000	0.1652	0.1801	-0.0149	0.6233
123.0000	181.0000	Decrease Desire	SevenGrain	4.0000	4.0000	4.0000	1	-1.0000	4.8518	4.3142	0.2091	0.0000	4.3142	0.2479	-1.0000	0.1171	0.1171	-0.0000	0.2890
123.0000	182.0000	Decrease Desire	Fritos	5.0000	5.0000	3.0000	5	-1.0000	1.5951	0.9568	0.0201	0.0000	0.9568	0.2267	-1.0000	0.3958	0.3958	-0.0000	0.5920
123.0000	183.0000	Decrease Desire	Nutella	5.0000	4.0000	3.0000	4	-1.0000	1.2935	0.6550	0.1030	0.0000	0.6550	0.2221	-1.0000	0.2828	0.2870	-0.0042	0.4994
123.0000	184.0000	Decrease Desire	PureFit	4.0000	4.0000	3.0000	4	-1.0000	1.8139	0.5710	0.1303	0.0000	0.5710	0.4115	-1.0000	0.1174	0.2025	-0.0850	0.5958
123.0000	185.0000	Decrease Desire	BBQCrisps	6.0000	4.0000	2.0000	6	-1.0000	1.2933	0.7220	0.2359	0.0000	0.7220	0.2720	-1.0000	0.2852	0.2852	-0.0000	0.3819
123.0000	186.0000	Decrease Desire	Snickers	5.0000	4.0000	1.0000	2	-1.0000	1.3102	0.4365	0.1742	0.0000	0.4365	0.1773	-1.0000	0.2279	0.2394	-0.0116	0.3990
123.0000	187.0000	Decrease Desire	NatureValleyChocolate	5.0000	4.0000	4.0000	4	-1.0000	1.0079	0.5207	0.1031	0.0000	0.5207	0.1853	-1.0000	0.2589	0.2589	-0.0000	0.4088
123.0000	188.0000	Decrease Desire	Prunes	3.0000	3.0000	4.0000	2	-1.0000	0.9912	0.4534	-0.0208	0.0000	0.4534	0.1973	-1.0000	0.2224	0.2224	-0.0000	0.3838
123.0000	189.0000	Decrease Desire	PCChipCookie	4.0000	5.0000	2.0000	5	-1.0000	1.9481	1.2594	0.1275	0.0000	1.2594	0.2349	-1.0000	0.2932	0.2967	-0.0035	0.4139
123.0000	190.0000	Decrease Desire	OatBran	4.0000	5.0000	5.0000	4	-1.0000	1.4109	0.7892	0.1206	0.0000	0.7892	0.2249	-1.0000	0.0936	0.1378	-0.0443	0.2363
123.0000	191.0000	Respond Naturally	Asparagus	6.0000	4.0000	6.0000	6	-1.0000	1.1927	0.6382	0.0225	0.0000	0.6382	0.3440	-1.0000	0.0258	0.0491	-0.0233	-0.1354
123.0000	192.0000	Respond Naturally	FrozenPeaches	5.0000	6.0000	6.0000	5	1.0000	4.1315	0.4534	-0.0463	2.0000	3.5602	0.4066	1.0000	0.6715	0.6932	-0.0216	1.2000
123.0000	193.0000	Respond Naturally	MnMPeanuts	4.0000	4.0000	3.0000	2	1.0000	1.1590	0.4534	-0.2020	1.0000	0.7558	0.4400	-1.0000	0.4981	0.5003	-0.0022	1.2227
123.0000	194.0000	Respond Naturally	SpeltCakes	5.0000	4.0000	4.0000	5	-1.0000	0.8568	0.3864	0.0021	0.0000	0.3864	0.1691	-1.0000	0.1878	0.1878	-0.0000	0.3648
123.0000	195.0000	Respond Naturally	Spinach	4.0000	5.0000	4.0000	2	1.0000	1.0079	0.5206	0.1201	0.0000	0.5206	0.2569	1.0000	0.2182	0.2185	-0.0002	0.3744
123.0000	196.0000	Respond Naturally	Mackerel	3.0000	3.0000	4.0000	3	-1.0000	0.9573	0.4365	0.0024	0.0000	0.4365	0.2985	-1.0000	0.1209	0.1839	-0.0631	0.3750
123.0000	197.0000	Respond Naturally	WaterChestnuts	4.0000	4.0000	4.0000	3	-1.0000	1.0748	0.6046	-0.0181	0.0000	0.6046	0.3368	-1.0000	0.2836	0.2889	-0.0053	0.4833
123.0000	198.0000	Respond Naturally	WelchsFruitSnacks	6.0000	5.0000	2.0000	3	1.0000	2.9048	2.2831	-0.0606	0.0000	2.2831	0.2800	1.0000	0.5576	0.5579	-0.0004	0.7025
123.0000	199.0000	Respond Naturally	Beets	5.0000	5.0000	5.0000	5	-1.0000	0.9740	0.5709	0.1365	0.0000	0.5709	0.2374	-1.0000	0.2012	0.2012	-0.0000	0.3202
123.0000	200.0000	Respond Naturally	MnMPlain	5.0000	4.0000	3.0000	3	1.0000	1.1927	0.5206	0.0499	0.0000	0.5206	0.4106	1.0000	0.1615	0.1811	-0.0195	0.3845
