Subject	Trial	Instruction	Food	Liking	Taste	Health	Amount	Choice	ChoiceRT	FirstDevTimeChoice	InitAngleChoice	NumChangeMindChoice	FinalDevTimeChoice	MaxVelocityChoice	DrxFirstDevChoice	TotalAUCChoice	AUCtoNonChosenChoice	AUCtoChosenChoice	MaxDevChoice
113.0000	1.0000	Decrease Desire	RiceKrispiesCereal	1.0000	1.0000	4.0000	7	-1.0000	2.1345	0.7399	0.1713	0.0000	0.7399	0.1059	-1.0000	0.0255	0.0478	-0.0222	-0.1672
113.0000	2.0000	Decrease Desire	Cheetos	2.0000	2.0000	2.0000	3	-1.0000	1.4283	0.4365	-0.0000	0.0000	0.4365	0.1553	-1.0000	0.0913	0.1130	-0.0217	0.3154
113.0000	3.0000	Decrease Desire	OatmealSquares	1.0000	1.0000	5.0000	7	-1.0000	1.0254	0.3195	0.1618	0.0000	0.3195	0.1172	-1.0000	0.1111	0.1111	-0.0000	0.2373
113.0000	4.0000	Decrease Desire	Avocado	1.0000	1.0000	4.0000	2	-1.0000	1.2938	0.4540	-0.0000	0.0000	0.4540	0.1642	-1.0000	0.1187	0.1194	-0.0007	0.2734
113.0000	5.0000	Decrease Desire	IceCreamVanilla	6.0000	6.0000	3.0000	1	1.0000	2.3178	0.7894	0.0000	0.0000	0.7894	0.1865	1.0000	0.0623	0.0998	-0.0375	0.2926
113.0000	6.0000	Decrease Desire	Beets	1.0000	1.0000	6.0000	5	-1.0000	1.2941	0.4706	-0.2151	0.0000	0.4706	0.1890	-1.0000	0.2242	0.2242	-0.0000	0.4096
113.0000	7.0000	Decrease Desire	BabyFoodSweetPotatos	3.0000	1.0000	4.0000	2	-1.0000	0.9911	0.3191	-0.0017	0.0000	0.3191	0.1841	-1.0000	0.1087	0.1087	-0.0000	0.2608
113.0000	8.0000	Decrease Desire	Cheetos	1.0000	4.0000	2.0000	6	-1.0000	0.8234	0.2858	0.0155	0.0000	0.2858	0.1642	-1.0000	0.1221	0.1221	-0.0000	0.2567
113.0000	9.0000	Decrease Desire	RitzCrackers	1.0000	1.0000	4.0000	5	-1.0000	0.7722	0.3360	0.0736	0.0000	0.3360	0.1743	-1.0000	0.1226	0.1226	-0.0000	0.2333
113.0000	10.0000	Decrease Desire	RedPepper	2.0000	1.0000	5.0000	5	-1.0000	0.9745	0.4032	0.0212	0.0000	0.4032	0.1441	-1.0000	0.2610	0.2610	-0.0000	0.5461
113.0000	11.0000	Respond Naturally	Prunes	1.0000	1.0000	6.0000	5	-1.0000	1.1266	0.5551	0.0246	0.0000	0.5551	0.1005	-1.0000	0.2058	0.2058	-0.0000	0.4256
113.0000	12.0000	Respond Naturally	Pringles	1.0000	1.0000	2.0000	2	-1.0000	2.0490	0.5372	0.0932	0.0000	0.5372	0.1241	-1.0000	0.1238	0.1238	-0.0000	0.3158
113.0000	13.0000	Respond Naturally	SpeltCakes	1.0000	1.0000	4.0000	5	-1.0000	0.8741	0.3195	0.0268	0.0000	0.3195	0.1129	-1.0000	0.2345	0.2345	-0.0000	0.4258
113.0000	14.0000	Respond Naturally	NatureValleyChocolate	1.0000	1.0000	5.0000	4	-1.0000	1.0922	0.3864	0.0153	0.0000	0.3864	0.1456	-1.0000	0.1873	0.1873	-0.0000	0.3689
113.0000	15.0000	Respond Naturally	Skittles	5.0000	5.0000	1.0000	6	1.0000	6.8192	0.4871	-0.1376	5.0000	6.3319	0.3808	-1.0000	0.8070	0.8233	-0.0163	1.3655
113.0000	16.0000	Respond Naturally	Shreddies	1.0000	1.0000	4.0000	5	-1.0000	1.9826	0.2691	-0.0281	0.0000	0.2691	0.2046	-1.0000	0.1032	0.1032	-0.0000	0.2601
113.0000	17.0000	Respond Naturally	SevenGrain	1.0000	1.0000	4.0000	1	-1.0000	0.9743	0.3024	-0.0856	0.0000	0.3024	0.1969	-1.0000	0.1592	0.1592	-0.0000	0.3590
113.0000	18.0000	Respond Naturally	AlmondMilk	3.0000	5.0000	5.0000	4	-1.0000	1.5455	0.3025	0.1742	0.0000	0.3025	0.1143	-1.0000	0.0819	0.0819	-0.0000	0.2111
113.0000	19.0000	Respond Naturally	OatBran	1.0000	1.0000	5.0000	2	-1.0000	1.0078	0.2858	0.0159	0.0000	0.2858	0.1503	-1.0000	0.0563	0.0628	-0.0065	0.1595
113.0000	20.0000	Respond Naturally	Spinach	2.0000	1.0000	6.0000	4	-1.0000	0.9581	0.2858	-0.0990	0.0000	0.2858	0.1122	-1.0000	0.1003	0.1003	-0.0000	0.2542
113.0000	21.0000	Decrease Desire	SkittlesSour	6.0000	6.0000	3.0000	3	1.0000	1.5456	0.3026	0.0051	1.0000	0.8736	0.2936	-1.0000	0.1522	0.1720	-0.0198	0.3559
113.0000	22.0000	Decrease Desire	IceCreamVanilla	6.0000	6.0000	3.0000	4	1.0000	1.0752	0.3527	0.1161	1.0000	0.4871	0.2260	-1.0000	0.1096	0.1263	-0.0166	0.3895
113.0000	23.0000	Decrease Desire	Fritos	1.0000	1.0000	1.0000	5	-1.0000	0.9907	0.5539	0.1162	0.0000	0.5539	0.1463	-1.0000	0.1874	0.1874	-0.0000	0.3251
113.0000	24.0000	Decrease Desire	OikosYogurt	1.0000	2.0000	4.0000	6	-1.0000	0.8403	0.2354	0.0404	0.0000	0.2354	0.1482	-1.0000	0.1465	0.1465	-0.0000	0.2631
113.0000	25.0000	Decrease Desire	SkimMilk	3.0000	5.0000	4.0000	1	-1.0000	1.7472	0.2350	-0.0000	2.0000	1.0415	0.2455	-1.0000	0.3118	0.3118	-0.0000	0.9253
113.0000	26.0000	Decrease Desire	Strawberries	5.0000	5.0000	5.0000	2	1.0000	1.7976	0.2354	0.0418	1.0000	0.4874	0.1889	-1.0000	0.2220	0.2244	-0.0024	1.0139
113.0000	27.0000	Decrease Desire	SevenGrain	1.0000	1.0000	4.0000	3	-1.0000	0.8740	0.2522	-0.1208	0.0000	0.2522	0.1427	-1.0000	0.1342	0.1345	-0.0003	0.2931
113.0000	28.0000	Decrease Desire	RufflesSourCreamOnion	1.0000	2.0000	2.0000	3	-1.0000	0.7395	0.1850	0.2644	0.0000	0.1850	0.1292	-1.0000	0.1258	0.1258	-0.0000	0.2542
113.0000	29.0000	Decrease Desire	WaterChestnuts	1.0000	1.0000	4.0000	5	-1.0000	0.7395	0.1514	-0.0368	0.0000	0.1514	0.1411	-1.0000	0.1613	0.1613	-0.0000	0.3614
113.0000	30.0000	Decrease Desire	SlimStyles	4.0000	4.0000	3.0000	6	1.0000	3.4425	0.1683	-0.0668	1.0000	2.5855	0.2729	-1.0000	0.9722	0.9805	-0.0083	1.3572
113.0000	31.0000	Respond Naturally	Cauliflower	1.0000	1.0000	6.0000	2	-1.0000	1.3445	0.3363	-0.0453	0.0000	0.3363	0.1889	-1.0000	0.1275	0.1275	-0.0000	0.2348
113.0000	32.0000	Respond Naturally	DriedHerring	2.0000	2.0000	3.0000	1	-1.0000	0.7730	0.2690	-0.0074	0.0000	0.2690	0.1319	-1.0000	0.1562	0.1562	-0.0000	0.3345
113.0000	33.0000	Respond Naturally	Tuna	2.0000	1.0000	5.0000	4	-1.0000	1.1930	0.2019	-0.0000	0.0000	0.2019	0.1697	-1.0000	0.0778	0.0778	-0.0000	0.2789
113.0000	34.0000	Respond Naturally	MnMPlain	1.0000	2.0000	2.0000	5	-1.0000	0.7901	0.2859	-0.0568	0.0000	0.2859	0.1229	-1.0000	0.1790	0.1790	-0.0000	0.3611
113.0000	35.0000	Respond Naturally	Almonds	1.0000	1.0000	4.0000	2	-1.0000	0.7899	0.2355	-0.0641	0.0000	0.2355	0.1419	-1.0000	0.2290	0.2290	-0.0000	0.4740
113.0000	36.0000	Respond Naturally	FrozenBlueberries	4.0000	4.0000	5.0000	1	-1.0000	1.0420	0.2691	0.0857	0.0000	0.2691	0.1339	-1.0000	0.1375	0.1375	-0.0000	0.3319
113.0000	37.0000	Respond Naturally	KashiBars	1.0000	1.0000	4.0000	4	-1.0000	0.7394	0.2186	0.0688	0.0000	0.2186	0.1434	-1.0000	0.1214	0.1214	-0.0000	0.2577
113.0000	38.0000	Respond Naturally	Tempeh	1.0000	1.0000	4.0000	2	-1.0000	0.9074	0.1849	0.1955	0.0000	0.1849	0.1849	-1.0000	0.0575	0.0629	-0.0054	0.1923
113.0000	39.0000	Respond Naturally	Spinach	1.0000	1.0000	6.0000	2	-1.0000	0.7058	0.2019	0.0091	0.0000	0.2019	0.1251	-1.0000	0.1498	0.1498	-0.0000	0.2983
113.0000	40.0000	Respond Naturally	BabyFoodCarrots	1.0000	1.0000	5.0000	5	-1.0000	0.7561	0.2354	0.0103	0.0000	0.2354	0.1088	-1.0000	0.1934	0.1934	-0.0000	0.3421
113.0000	41.0000	Respond Naturally	BrusselsSprouts	1.0000	1.0000	6.0000	4	-1.0000	0.8067	0.1848	0.0525	0.0000	0.1848	0.1482	-1.0000	0.1731	0.1756	-0.0025	0.3710
113.0000	42.0000	Respond Naturally	Smarties	2.0000	1.0000	1.0000	5	-1.0000	0.8737	0.2015	0.0110	0.0000	0.2015	0.1288	-1.0000	0.0991	0.0999	-0.0009	0.2667
113.0000	43.0000	Respond Naturally	TofuDessert	4.0000	4.0000	4.0000	2	-1.0000	1.6461	0.2187	0.0147	0.0000	0.2187	0.1569	-1.0000	0.0672	0.0672	-0.0000	0.3026
113.0000	44.0000	Respond Naturally	Bananas	2.0000	2.0000	5.0000	3	-1.0000	0.6721	0.2018	0.0500	0.0000	0.2018	0.1401	-1.0000	0.1977	0.1977	-0.0000	0.3551
113.0000	45.0000	Respond Naturally	Snickers	2.0000	1.0000	2.0000	2	-1.0000	0.6219	0.2018	0.1365	0.0000	0.2018	0.1602	-1.0000	0.1781	0.1781	-0.0000	0.3410
113.0000	46.0000	Respond Naturally	Starburst	4.0000	4.0000	3.0000	3	-1.0000	1.1414	0.2018	0.0215	0.0000	0.2018	0.0981	-1.0000	0.0959	0.0959	-0.0000	0.2618
113.0000	47.0000	Respond Naturally	DriedApricots	1.0000	1.0000	4.0000	2	-1.0000	0.6720	0.2013	-0.0906	0.0000	0.2013	0.1974	-1.0000	0.2352	0.2352	-0.0000	0.3917
113.0000	48.0000	Respond Naturally	Orange	5.0000	5.0000	6.0000	5	-1.0000	3.0900	0.1850	0.1092	0.0000	0.1850	0.1229	-1.0000	0.1271	0.1271	-0.0000	0.2760
113.0000	49.0000	Respond Naturally	AllBranCereal	1.0000	1.0000	5.0000	6	-1.0000	0.6216	0.2014	0.0429	0.0000	0.2014	0.1631	-1.0000	0.1312	0.1312	-0.0000	0.2591
113.0000	50.0000	Respond Naturally	Asparagus	1.0000	1.0000	6.0000	6	-1.0000	0.8069	0.1851	0.1215	0.0000	0.1851	0.1539	-1.0000	0.0888	0.0936	-0.0048	0.2521
113.0000	51.0000	Decrease Desire	GreenPepper	1.0000	1.0000	5.0000	2	-1.0000	1.0587	0.4203	0.2230	0.0000	0.4203	0.1328	-1.0000	0.1086	0.1086	-0.0000	0.2109
113.0000	52.0000	Decrease Desire	ClamJuice	1.0000	1.0000	3.0000	3	-1.0000	0.7565	0.1682	0.0385	0.0000	0.1682	0.1341	-1.0000	0.1931	0.1931	-0.0000	0.4407
113.0000	53.0000	Decrease Desire	TofuDessert	4.0000	5.0000	4.0000	4	-1.0000	0.9076	0.1514	0.0559	0.0000	0.1514	0.1320	-1.0000	0.1177	0.1177	-0.0000	0.3336
113.0000	54.0000	Decrease Desire	Cauliflower	1.0000	1.0000	6.0000	6	-1.0000	0.8402	0.1007	-0.0000	0.0000	0.1007	0.1624	-1.0000	0.2209	0.2209	-0.0000	0.4849
113.0000	55.0000	Decrease Desire	GreenGrapes	5.0000	6.0000	4.0000	1	-1.0000	4.1647	3.3748	0.0367	1.0000	3.6269	0.2167	1.0000	0.4673	0.4673	-0.0000	1.0634
113.0000	56.0000	Decrease Desire	Nutella	3.0000	1.0000	2.0000	4	-1.0000	0.7898	0.1850	0.1007	0.0000	0.1850	0.1536	-1.0000	0.1989	0.1989	-0.0000	0.4437
113.0000	57.0000	Decrease Desire	IceCreamChocolate	6.0000	6.0000	2.0000	4	1.0000	1.4281	0.2355	-0.0563	1.0000	0.6723	0.1585	-1.0000	0.5068	0.5126	-0.0057	1.1777
113.0000	58.0000	Decrease Desire	BrusselsSprouts	1.0000	1.0000	6.0000	2	-1.0000	1.6795	0.2355	-0.0885	0.0000	0.2355	0.1085	-1.0000	0.1094	0.1094	-0.0000	0.4453
113.0000	59.0000	Decrease Desire	SkimMilk	1.0000	3.0000	5.0000	4	-1.0000	1.0418	0.1346	-0.0000	0.0000	0.1346	0.1310	-1.0000	0.1538	0.1538	-0.0000	0.4845
113.0000	60.0000	Decrease Desire	Broccoli	1.0000	1.0000	5.0000	1	-1.0000	1.1422	0.2018	0.1222	0.0000	0.2018	0.1415	-1.0000	0.1721	0.1721	-0.0000	0.5362
113.0000	61.0000	Respond Naturally	Almonds	1.0000	1.0000	5.0000	4	-1.0000	0.8739	0.2689	0.0758	0.0000	0.2689	0.2366	-1.0000	0.2451	0.2451	-0.0000	0.5425
113.0000	62.0000	Respond Naturally	Raspberries	4.0000	5.0000	5.0000	5	-1.0000	1.8307	0.1682	0.2819	0.0000	0.1682	0.1817	-1.0000	0.0316	0.0355	-0.0039	0.2797
113.0000	63.0000	Respond Naturally	FrootLoops	2.0000	1.0000	3.0000	2	-1.0000	0.6882	0.1176	-0.0000	0.0000	0.1176	0.1776	-1.0000	0.1688	0.1688	-0.0000	0.3919
113.0000	64.0000	Respond Naturally	Tempeh	1.0000	1.0000	5.0000	4	-1.0000	0.6046	0.1682	-0.0227	0.0000	0.1682	0.1356	-1.0000	0.1693	0.1693	-0.0000	0.3657
113.0000	65.0000	Respond Naturally	Triscuit	1.0000	1.0000	5.0000	5	-1.0000	0.7395	0.2521	0.0357	0.0000	0.2521	0.1841	-1.0000	0.0904	0.0904	-0.0000	0.3533
113.0000	66.0000	Respond Naturally	RufflesSourCreamOnion	2.0000	4.0000	3.0000	5	-1.0000	0.6721	0.1682	0.1198	0.0000	0.1682	0.1729	-1.0000	0.1018	0.1216	-0.0198	0.3272
113.0000	67.0000	Respond Naturally	Orange	5.0000	6.0000	6.0000	1	1.0000	2.2671	0.2186	-0.0639	1.0000	0.6722	0.2524	-1.0000	0.3482	0.3482	-0.0000	1.3740
113.0000	68.0000	Respond Naturally	BabyFoodSweetPotatos	3.0000	1.0000	4.0000	5	-1.0000	0.9075	0.2355	0.0629	0.0000	0.2355	0.1273	-1.0000	0.1173	0.1173	-0.0000	0.2838
113.0000	69.0000	Respond Naturally	Cheerios	1.0000	1.0000	4.0000	5	-1.0000	0.6212	0.1514	0.0359	0.0000	0.1514	0.1315	-1.0000	0.1058	0.1116	-0.0058	0.2749
113.0000	70.0000	Respond Naturally	FrootLoops	1.0000	1.0000	4.0000	6	-1.0000	0.1515	0.1009	0.9206	0.0000	0.1009	0.4491	-1.0000	-0.0604	0.0043	-0.0647	-0.1985
113.0000	71.0000	Decrease Desire	MnMPlain	1.0000	1.0000	3.0000	3	-1.0000	0.7396	0.1009	0.0630	0.0000	0.1009	0.1191	-1.0000	0.1547	0.1547	-0.0000	0.3470
113.0000	72.0000	Decrease Desire	HoneyNutCheerios	1.0000	1.0000	3.0000	5	-1.0000	0.6556	0.1682	0.0176	0.0000	0.1682	0.1371	-1.0000	0.2006	0.2006	-0.0000	0.4292
113.0000	73.0000	Decrease Desire	FrozenOkra	1.0000	1.0000	6.0000	5	-1.0000	0.9411	0.2354	0.0035	0.0000	0.2354	0.1691	-1.0000	0.1422	0.1424	-0.0003	0.3861
113.0000	74.0000	Decrease Desire	AlmondMilk	4.0000	4.0000	4.0000	2	-1.0000	0.8905	0.2522	0.0023	0.0000	0.2522	0.1596	-1.0000	0.1159	0.1159	-0.0000	0.3122
113.0000	75.0000	Decrease Desire	AppleChips	4.0000	4.0000	3.0000	2	-1.0000	1.1934	0.1514	0.0190	0.0000	0.1514	0.1399	-1.0000	0.0848	0.0952	-0.0104	0.3442
113.0000	76.0000	Decrease Desire	Triscuit	1.0000	1.0000	3.0000	2	-1.0000	0.9246	0.1682	-0.0912	0.0000	0.1682	0.1505	-1.0000	0.2232	0.2232	-0.0000	0.4170
113.0000	77.0000	Decrease Desire	Onion	1.0000	1.0000	4.0000	2	-1.0000	0.7227	0.1009	-0.0482	0.0000	0.1009	0.1576	-1.0000	0.1423	0.1423	-0.0000	0.3322
113.0000	78.0000	Decrease Desire	Butternut	1.0000	1.0000	5.0000	3	-1.0000	0.9748	0.1683	-0.0463	0.0000	0.1683	0.1390	-1.0000	0.0779	0.0930	-0.0151	0.3456
113.0000	79.0000	Decrease Desire	PureFit	1.0000	1.0000	4.0000	4	-1.0000	0.7054	0.1849	0.1839	0.0000	0.1849	0.1378	-1.0000	0.1633	0.1633	-0.0000	0.3185
113.0000	80.0000	Decrease Desire	IceCreamChocolate	6.0000	6.0000	3.0000	1	-1.0000	1.3104	0.1848	0.0031	0.0000	0.1848	0.1434	-1.0000	0.1263	0.1263	-0.0000	0.3587
113.0000	81.0000	Decrease Desire	MangoChunks	6.0000	6.0000	5.0000	5	1.0000	1.6130	0.2353	-0.0734	1.0000	0.5546	0.1422	-1.0000	0.3241	0.3241	-0.0000	0.7937
113.0000	82.0000	Decrease Desire	Skittles	5.0000	5.0000	3.0000	3	-1.0000	0.9578	0.1847	0.2964	0.0000	0.1847	0.1251	-1.0000	0.0576	0.0693	-0.0117	0.2457
113.0000	83.0000	Decrease Desire	BBQCrisps	1.0000	1.0000	2.0000	2	-1.0000	1.3611	0.1848	0.1369	0.0000	0.1848	0.2374	-1.0000	0.1690	0.1746	-0.0056	0.3300
113.0000	84.0000	Decrease Desire	SpeltCakes	1.0000	1.0000	4.0000	2	-1.0000	0.7900	0.2355	-0.0127	0.0000	0.2355	0.1680	-1.0000	0.1059	0.1131	-0.0072	0.3213
113.0000	85.0000	Decrease Desire	ProMax	1.0000	1.0000	3.0000	4	-1.0000	0.9076	0.1851	0.1989	0.0000	0.1851	0.1764	-1.0000	0.0417	0.0835	-0.0419	0.2984
113.0000	86.0000	Decrease Desire	RedPepper	1.0000	1.0000	4.0000	2	-1.0000	0.6887	0.1682	0.1369	0.0000	0.1682	0.1824	-1.0000	0.1424	0.1424	-0.0000	0.3110
113.0000	87.0000	Decrease Desire	Caramilk	2.0000	1.0000	1.0000	2	-1.0000	0.8067	0.1850	-0.0362	0.0000	0.1850	0.3395	-1.0000	0.1306	0.1414	-0.0108	0.4613
113.0000	88.0000	Decrease Desire	AllBranCereal	1.0000	1.0000	5.0000	2	-1.0000	0.8066	0.1681	0.0761	0.0000	0.1681	0.1761	-1.0000	0.1453	0.1462	-0.0009	0.4705
113.0000	89.0000	Decrease Desire	PCChipCookie	4.0000	1.0000	3.0000	2	-1.0000	0.8905	0.1850	0.1578	0.0000	0.1850	0.1977	-1.0000	0.1518	0.1573	-0.0056	0.4261
113.0000	90.0000	Decrease Desire	Strawberries	3.0000	4.0000	5.0000	3	-1.0000	1.8977	0.8901	0.0649	0.0000	0.8901	0.1786	-1.0000	0.2981	0.2981	-0.0000	0.5693
113.0000	91.0000	Respond Naturally	Prunes	1.0000	1.0000	5.0000	2	-1.0000	0.8067	0.3362	0.1026	0.0000	0.3362	0.1318	-1.0000	0.2217	0.2217	-0.0000	0.4036
113.0000	92.0000	Respond Naturally	YorkPeppermintPatties	1.0000	2.0000	3.0000	2	-1.0000	2.2167	0.1850	0.1865	0.0000	0.1850	0.3195	-1.0000	0.0810	0.0810	-0.0000	0.3809
113.0000	93.0000	Respond Naturally	Celery	1.0000	1.0000	4.0000	2	-1.0000	0.7057	0.1679	-0.0176	0.0000	0.1679	0.1209	-1.0000	0.1458	0.1459	-0.0001	0.3549
113.0000	94.0000	Respond Naturally	Aero	2.0000	1.0000	2.0000	3	-1.0000	0.9579	0.2690	0.0228	0.0000	0.2690	0.1152	-1.0000	0.1866	0.1866	-0.0000	0.4694
113.0000	95.0000	Respond Naturally	FrozenOkra	1.0000	1.0000	6.0000	2	-1.0000	0.7229	0.1850	0.1487	0.0000	0.1850	0.1742	-1.0000	0.1979	0.1999	-0.0020	0.4576
113.0000	96.0000	Respond Naturally	VegetableThins	1.0000	1.0000	4.0000	5	-1.0000	0.6048	0.1177	0.1977	0.0000	0.1177	0.2099	-1.0000	0.2006	0.2006	-0.0000	0.4324
113.0000	97.0000	Respond Naturally	Asparagus	1.0000	1.0000	5.0000	3	-1.0000	0.5713	0.1346	-0.0104	0.0000	0.1346	0.4122	-1.0000	0.2168	0.2268	-0.0100	0.5851
113.0000	98.0000	Respond Naturally	FrozenPeas	1.0000	2.0000	4.0000	6	-1.0000	0.6218	0.1683	0.1236	0.0000	0.1683	0.1566	-1.0000	0.1735	0.1735	-0.0000	0.3898
113.0000	99.0000	Respond Naturally	Mackerel	2.0000	3.0000	3.0000	1	-1.0000	0.6053	0.1682	0.0637	0.0000	0.1682	0.1961	-1.0000	0.2134	0.2134	-0.0000	0.4485
113.0000	100.0000	Respond Naturally	Celery	1.0000	1.0000	6.0000	4	-1.0000	0.6891	0.1682	0.0687	0.0000	0.1682	0.1112	-1.0000	0.1135	0.1135	-0.0000	0.3028
113.0000	101.0000	Respond Naturally	ClamJuice	1.0000	1.0000	4.0000	1	-1.0000	0.7731	0.1682	0.1989	0.0000	0.1682	0.1634	-1.0000	0.1573	0.1574	-0.0000	0.4285
113.0000	102.0000	Respond Naturally	BBQCrisps	1.0000	1.0000	1.0000	6	-1.0000	0.8399	0.1346	0.2357	0.0000	0.1346	0.2153	-1.0000	0.0339	0.0666	-0.0326	0.2374
113.0000	103.0000	Respond Naturally	PopTartStrawberry	2.0000	2.0000	1.0000	5	-1.0000	0.7728	0.1513	-0.0000	0.0000	0.1513	0.2191	-1.0000	0.0959	0.1176	-0.0217	0.3965
113.0000	104.0000	Respond Naturally	BabyFoodCarrots	1.0000	1.0000	5.0000	3	-1.0000	0.5709	0.1680	0.2218	0.0000	0.1680	0.1924	-1.0000	0.1866	0.1866	-0.0000	0.3890
113.0000	105.0000	Respond Naturally	RaisinBran	2.0000	1.0000	4.0000	7	-1.0000	0.6218	0.1514	0.0989	0.0000	0.1514	0.1611	-1.0000	0.1742	0.1742	-0.0000	0.4173
113.0000	106.0000	Respond Naturally	CheeseNips	2.0000	1.0000	3.0000	2	-1.0000	0.5714	0.1681	0.2057	0.0000	0.1681	0.2019	-1.0000	0.2406	0.2406	-0.0000	0.5100
113.0000	107.0000	Respond Naturally	GreenBeans	1.0000	1.0000	5.0000	2	-1.0000	0.6384	0.1679	0.2225	0.0000	0.1679	0.2731	-1.0000	0.1746	0.1746	-0.0000	0.3725
113.0000	108.0000	Respond Naturally	Cheerios	2.0000	1.0000	4.0000	2	-1.0000	0.7062	0.2187	0.0080	0.0000	0.2187	0.1397	-1.0000	0.1939	0.1941	-0.0002	0.4403
113.0000	109.0000	Respond Naturally	Smarties	2.0000	2.0000	2.0000	2	-1.0000	0.7732	0.1683	0.0017	0.0000	0.1683	0.1283	-1.0000	0.0957	0.1036	-0.0079	0.3197
113.0000	110.0000	Respond Naturally	Onion	1.0000	1.0000	5.0000	4	-1.0000	0.5715	0.1009	0.1317	0.0000	0.1009	0.1212	-1.0000	0.1442	0.1442	-0.0000	0.3183
113.0000	111.0000	Decrease Desire	Mentos	5.0000	6.0000	1.0000	5	-1.0000	1.9482	0.1007	-0.0000	0.0000	0.1007	0.1770	-1.0000	0.1422	0.1422	-0.0000	0.6119
113.0000	112.0000	Decrease Desire	FrozenBlueberries	4.0000	4.0000	5.0000	3	-1.0000	1.2769	0.1850	-0.2036	0.0000	0.1850	0.1397	-1.0000	0.1010	0.1023	-0.0013	0.4641
113.0000	113.0000	Decrease Desire	RaisinBran	2.0000	1.0000	6.0000	3	-1.0000	0.7395	0.1849	0.0147	0.0000	0.1849	0.1609	-1.0000	0.1773	0.1799	-0.0026	0.4756
113.0000	114.0000	Decrease Desire	Mackerel	3.0000	4.0000	3.0000	3	-1.0000	0.7730	0.1682	0.1300	0.0000	0.1682	0.1800	-1.0000	0.1318	0.1318	-0.0000	0.3508
113.0000	115.0000	Decrease Desire	Broccoli	1.0000	1.0000	6.0000	4	-1.0000	0.5883	0.1851	-0.0000	0.0000	0.1851	0.2168	-1.0000	0.2044	0.2044	-0.0000	0.4492
113.0000	116.0000	Decrease Desire	MangoChunks	5.0000	6.0000	4.0000	2	1.0000	1.1762	0.1514	-0.0266	1.0000	0.5378	0.3339	-1.0000	0.5159	0.5159	-0.0000	1.2816
113.0000	117.0000	Decrease Desire	PopTartStrawberry	2.0000	1.0000	1.0000	2	-1.0000	0.8404	0.1681	-0.0000	0.0000	0.1681	0.0891	-1.0000	0.2062	0.2062	-0.0000	0.3561
113.0000	118.0000	Decrease Desire	PureFit	1.0000	1.0000	4.0000	2	-1.0000	0.6048	0.2353	-0.0092	0.0000	0.2353	0.2091	-1.0000	0.3141	0.3141	-0.0000	0.6429
113.0000	119.0000	Decrease Desire	SunChips	2.0000	1.0000	2.0000	2	-1.0000	0.8066	0.2186	-0.0000	0.0000	0.2186	0.1288	-1.0000	0.1451	0.1599	-0.0148	0.4390
113.0000	120.0000	Decrease Desire	CoffeeCrisp	2.0000	2.0000	3.0000	1	-1.0000	0.6387	0.2018	-0.0000	0.0000	0.2018	0.2155	-1.0000	0.2213	0.2213	-0.0000	0.4753
113.0000	121.0000	Decrease Desire	Avocado	1.0000	1.0000	1.0000	5	-1.0000	0.6891	0.1681	0.1247	0.0000	0.1681	0.1446	-1.0000	0.1344	0.1344	-0.0000	0.3218
113.0000	122.0000	Decrease Desire	Smartfood	1.0000	1.0000	1.0000	4	-1.0000	0.6213	0.1850	0.1470	0.0000	0.1850	0.1564	-1.0000	0.1887	0.1887	-0.0000	0.3926
113.0000	123.0000	Decrease Desire	Caramilk	3.0000	1.0000	1.0000	5	-1.0000	0.6723	0.1009	0.1536	0.0000	0.1009	0.2195	-1.0000	0.1252	0.1261	-0.0008	0.3823
113.0000	124.0000	Decrease Desire	ProMax	1.0000	1.0000	3.0000	2	-1.0000	0.1343	0.1007	0.8502	0.0000	0.1007	0.3671	-1.0000	-0.0204	0.0022	-0.0226	-0.0953
113.0000	125.0000	Decrease Desire	GreenBeans	1.0000	1.0000	6.0000	4	-1.0000	0.8236	0.2522	0.1109	0.0000	0.2522	0.1186	-1.0000	0.1937	0.1937	-0.0000	0.4216
113.0000	126.0000	Decrease Desire	LaysClassic	1.0000	1.0000	1.0000	3	-1.0000	0.7732	0.2521	0.0763	0.0000	0.2521	0.1519	-1.0000	0.2017	0.2017	-0.0000	0.4306
113.0000	127.0000	Decrease Desire	Mars	2.0000	1.0000	4.0000	2	-1.0000	0.7396	0.2858	0.1122	0.0000	0.2858	0.1736	-1.0000	0.2411	0.2411	-0.0000	0.4468
113.0000	128.0000	Decrease Desire	CheeseNips	1.0000	1.0000	1.0000	5	-1.0000	0.8735	0.1850	-0.0605	0.0000	0.1850	0.1700	-1.0000	0.1392	0.1517	-0.0126	0.5006
113.0000	129.0000	Decrease Desire	SunChips	2.0000	1.0000	1.0000	4	-1.0000	0.7227	0.2018	0.1262	0.0000	0.2018	0.1507	-1.0000	0.1311	0.1462	-0.0151	0.3845
113.0000	130.0000	Decrease Desire	VegetableThins	1.0000	1.0000	4.0000	2	-1.0000	0.8402	0.1849	0.0675	0.0000	0.1849	0.1588	-1.0000	0.1855	0.1855	-0.0000	0.4406
113.0000	131.0000	Respond Naturally	NatureValleyChocolate	1.0000	1.0000	4.0000	1	-1.0000	0.8066	0.3698	0.1531	0.0000	0.3698	0.2077	-1.0000	0.2431	0.2431	-0.0000	0.4338
113.0000	132.0000	Respond Naturally	Smartfood	1.0000	1.0000	1.0000	2	-1.0000	0.6215	0.1678	0.1578	0.0000	0.1678	0.1359	-1.0000	0.1764	0.1764	-0.0000	0.3765
113.0000	133.0000	Respond Naturally	Butternut	1.0000	1.0000	5.0000	7	-1.0000	0.6387	0.1178	0.3649	0.0000	0.1178	0.1479	-1.0000	0.1222	0.1224	-0.0002	0.3166
113.0000	134.0000	Respond Naturally	RiceKrispiesCereal	2.0000	1.0000	4.0000	3	-1.0000	0.6219	0.1514	0.2329	0.0000	0.1514	0.1890	-1.0000	0.1133	0.1133	-0.0000	0.2812
113.0000	135.0000	Respond Naturally	OikosYogurt	1.0000	3.0000	4.0000	3	-1.0000	0.7895	0.1343	-0.0975	0.0000	0.1343	0.1575	-1.0000	0.1106	0.1106	-0.0000	0.3080
113.0000	136.0000	Respond Naturally	MnMPeanuts	1.0000	2.0000	3.0000	2	-1.0000	0.7060	0.1009	0.3876	0.0000	0.1009	0.1247	-1.0000	0.0826	0.0834	-0.0007	0.2848
113.0000	137.0000	Respond Naturally	FrozenBroccoli	1.0000	1.0000	5.0000	6	-1.0000	0.6048	0.1343	0.1378	0.0000	0.1343	0.1928	-1.0000	0.1294	0.1336	-0.0042	0.3751
113.0000	138.0000	Respond Naturally	SlicedTurkey	3.0000	2.0000	3.0000	2	-1.0000	1.1089	0.1176	0.1956	0.0000	0.1176	0.1710	-1.0000	0.1019	0.1034	-0.0015	0.4087
113.0000	139.0000	Respond Naturally	DriedHerring	3.0000	3.0000	4.0000	3	-1.0000	0.9407	0.1513	0.1770	0.0000	0.1513	0.1534	-1.0000	0.1229	0.1229	-0.0000	0.2884
113.0000	140.0000	Respond Naturally	HoneyNutCheerios	2.0000	1.0000	3.0000	2	-1.0000	0.6382	0.1682	0.1933	0.0000	0.1682	0.1317	-1.0000	0.1728	0.1728	-0.0000	0.3622
113.0000	141.0000	Respond Naturally	WaterChestnuts	1.0000	1.0000	4.0000	3	-1.0000	0.6220	0.1514	0.1440	0.0000	0.1514	0.2415	-1.0000	0.1802	0.1802	-0.0000	0.3627
113.0000	142.0000	Respond Naturally	Fritos	1.0000	1.0000	3.0000	2	-1.0000	0.6048	0.1682	0.0290	0.0000	0.1682	0.2420	-1.0000	0.1556	0.1557	-0.0001	0.3079
113.0000	143.0000	Respond Naturally	Twizzlers	1.0000	2.0000	2.0000	2	-1.0000	0.6721	0.1681	0.2113	0.0000	0.1681	0.1363	-1.0000	0.1987	0.1987	-0.0000	0.3777
113.0000	144.0000	Respond Naturally	DriedApricots	1.0000	1.0000	6.0000	5	-1.0000	0.9578	0.1178	0.2971	0.0000	0.1178	0.2367	-1.0000	0.1365	0.1365	-0.0000	0.3205
113.0000	145.0000	Respond Naturally	VanillaGreekYogurt	1.0000	2.0000	5.0000	4	-1.0000	0.9407	0.1682	0.2053	0.0000	0.1682	0.1796	-1.0000	0.1196	0.1196	-0.0000	0.3359
113.0000	146.0000	Respond Naturally	Shreddies	1.0000	1.0000	4.0000	2	-1.0000	0.6053	0.1346	0.1302	0.0000	0.1346	0.1760	-1.0000	0.1828	0.1828	-0.0000	0.3546
113.0000	147.0000	Respond Naturally	GreenApple	1.0000	3.0000	6.0000	4	-1.0000	0.7394	0.1682	0.1169	0.0000	0.1682	0.1482	-1.0000	0.1322	0.1322	-0.0000	0.3200
113.0000	148.0000	Respond Naturally	LaysClassic	1.0000	1.0000	1.0000	4	-1.0000	0.7060	0.1177	0.0066	0.0000	0.1177	0.1734	-1.0000	0.1476	0.1476	-0.0000	0.3739
113.0000	149.0000	Respond Naturally	CannedArtichoke	1.0000	1.0000	6.0000	2	-1.0000	0.6219	0.1850	0.1105	0.0000	0.1850	0.2449	-1.0000	0.2242	0.2242	-0.0000	0.4180
113.0000	150.0000	Respond Naturally	OatBran	1.0000	1.0000	5.0000	4	-1.0000	0.6387	0.1009	0.1344	0.0000	0.1009	0.1562	-1.0000	0.1322	0.1322	-0.0000	0.3137
113.0000	151.0000	Decrease Desire	RomaineLettuce	1.0000	1.0000	6.0000	2	-1.0000	0.6554	0.1513	0.1340	0.0000	0.1513	0.1704	-1.0000	0.2278	0.2278	-0.0000	0.4781
113.0000	152.0000	Decrease Desire	Twizzlers	1.0000	1.0000	2.0000	4	-1.0000	0.5715	0.1346	0.2095	0.0000	0.1346	0.1250	-1.0000	0.1329	0.1329	-0.0000	0.3225
113.0000	153.0000	Decrease Desire	Reese	1.0000	1.0000	1.0000	4	-1.0000	0.5717	0.1347	0.0834	0.0000	0.1347	0.2036	-1.0000	0.1858	0.1858	-0.0000	0.3951
113.0000	154.0000	Decrease Desire	Bananas	2.0000	3.0000	4.0000	2	-1.0000	0.6891	0.1513	0.2376	0.0000	0.1513	0.1251	-1.0000	0.1472	0.1472	-0.0000	0.3243
113.0000	155.0000	Decrease Desire	VanillaGreekYogurt	1.0000	3.0000	4.0000	2	-1.0000	0.6051	0.1345	0.0366	0.0000	0.1345	0.2004	-1.0000	0.2011	0.2011	-0.0000	0.4768
113.0000	156.0000	Decrease Desire	Pringles	1.0000	1.0000	2.0000	5	-1.0000	0.6387	0.1681	0.1017	0.0000	0.1681	0.2077	-1.0000	0.2255	0.2255	-0.0000	0.5051
113.0000	157.0000	Decrease Desire	ClifBar	1.0000	1.0000	3.0000	4	-1.0000	0.6220	0.1682	0.0169	0.0000	0.1682	0.1702	-1.0000	0.2306	0.2306	-0.0000	0.5172
113.0000	158.0000	Decrease Desire	Doritos	4.0000	1.0000	1.0000	2	-1.0000	0.5883	0.1682	0.0452	0.0000	0.1682	0.1221	-1.0000	0.2269	0.2269	-0.0000	0.4462
113.0000	159.0000	Decrease Desire	SlimStyles	3.0000	4.0000	3.0000	2	-1.0000	0.7897	0.1009	0.1938	0.0000	0.1009	0.1361	-1.0000	0.1290	0.1290	-0.0000	0.3734
113.0000	160.0000	Decrease Desire	YorkPeppermintPatties	1.0000	1.0000	4.0000	4	-1.0000	0.6388	0.1682	0.2096	0.0000	0.1682	0.1283	-1.0000	0.1871	0.1871	-0.0000	0.4142
113.0000	161.0000	Respond Naturally	Aero	2.0000	1.0000	3.0000	1	-1.0000	0.6893	0.1010	0.1175	0.0000	0.1010	0.0832	-1.0000	0.1558	0.1558	-0.0000	0.3221
113.0000	162.0000	Respond Naturally	CoffeeCrisp	2.0000	1.0000	3.0000	3	-1.0000	0.1009	0.1009	0.6576	0.0000	0.1009	0.2927	0.0000	0.0564	0.0564	-0.0000	0.0960
113.0000	163.0000	Respond Naturally	FrozenPeaches	5.0000	5.0000	4.0000	2	1.0000	5.5077	0.1680	-0.0086	1.0000	4.6171	0.3932	-1.0000	1.2490	1.2582	-0.0092	1.5205
113.0000	164.0000	Respond Naturally	AllBranBar	1.0000	1.0000	5.0000	1	-1.0000	0.6891	0.1850	0.0668	0.0000	0.1850	0.2374	-1.0000	0.2583	0.2583	-0.0000	0.4993
113.0000	165.0000	Respond Naturally	FrozenCorn	1.0000	1.0000	4.0000	4	-1.0000	0.6049	0.1007	-0.0000	0.0000	0.1007	0.1952	-1.0000	0.3022	0.3022	-0.0000	0.6486
113.0000	166.0000	Respond Naturally	FrozenPeaches	4.0000	5.0000	5.0000	5	-1.0000	2.4864	0.1007	0.0558	2.0000	1.4447	0.2172	-1.0000	0.5278	0.5298	-0.0019	1.2768
113.0000	167.0000	Respond Naturally	MnMPeanuts	1.0000	1.0000	2.0000	4	-1.0000	0.5711	0.1342	0.0720	0.0000	0.1342	0.2086	-1.0000	0.1885	0.1885	-0.0000	0.4085
113.0000	168.0000	Respond Naturally	FrozenPeas	1.0000	1.0000	5.0000	2	-1.0000	0.7221	0.1175	0.1388	0.0000	0.1175	0.2625	-1.0000	0.2106	0.2106	-0.0000	0.5523
113.0000	169.0000	Respond Naturally	Reese	1.0000	2.0000	3.0000	1	-1.0000	0.5884	0.1513	0.0204	0.0000	0.1513	0.1783	-1.0000	0.2681	0.2681	-0.0000	0.5385
113.0000	170.0000	Respond Naturally	RomaineLettuce	1.0000	1.0000	6.0000	4	-1.0000	0.5036	0.1341	0.0277	0.0000	0.1341	0.2377	-1.0000	0.2458	0.2458	-0.0000	0.4838
113.0000	171.0000	Decrease Desire	Nutella	2.0000	2.0000	2.0000	1	-1.0000	0.8572	0.1514	0.1956	0.0000	0.1514	0.1849	-1.0000	0.1213	0.1469	-0.0256	0.4506
113.0000	172.0000	Decrease Desire	EnglishCucumber	3.0000	4.0000	4.0000	5	-1.0000	0.5548	0.1514	0.1744	0.0000	0.1514	0.2051	-1.0000	0.2237	0.2237	-0.0000	0.4074
113.0000	173.0000	Decrease Desire	Tuna	3.0000	4.0000	4.0000	2	-1.0000	1.5114	0.1514	0.0515	0.0000	0.1514	0.3214	-1.0000	0.0173	0.0462	-0.0289	0.2560
113.0000	174.0000	Decrease Desire	GreenApple	4.0000	4.0000	6.0000	2	-1.0000	0.6725	0.1346	0.1364	0.0000	0.1346	0.2028	-1.0000	0.1733	0.1733	-0.0000	0.4059
113.0000	175.0000	Decrease Desire	ClifBar	1.0000	1.0000	3.0000	2	-1.0000	0.5716	0.1009	-0.0710	0.0000	0.1009	0.1928	-1.0000	0.2298	0.2298	-0.0000	0.5238
113.0000	176.0000	Decrease Desire	SkittlesSour	6.0000	6.0000	1.0000	6	1.0000	1.0254	0.1346	-0.0069	1.0000	0.4708	0.2603	-1.0000	0.5026	0.5026	-0.0000	1.2339
113.0000	177.0000	Decrease Desire	FrozenBroccoli	1.0000	1.0000	6.0000	2	-1.0000	0.9407	0.2017	0.1460	0.0000	0.2017	0.2119	-1.0000	0.1364	0.1430	-0.0067	0.4923
113.0000	178.0000	Decrease Desire	OatmealSquares	1.0000	1.0000	5.0000	3	-1.0000	0.5883	0.1346	0.0350	0.0000	0.1346	0.2122	-1.0000	0.2031	0.2031	-0.0000	0.4544
113.0000	179.0000	Decrease Desire	PCChipCookie	2.0000	2.0000	3.0000	5	-1.0000	0.6556	0.1850	0.1224	0.0000	0.1850	0.2224	-1.0000	0.1338	0.1468	-0.0129	0.3520
113.0000	180.0000	Decrease Desire	Raspberries	4.0000	4.0000	4.0000	4	-1.0000	0.8734	0.1177	0.0620	0.0000	0.1177	0.1303	-1.0000	0.0721	0.0721	-0.0000	0.2552
113.0000	181.0000	Respond Naturally	FrozenCorn	1.0000	1.0000	4.0000	2	-1.0000	0.5544	0.1342	-0.0036	0.0000	0.1342	0.1361	-1.0000	0.2100	0.2100	-0.0000	0.4288
113.0000	182.0000	Respond Naturally	AppleChips	3.0000	2.0000	3.0000	5	-1.0000	1.0249	0.1511	0.0015	0.0000	0.1511	0.1317	-1.0000	0.0721	0.0905	-0.0184	0.3805
113.0000	183.0000	Respond Naturally	AllBranBar	1.0000	1.0000	5.0000	3	-1.0000	0.5879	0.1009	0.0008	0.0000	0.1009	0.1476	-1.0000	0.1309	0.1309	-0.0000	0.3031
113.0000	184.0000	Respond Naturally	WelchsFruitSnacks	4.0000	4.0000	1.0000	1	1.0000	3.2244	0.1346	0.0371	1.0000	2.2669	0.4608	-1.0000	0.9722	0.9881	-0.0159	1.5341
113.0000	185.0000	Respond Naturally	WelchsFruitSnacks	4.0000	4.0000	4.0000	3	1.0000	1.3947	0.1514	0.0050	1.0000	0.3531	0.1509	-1.0000	0.2466	0.2466	-0.0000	0.8799
113.0000	186.0000	Respond Naturally	GreenPepper	1.0000	1.0000	6.0000	6	-1.0000	0.6719	0.1849	0.0196	0.0000	0.1849	0.2167	-1.0000	0.3164	0.3164	-0.0000	0.6064
113.0000	187.0000	Respond Naturally	KashiBars	1.0000	1.0000	4.0000	1	-1.0000	0.6219	0.1682	-0.0326	0.0000	0.1682	0.1684	-1.0000	0.2855	0.2855	-0.0000	0.5568
113.0000	188.0000	Respond Naturally	Mars	2.0000	3.0000	3.0000	4	-1.0000	0.5547	0.1009	-0.0755	0.0000	0.1009	0.2194	-1.0000	0.2501	0.2501	-0.0000	0.5519
113.0000	189.0000	Respond Naturally	CornFlakes	1.0000	1.0000	5.0000	6	-1.0000	0.5884	0.1514	-0.0000	0.0000	0.1514	0.2466	-1.0000	0.3026	0.3026	-0.0000	0.5800
113.0000	190.0000	Respond Naturally	Mentos	4.0000	6.0000	1.0000	2	1.0000	1.7476	0.1009	0.0000	1.0000	0.7563	0.3011	-1.0000	0.4409	0.4413	-0.0004	1.3744
113.0000	191.0000	Decrease Desire	GreenGrapes	2.0000	5.0000	5.0000	4	-1.0000	1.5120	0.1513	-0.1104	0.0000	0.1513	0.1420	-1.0000	0.1154	0.1154	-0.0000	0.3590
113.0000	192.0000	Decrease Desire	Starburst	3.0000	5.0000	3.0000	6	-1.0000	0.8566	0.1007	0.0021	0.0000	0.1007	0.1392	-1.0000	0.0818	0.0886	-0.0068	0.3592
113.0000	193.0000	Decrease Desire	RitzCrackers	1.0000	1.0000	3.0000	2	-1.0000	0.6050	0.1009	0.0610	0.0000	0.1009	0.1751	-1.0000	0.1402	0.1402	-0.0000	0.3328
113.0000	194.0000	Decrease Desire	CannedArtichoke	1.0000	1.0000	6.0000	5	-1.0000	0.5716	0.1178	0.0082	0.0000	0.1178	0.2328	-1.0000	0.2676	0.2676	-0.0000	0.5612
113.0000	195.0000	Decrease Desire	Beets	1.0000	1.0000	5.0000	2	-1.0000	0.8738	0.1513	-0.0140	0.0000	0.1513	0.2268	-1.0000	0.1535	0.1699	-0.0164	0.5346
113.0000	196.0000	Decrease Desire	Snickers	1.0000	1.0000	2.0000	3	-1.0000	0.5716	0.1009	0.0029	0.0000	0.1009	0.2392	-1.0000	0.2166	0.2166	-0.0000	0.4797
113.0000	197.0000	Decrease Desire	Doritos	2.0000	5.0000	1.0000	5	-1.0000	0.4876	0.1178	0.2673	0.0000	0.1178	0.1980	-1.0000	0.1752	0.1752	-0.0000	0.3693
113.0000	198.0000	Decrease Desire	EnglishCucumber	4.0000	1.0000	4.0000	2	-1.0000	0.4875	0.1345	0.0814	0.0000	0.1345	0.1745	-1.0000	0.2586	0.2586	-0.0000	0.4948
113.0000	199.0000	Decrease Desire	CornFlakes	1.0000	1.0000	4.0000	3	-1.0000	0.4873	0.1511	0.2575	0.0000	0.1511	0.1504	-1.0000	0.1897	0.1897	-0.0000	0.3966
113.0000	200.0000	Decrease Desire	SlicedTurkey	2.0000	1.0000	3.0000	5	-1.0000	0.4874	0.1177	0.1246	0.0000	0.1177	0.2592	-1.0000	0.1896	0.1896	-0.0000	0.4272
