Subject	Trial	Instruction	Food	Liking	Taste	Health	Amount	Choice	ChoiceRT	FirstDevTimeChoice	InitAngleChoice	NumChangeMindChoice	FinalDevTimeChoice	MaxVelocityChoice	DrxFirstDevChoice	TotalAUCChoice	AUCtoNonChosenChoice	AUCtoChosenChoice	MaxDevChoice
18.0000	1.0000	Respond Naturally	MangoChunks	5.0000	6.0000	5.0000	5	1.0000	1.4968	0.3869	0.2601	0.0000	0.3869	0.4097	1.0000	0.0204	0.0450	-0.0246	0.1481
18.0000	2.0000	Respond Naturally	Asparagus	1.0000	1.0000	1.0000	6	-1.0000	1.2781	0.4539	0.1136	0.0000	0.4539	0.2368	-1.0000	0.0639	0.0640	-0.0000	0.1411
18.0000	3.0000	Respond Naturally	Mentos	4.0000	5.0000	2.0000	2	1.0000	1.2266	0.4701	-0.0977	0.0000	0.4701	0.2319	1.0000	0.0445	0.0599	-0.0154	0.1874
18.0000	4.0000	Respond Naturally	BabyFoodSweetPotatos	3.0000	3.0000	3.0000	5	-1.0000	1.2603	0.5208	-0.1718	0.0000	0.5208	0.2042	-1.0000	0.1838	0.1838	-0.0000	0.3943
18.0000	5.0000	Respond Naturally	Mars	5.0000	1.0000	2.0000	4	1.0000	1.4455	0.5044	0.1119	0.0000	0.5044	0.1824	1.0000	0.0913	0.0914	-0.0001	0.1630
18.0000	6.0000	Respond Naturally	DriedApricots	4.0000	6.0000	6.0000	2	-1.0000	1.2610	0.6218	-0.0785	0.0000	0.6218	0.1918	-1.0000	0.0797	0.0819	-0.0023	0.1925
18.0000	7.0000	Respond Naturally	MnMPlain	4.0000	6.0000	1.0000	5	1.0000	1.6969	1.1247	0.0847	0.0000	1.1247	0.1570	1.0000	0.0941	0.0945	-0.0005	0.1356
18.0000	8.0000	Respond Naturally	SunChips	6.0000	6.0000	3.0000	4	1.0000	1.1776	0.5212	0.2169	0.0000	0.5212	0.2035	1.0000	0.2255	0.2255	-0.0000	0.3590
18.0000	9.0000	Respond Naturally	EnglishCucumber	4.0000	5.0000	5.0000	5	-1.0000	1.1591	0.4698	-0.1729	0.0000	0.4698	0.1797	-1.0000	0.1288	0.1298	-0.0010	0.2710
18.0000	10.0000	Respond Naturally	GreenGrapes	3.0000	5.0000	4.0000	1	-1.0000	1.4283	0.7720	-0.0776	0.0000	0.7720	0.2710	-1.0000	0.1200	0.1212	-0.0012	0.2600
18.0000	11.0000	Focus on Health	YorkPeppermintPatties	4.0000	2.0000	2.0000	4	1.0000	1.7983	0.9910	0.0765	0.0000	0.9910	0.2219	1.0000	0.0668	0.0746	-0.0078	0.1154
18.0000	12.0000	Focus on Health	VegetableThins	5.0000	1.0000	3.0000	2	-1.0000	4.2530	3.4456	-0.1627	0.0000	3.4456	0.1440	-1.0000	0.1393	0.1393	-0.0000	0.3196
18.0000	13.0000	Focus on Health	FrozenCorn	4.0000	5.0000	5.0000	2	1.0000	1.3098	0.6713	0.0043	0.0000	0.6713	0.3265	1.0000	0.1018	0.1041	-0.0023	0.1850
18.0000	14.0000	Focus on Health	Bananas	6.0000	6.0000	6.0000	2	1.0000	1.0589	0.5040	0.1845	0.0000	0.5040	0.2334	1.0000	0.1305	0.1305	-0.0000	0.2151
18.0000	15.0000	Focus on Health	Smartfood	6.0000	6.0000	1.0000	4	-1.0000	1.6642	0.8400	-0.1422	0.0000	0.8400	0.1852	-1.0000	0.2817	0.2858	-0.0040	0.5193
18.0000	16.0000	Focus on Health	DriedHerring	2.0000	3.0000	5.0000	1	-1.0000	2.5374	0.6217	-0.1294	0.0000	0.6217	0.2116	-1.0000	0.1167	0.1167	-0.0000	0.4011
18.0000	17.0000	Focus on Health	AllBranBar	5.0000	6.0000	3.0000	3	1.0000	4.4704	3.0734	0.2286	3.0000	4.2348	0.2755	-1.0000	0.3917	0.3917	-0.0000	1.7444
18.0000	18.0000	Focus on Health	OikosYogurt	5.0000	6.0000	5.0000	3	1.0000	1.6966	0.8727	0.1545	0.0000	0.8727	0.1689	1.0000	0.1934	0.1938	-0.0004	0.2756
18.0000	19.0000	Focus on Health	PopTartStrawberry	5.0000	5.0000	1.0000	5	-1.0000	1.3946	0.7727	-0.0050	0.0000	0.7727	0.2064	-1.0000	0.1337	0.1337	-0.0000	0.2560
18.0000	20.0000	Focus on Health	BabyFoodCarrots	1.0000	5.0000	5.0000	5	-1.0000	1.7962	0.4700	-0.1947	0.0000	0.4700	0.3374	-1.0000	0.1493	0.1515	-0.0022	0.4661
18.0000	21.0000	Respond Naturally	RedPepper	4.0000	4.0000	6.0000	2	-1.0000	1.0258	0.4873	0.1323	0.0000	0.4873	0.2028	-1.0000	0.1275	0.1275	-0.0000	0.2898
18.0000	22.0000	Respond Naturally	IceCreamVanilla	4.0000	5.0000	3.0000	4	1.0000	1.6638	0.6383	0.1331	0.0000	0.6383	0.2208	1.0000	0.0778	0.0789	-0.0011	0.1752
18.0000	23.0000	Respond Naturally	PureFit	5.0000	5.0000	3.0000	2	-1.0000	1.5292	0.6718	-0.2645	0.0000	0.6718	0.1534	-1.0000	0.2197	0.2197	-0.0000	0.4164
18.0000	24.0000	Respond Naturally	SkimMilk	3.0000	3.0000	1.0000	4	-1.0000	1.0249	0.5036	-0.0287	0.0000	0.5036	0.2283	-1.0000	0.1918	0.1918	-0.0000	0.3291
18.0000	25.0000	Respond Naturally	FrozenPeaches	6.0000	6.0000	6.0000	2	1.0000	1.6122	0.4030	-0.0611	0.0000	0.4030	0.2346	1.0000	0.0487	0.0487	-0.0000	0.2197
18.0000	26.0000	Respond Naturally	Broccoli	1.0000	1.0000	6.0000	1	-1.0000	0.9415	0.4873	-0.3034	0.0000	0.4873	0.1480	-1.0000	0.1679	0.1679	-0.0000	0.2689
18.0000	27.0000	Respond Naturally	Mackerel	3.0000	1.0000	2.0000	1	-1.0000	1.0744	0.4363	-0.0000	0.0000	0.4363	0.2330	-1.0000	0.0709	0.0826	-0.0116	0.1958
18.0000	28.0000	Respond Naturally	Bananas	6.0000	3.0000	6.0000	3	1.0000	0.9408	0.4535	-0.0362	0.0000	0.4535	0.1706	1.0000	0.3157	0.3157	-0.0000	0.4881
18.0000	29.0000	Respond Naturally	SevenGrain	5.0000	5.0000	4.0000	1	1.0000	2.6388	1.2764	0.1156	1.0000	1.5289	0.1930	-1.0000	0.3163	0.3163	-0.0000	1.1597
18.0000	30.0000	Respond Naturally	Tempeh	6.0000	5.0000	4.0000	4	-1.0000	1.7633	0.7213	0.0222	0.0000	0.7213	0.3002	-1.0000	0.0722	0.0768	-0.0046	0.2401
18.0000	31.0000	Focus on Health	OikosYogurt	5.0000	5.0000	5.0000	6	1.0000	1.0426	0.5379	0.0018	0.0000	0.5379	0.2024	1.0000	0.1845	0.2018	-0.0173	0.3652
18.0000	32.0000	Focus on Health	Mentos	4.0000	5.0000	2.0000	5	-1.0000	0.9753	0.4873	-0.0552	0.0000	0.4873	0.2033	-1.0000	0.1739	0.1739	-0.0000	0.3172
18.0000	33.0000	Focus on Health	Twizzlers	4.0000	3.0000	2.0000	4	-1.0000	1.3951	0.8568	0.0020	0.0000	0.8568	0.2681	-1.0000	0.1416	0.1484	-0.0068	0.3893
18.0000	34.0000	Focus on Health	GreenPepper	1.0000	1.0000	6.0000	2	-1.0000	1.6969	1.1085	0.2103	0.0000	1.1085	0.2370	-1.0000	0.1097	0.1097	-0.0000	0.2148
18.0000	35.0000	Focus on Health	RomaineLettuce	1.0000	6.0000	6.0000	2	1.0000	2.1677	0.8566	-0.0453	0.0000	0.8566	0.3163	1.0000	0.0841	0.0898	-0.0057	0.2207
18.0000	36.0000	Focus on Health	GreenBeans	3.0000	3.0000	6.0000	4	1.0000	5.5451	0.5876	0.1579	1.0000	1.6134	0.3470	-1.0000	1.2111	1.2227	-0.0116	1.6675
18.0000	37.0000	Focus on Health	Celery	1.0000	1.0000	1.0000	2	-1.0000	1.1090	0.5038	-0.0648	0.0000	0.5038	0.2072	-1.0000	0.1000	0.1006	-0.0007	0.2288
18.0000	38.0000	Focus on Health	FrozenPeaches	5.0000	6.0000	5.0000	5	1.0000	0.9412	0.4033	0.2963	0.0000	0.4033	0.2698	1.0000	0.0095	0.0623	-0.0528	-0.1884
18.0000	39.0000	Focus on Health	RiceKrispiesCereal	5.0000	2.0000	5.0000	3	1.0000	4.3848	2.1658	0.3279	1.0000	2.8895	0.3791	-1.0000	0.7661	0.7662	-0.0001	1.6356
18.0000	40.0000	Focus on Health	Snickers	5.0000	2.0000	5.0000	3	-1.0000	1.0418	0.5205	0.0029	0.0000	0.5205	0.2029	-1.0000	0.1142	0.1249	-0.0108	0.2304
18.0000	41.0000	Focus on Health	GreenApple	6.0000	6.0000	6.0000	4	1.0000	1.0601	0.3196	0.2305	0.0000	0.3196	0.2516	1.0000	0.0560	0.1688	-0.1128	-0.5909
18.0000	42.0000	Focus on Health	Mackerel	3.0000	3.0000	4.0000	3	-1.0000	1.0930	0.4201	0.0079	0.0000	0.4201	0.2772	-1.0000	0.1700	0.1700	-0.0000	0.3041
18.0000	43.0000	Focus on Health	RaisinBran	5.0000	1.0000	5.0000	7	1.0000	1.5793	0.6541	0.0077	0.0000	0.6541	0.2527	1.0000	0.1198	0.1198	-0.0000	0.2099
18.0000	44.0000	Focus on Health	FrootLoops	5.0000	5.0000	4.0000	6	-1.0000	2.4536	0.6711	-0.3223	1.0000	0.8393	0.4076	1.0000	0.8125	0.8125	-0.0000	1.7297
18.0000	45.0000	Focus on Health	Skittles	5.0000	5.0000	2.0000	3	-1.0000	1.0924	0.5544	-0.1100	0.0000	0.5544	0.2239	-1.0000	0.1503	0.1503	-0.0000	0.2642
18.0000	46.0000	Focus on Health	MnMPeanuts	5.0000	5.0000	1.0000	2	-1.0000	0.9412	0.4369	-0.0946	0.0000	0.4369	0.2106	-1.0000	0.2032	0.2032	-0.0000	0.3176
18.0000	47.0000	Focus on Health	KashiBars	6.0000	5.0000	2.0000	1	1.0000	2.4529	1.7291	0.0424	0.0000	1.7291	0.2261	1.0000	0.2860	0.2860	-0.0000	0.4692
18.0000	48.0000	Focus on Health	LaysClassic	6.0000	6.0000	1.0000	3	-1.0000	1.0414	0.5707	-0.0669	0.0000	0.5707	0.2304	-1.0000	0.2007	0.2007	-0.0000	0.3363
18.0000	49.0000	Focus on Health	Tuna	4.0000	6.0000	5.0000	2	-1.0000	1.7975	1.2759	-0.1738	0.0000	1.2759	0.2050	-1.0000	0.2633	0.2633	-0.0000	0.3381
18.0000	50.0000	Focus on Health	Doritos	4.0000	6.0000	2.0000	2	-1.0000	1.0587	0.5709	-0.0144	0.0000	0.5709	0.2386	-1.0000	0.1803	0.1803	-0.0000	0.3008
18.0000	51.0000	Respond Naturally	Cheetos	6.0000	6.0000	5.0000	6	1.0000	1.0599	0.4709	0.0053	0.0000	0.4709	0.2888	1.0000	0.1860	0.1860	-0.0000	0.2838
18.0000	52.0000	Respond Naturally	PureFit	5.0000	6.0000	1.0000	4	-1.0000	1.6800	1.0580	-0.0291	0.0000	1.0580	0.2805	-1.0000	0.1464	0.1467	-0.0003	0.2666
18.0000	53.0000	Respond Naturally	AllBranBar	4.0000	3.0000	4.0000	1	-1.0000	1.1932	0.5540	0.0774	0.0000	0.5540	0.1949	-1.0000	0.1287	0.1287	-0.0000	0.2263
18.0000	54.0000	Respond Naturally	Celery	1.0000	1.0000	1.0000	4	-1.0000	0.8906	0.4704	-0.0045	0.0000	0.4704	0.2460	-1.0000	0.1606	0.1606	-0.0000	0.2655
18.0000	55.0000	Respond Naturally	ProMax	5.0000	5.0000	2.0000	4	1.0000	1.8821	0.8052	0.1179	2.0000	1.5625	0.3653	1.0000	0.1170	0.1170	-0.0000	0.1707
18.0000	56.0000	Respond Naturally	Pringles	6.0000	6.0000	1.0000	2	1.0000	1.0761	0.4202	0.1376	1.0000	0.5380	0.2656	-1.0000	0.1577	0.1695	-0.0119	0.7169
18.0000	57.0000	Respond Naturally	PCChipCookie	5.0000	5.0000	2.0000	2	1.0000	1.3288	0.3026	0.3038	0.0000	0.3026	0.1093	1.0000	0.0320	0.0759	-0.0439	0.2585
18.0000	58.0000	Respond Naturally	Asparagus	1.0000	1.0000	6.0000	3	-1.0000	1.1600	0.6216	-0.1196	0.0000	0.6216	0.2238	-1.0000	0.1555	0.1784	-0.0229	0.3244
18.0000	59.0000	Respond Naturally	CheeseNips	5.0000	6.0000	2.0000	2	1.0000	1.2613	0.6049	-0.0015	2.0000	0.9414	0.2120	1.0000	0.2336	0.2336	-0.0000	0.3291
18.0000	60.0000	Respond Naturally	MnMPlain	5.0000	6.0000	1.0000	3	1.0000	1.2446	0.5715	0.0133	0.0000	0.5715	0.2065	1.0000	0.1294	0.1294	-0.0000	0.2360
18.0000	61.0000	Focus on Health	Doritos	6.0000	6.0000	1.0000	5	-1.0000	0.9415	0.4202	-0.1724	0.0000	0.4202	0.2013	-1.0000	0.1780	0.1780	-0.0000	0.3136
18.0000	62.0000	Focus on Health	AppleChips	5.0000	6.0000	1.0000	2	1.0000	2.6061	0.6216	-0.0055	1.0000	0.7899	0.3147	-1.0000	0.7165	0.7165	-0.0000	1.7109
18.0000	63.0000	Focus on Health	FrozenCorn	4.0000	6.0000	5.0000	4	1.0000	1.0914	0.5875	0.1150	0.0000	0.5875	0.1950	1.0000	0.1392	0.1392	-0.0000	0.2090
18.0000	64.0000	Focus on Health	RaisinBran	5.0000	5.0000	4.0000	3	1.0000	1.7984	0.8061	0.1096	0.0000	0.8061	0.1293	1.0000	0.1438	0.1441	-0.0003	0.2530
18.0000	65.0000	Focus on Health	RedPepper	4.0000	1.0000	6.0000	5	-1.0000	1.4785	0.4532	-0.2604	0.0000	0.4532	0.2168	-1.0000	0.0361	0.0463	-0.0102	0.1523
18.0000	66.0000	Focus on Health	Smartfood	6.0000	6.0000	1.0000	2	-1.0000	1.0759	0.5204	-0.0592	0.0000	0.5204	0.3739	-1.0000	0.0384	0.0650	-0.0265	0.1827
18.0000	67.0000	Focus on Health	AllBranCereal	5.0000	6.0000	6.0000	6	1.0000	1.7305	0.8064	0.0000	0.0000	0.8064	0.1895	1.0000	0.1123	0.1123	-0.0000	0.1833
18.0000	68.0000	Focus on Health	FrozenOkra	1.0000	1.0000	6.0000	2	-1.0000	1.0251	0.4871	-0.1036	0.0000	0.4871	0.2139	-1.0000	0.1649	0.1652	-0.0003	0.3011
18.0000	69.0000	Focus on Health	SlimStyles	3.0000	3.0000	2.0000	6	-1.0000	2.4192	0.4704	-0.2656	0.0000	0.4704	0.2151	-1.0000	0.0713	0.0713	-0.0000	0.3343
18.0000	70.0000	Focus on Health	Snickers	5.0000	4.0000	2.0000	2	-1.0000	0.9247	0.4366	-0.2009	0.0000	0.4366	0.3180	-1.0000	0.0782	0.1415	-0.0633	0.2789
18.0000	71.0000	Respond Naturally	CannedArtichoke	1.0000	1.0000	6.0000	2	-1.0000	2.0002	1.2094	0.0485	0.0000	1.2094	0.2721	-1.0000	0.1048	0.1228	-0.0180	0.2221
18.0000	72.0000	Respond Naturally	Smarties	3.0000	5.0000	1.0000	5	1.0000	1.0247	0.4532	0.1179	0.0000	0.4532	0.1601	1.0000	0.1934	0.1934	-0.0000	0.3251
18.0000	73.0000	Respond Naturally	FrozenBroccoli	1.0000	1.0000	6.0000	6	-1.0000	0.8411	0.3867	0.0346	0.0000	0.3867	0.2495	-1.0000	0.0908	0.0920	-0.0013	0.1813
18.0000	74.0000	Respond Naturally	AllBranCereal	5.0000	5.0000	4.0000	2	-1.0000	1.2938	0.8734	-0.1857	0.0000	0.8734	0.2595	-1.0000	0.2099	0.2127	-0.0028	0.3093
18.0000	75.0000	Respond Naturally	SevenGrain	5.0000	6.0000	4.0000	3	-1.0000	1.2105	0.5378	0.0193	0.0000	0.5378	0.3262	-1.0000	0.1589	0.1598	-0.0009	0.3237
18.0000	76.0000	Respond Naturally	Twizzlers	4.0000	1.0000	5.0000	2	-1.0000	0.9753	0.4705	0.3683	0.0000	0.4705	0.1810	-1.0000	0.0674	0.0755	-0.0081	0.1375
18.0000	77.0000	Respond Naturally	OatBran	3.0000	1.0000	6.0000	2	-1.0000	1.3278	0.5040	-0.0064	0.0000	0.5040	0.1775	-1.0000	0.1065	0.1065	-0.0000	0.2328
18.0000	78.0000	Respond Naturally	Cheerios	5.0000	5.0000	3.0000	5	1.0000	1.3608	0.7556	0.0228	0.0000	0.7556	0.3140	1.0000	0.0892	0.1127	-0.0235	0.1924
18.0000	79.0000	Respond Naturally	YorkPeppermintPatties	5.0000	5.0000	3.0000	2	-1.0000	2.5551	0.5209	0.1088	1.0000	1.1092	0.2632	1.0000	0.7017	0.7017	-0.0000	1.2713
18.0000	80.0000	Respond Naturally	ProMax	4.0000	5.0000	2.0000	2	1.0000	1.6478	0.5715	-0.2234	3.0000	1.1770	0.3962	-1.0000	0.4918	0.4918	-0.0000	1.3413
18.0000	81.0000	Focus on Health	Orange	6.0000	6.0000	5.0000	5	1.0000	0.9924	0.4034	-0.1252	0.0000	0.4034	0.1749	1.0000	0.1151	0.1151	-0.0000	0.3378
18.0000	82.0000	Focus on Health	PopTartStrawberry	5.0000	6.0000	2.0000	2	-1.0000	0.9243	0.4874	-0.0687	0.0000	0.4874	0.2331	-1.0000	0.2094	0.2123	-0.0028	0.3605
18.0000	83.0000	Focus on Health	IceCreamChocolate	4.0000	1.0000	3.0000	1	-1.0000	1.5623	0.4704	-0.0949	1.0000	0.6216	0.2846	1.0000	0.7533	0.7533	-0.0000	1.6568
18.0000	84.0000	Focus on Health	TofuDessert	5.0000	6.0000	4.0000	2	1.0000	2.7746	0.5710	0.0104	2.0000	1.4120	0.2484	1.0000	0.7048	0.7048	-0.0000	1.4734
18.0000	85.0000	Focus on Health	ClifBar	5.0000	1.0000	4.0000	2	-1.0000	2.7064	0.3696	0.1582	2.0000	0.9414	0.3785	-1.0000	0.7251	0.7454	-0.0203	1.4978
18.0000	86.0000	Focus on Health	Cheetos	6.0000	6.0000	1.0000	3	-1.0000	0.8909	0.3865	0.0309	0.0000	0.3865	0.2944	-1.0000	0.0640	0.0805	-0.0165	0.2079
18.0000	87.0000	Focus on Health	TofuDessert	5.0000	5.0000	5.0000	4	1.0000	1.3280	0.6047	-0.0877	0.0000	0.6047	0.3008	1.0000	0.1382	0.1428	-0.0046	0.2838
18.0000	88.0000	Focus on Health	OatmealSquares	6.0000	6.0000	3.0000	7	1.0000	4.5050	1.9138	-0.0429	5.0000	3.6474	0.4078	-1.0000	0.6438	0.6440	-0.0002	1.6934
18.0000	89.0000	Focus on Health	GreenGrapes	5.0000	6.0000	6.0000	4	1.0000	0.9587	0.4706	0.2325	0.0000	0.4706	0.2195	1.0000	0.0134	0.0285	-0.0151	0.0828
18.0000	90.0000	Focus on Health	CoffeeCrisp	6.0000	5.0000	2.0000	1	-1.0000	1.0595	0.3868	0.0135	0.0000	0.3868	0.2187	-1.0000	0.0576	0.0912	-0.0336	0.2400
18.0000	91.0000	Respond Naturally	FrootLoops	5.0000	5.0000	2.0000	2	1.0000	1.4293	0.3694	-0.0500	1.0000	0.5545	0.3230	-1.0000	0.4879	0.4879	-0.0000	1.3809
18.0000	92.0000	Respond Naturally	OatmealSquares	6.0000	6.0000	5.0000	3	-1.0000	1.5959	0.9060	-0.3859	0.0000	0.9060	0.1676	-1.0000	0.1143	0.1143	-0.0000	0.2255
18.0000	93.0000	Respond Naturally	Prunes	4.0000	3.0000	4.0000	5	-1.0000	1.9154	1.1248	0.2769	1.0000	1.2932	0.1878	1.0000	0.1594	0.1594	-0.0000	0.6109
18.0000	94.0000	Respond Naturally	NatureValleyChocolate	5.0000	6.0000	3.0000	4	1.0000	1.3441	0.6717	-0.0643	0.0000	0.6717	0.2179	1.0000	0.1187	0.1187	-0.0000	0.1989
18.0000	95.0000	Respond Naturally	Caramilk	4.0000	5.0000	2.0000	2	1.0000	1.1762	0.5709	-0.0653	0.0000	0.5709	0.2186	1.0000	0.2189	0.2189	-0.0000	0.3459
18.0000	96.0000	Respond Naturally	Tempeh	3.0000	4.0000	4.0000	2	-1.0000	1.2267	0.4868	0.1089	0.0000	0.4868	0.1467	-1.0000	0.0826	0.0917	-0.0091	0.1877
18.0000	97.0000	Respond Naturally	CornFlakes	5.0000	6.0000	3.0000	6	1.0000	1.4291	0.5713	0.0147	0.0000	0.5713	0.0947	1.0000	0.1303	0.1303	-0.0000	0.2536
18.0000	98.0000	Respond Naturally	Onion	4.0000	3.0000	6.0000	4	-1.0000	1.2931	0.5041	-0.1235	0.0000	0.5041	0.2549	-1.0000	0.1806	0.1806	-0.0000	0.3799
18.0000	99.0000	Respond Naturally	HoneyNutCheerios	6.0000	6.0000	4.0000	5	1.0000	1.4290	0.5879	0.0677	0.0000	0.5879	0.1400	1.0000	0.0562	0.0562	-0.0000	0.1123
18.0000	100.0000	Respond Naturally	GreenApple	5.0000	1.0000	6.0000	2	1.0000	1.0090	0.4033	-0.0848	0.0000	0.4033	0.1963	1.0000	0.1497	0.1497	-0.0000	0.2419
18.0000	101.0000	Focus on Health	Triscuit	5.0000	5.0000	5.0000	2	-1.0000	1.5801	0.6385	0.1143	0.0000	0.6385	0.2470	-1.0000	0.0239	0.0265	-0.0026	0.1142
18.0000	102.0000	Focus on Health	SlicedTurkey	5.0000	5.0000	6.0000	2	1.0000	1.5634	0.5209	0.0000	0.0000	0.5209	0.2555	1.0000	0.0966	0.0966	-0.0000	0.2701
18.0000	103.0000	Focus on Health	SkittlesSour	6.0000	5.0000	1.0000	3	-1.0000	1.0430	0.4708	0.0031	0.0000	0.4708	0.1581	-1.0000	0.1302	0.1303	-0.0001	0.2101
18.0000	104.0000	Focus on Health	EnglishCucumber	1.0000	1.0000	6.0000	2	-1.0000	1.7983	0.3697	0.2808	0.0000	0.3697	0.1943	-1.0000	0.0156	0.0303	-0.0147	0.1397
18.0000	105.0000	Focus on Health	GreenPepper	4.0000	1.0000	5.0000	6	-1.0000	1.1098	0.4370	0.3154	0.0000	0.4370	0.1807	-1.0000	0.1422	0.1423	-0.0001	0.3042
18.0000	106.0000	Focus on Health	SunChips	5.0000	6.0000	1.0000	2	-1.0000	1.5472	0.4537	0.0785	2.0000	1.0761	0.2668	-1.0000	0.1924	0.1924	-0.0000	0.9507
18.0000	107.0000	Focus on Health	VanillaGreekYogurt	6.0000	6.0000	5.0000	2	1.0000	0.8573	0.4370	-0.2705	0.0000	0.4370	0.2571	1.0000	0.1225	0.1230	-0.0005	0.2225
18.0000	108.0000	Focus on Health	Raspberries	4.0000	6.0000	3.0000	5	1.0000	1.3452	0.6722	-0.2659	0.0000	0.6722	0.2479	1.0000	0.2254	0.2254	-0.0000	0.3693
18.0000	109.0000	Focus on Health	RitzCrackers	6.0000	6.0000	5.0000	2	-1.0000	1.3117	0.3699	0.1093	0.0000	0.3699	0.2261	-1.0000	0.1099	0.1099	-0.0000	0.2117
18.0000	110.0000	Focus on Health	FrozenPeas	4.0000	3.0000	6.0000	2	1.0000	2.5714	0.8060	-0.1704	1.0000	1.1251	0.2670	-1.0000	0.7687	0.7687	-0.0000	1.3968
18.0000	111.0000	Respond Naturally	AlmondMilk	1.0000	5.0000	5.0000	2	-1.0000	1.5133	0.4704	0.2309	0.0000	0.4704	0.2737	-1.0000	0.0583	0.0583	-0.0001	0.1215
18.0000	112.0000	Respond Naturally	Cauliflower	1.0000	1.0000	6.0000	2	-1.0000	1.3792	0.6384	0.0529	0.0000	0.6384	0.1794	-1.0000	0.1234	0.1234	-0.0000	0.2540
18.0000	113.0000	Respond Naturally	Fritos	6.0000	6.0000	1.0000	2	-1.0000	1.7661	0.7230	0.0806	2.0000	1.0259	0.1747	-1.0000	0.1390	0.1390	-0.0000	0.4699
18.0000	114.0000	Respond Naturally	WaterChestnuts	3.0000	5.0000	2.0000	5	-1.0000	1.0087	0.5377	0.1383	0.0000	0.5377	0.2250	-1.0000	0.1184	0.1210	-0.0026	0.2212
18.0000	115.0000	Respond Naturally	Avocado	1.0000	1.0000	6.0000	5	-1.0000	0.9244	0.5210	0.0652	0.0000	0.5210	0.2662	-1.0000	0.1087	0.1098	-0.0012	0.1828
18.0000	116.0000	Respond Naturally	BabyFoodCarrots	3.0000	6.0000	2.0000	3	-1.0000	1.0074	0.4703	0.0122	0.0000	0.4703	0.3223	-1.0000	0.0893	0.0893	-0.0000	0.1676
18.0000	117.0000	Respond Naturally	Shreddies	5.0000	4.0000	3.0000	2	-1.0000	2.3684	0.9573	-0.0000	0.0000	0.9573	0.1587	-1.0000	0.0714	0.0720	-0.0006	0.1635
18.0000	118.0000	Respond Naturally	FrozenBlueberries	5.0000	6.0000	5.0000	1	1.0000	1.4618	0.5209	-0.1563	0.0000	0.5209	0.1588	1.0000	0.2048	0.2048	-0.0000	0.3141
18.0000	119.0000	Respond Naturally	NatureValleyChocolate	3.0000	2.0000	4.0000	1	1.0000	1.1433	0.5548	0.0362	0.0000	0.5548	0.3842	1.0000	0.1686	0.1686	-0.0000	0.2455
18.0000	120.0000	Respond Naturally	BrusselsSprouts	1.0000	1.0000	1.0000	2	-1.0000	1.3112	0.6550	-0.0469	0.0000	0.6550	0.4438	-1.0000	0.1185	0.1381	-0.0196	0.2761
18.0000	121.0000	Respond Naturally	Broccoli	1.0000	1.0000	6.0000	4	-1.0000	1.2946	0.3698	0.0250	0.0000	0.3698	0.2970	-1.0000	0.0380	0.0560	-0.0181	0.1890
18.0000	122.0000	Respond Naturally	FrozenBroccoli	1.0000	1.0000	6.0000	2	-1.0000	1.1774	0.3867	0.2050	0.0000	0.3867	0.2414	-1.0000	0.0717	0.0868	-0.0152	0.2467
18.0000	123.0000	Respond Naturally	Butternut	5.0000	1.0000	5.0000	7	-1.0000	2.8915	0.6552	0.0050	1.0000	0.8234	0.2753	1.0000	0.7124	0.7124	-0.0000	1.7146
18.0000	124.0000	Respond Naturally	Reese	5.0000	3.0000	1.0000	4	1.0000	1.0585	0.3360	-0.2570	0.0000	0.3360	0.2048	1.0000	0.2705	0.2705	-0.0000	0.4601
18.0000	125.0000	Respond Naturally	DriedHerring	1.0000	1.0000	2.0000	3	-1.0000	1.0260	0.5379	0.0485	0.0000	0.5379	0.2367	-1.0000	0.1196	0.1205	-0.0010	0.2196
18.0000	126.0000	Respond Naturally	Aero	4.0000	1.0000	2.0000	3	1.0000	1.1427	0.3865	-0.0104	0.0000	0.3865	0.2296	1.0000	0.0859	0.0859	-0.0000	0.1897
18.0000	127.0000	Respond Naturally	SpeltCakes	5.0000	5.0000	3.0000	5	1.0000	3.5978	0.9569	-0.1258	2.0000	2.2863	0.3265	1.0000	0.6803	0.6803	-0.0000	1.3872
18.0000	128.0000	Respond Naturally	Almonds	6.0000	4.0000	4.0000	2	1.0000	3.0419	0.4538	-0.1161	1.0000	1.0421	0.2092	-1.0000	1.0317	1.0317	-0.0000	1.4558
18.0000	129.0000	Respond Naturally	Triscuit	5.0000	5.0000	4.0000	5	-1.0000	1.2609	0.4540	0.0899	0.0000	0.4540	0.1844	-1.0000	0.1041	0.1041	-0.0000	0.3377
18.0000	130.0000	Respond Naturally	Onion	1.0000	3.0000	5.0000	2	-1.0000	1.0928	0.3361	-0.0307	0.0000	0.3361	0.1625	-1.0000	0.1263	0.1263	-0.0000	0.2595
18.0000	131.0000	Focus on Health	WelchsFruitSnacks	5.0000	5.0000	2.0000	3	-1.0000	0.9586	0.4873	0.1096	0.0000	0.4873	0.3038	-1.0000	0.1637	0.1637	-0.0000	0.2522
18.0000	132.0000	Focus on Health	BrusselsSprouts	1.0000	1.0000	6.0000	4	-1.0000	1.5805	0.4033	-0.0209	2.0000	0.9248	0.2423	-1.0000	0.3302	0.3302	-0.0000	0.9649
18.0000	133.0000	Focus on Health	VegetableThins	6.0000	5.0000	6.0000	5	-1.0000	1.9493	0.5372	-0.1079	1.0000	0.7563	0.2177	1.0000	0.1633	0.1633	-0.0000	1.0297
18.0000	134.0000	Focus on Health	CornFlakes	5.0000	5.0000	3.0000	3	-1.0000	1.6467	0.5205	-0.0000	3.0000	1.2260	0.2204	1.0000	0.3210	0.3211	-0.0000	1.1084
18.0000	135.0000	Focus on Health	AppleChips	4.0000	5.0000	6.0000	5	1.0000	1.0089	0.4705	0.0159	0.0000	0.4705	0.2609	1.0000	0.1473	0.1473	-0.0000	0.2798
18.0000	136.0000	Focus on Health	WelchsFruitSnacks	4.0000	5.0000	2.0000	1	-1.0000	0.9755	0.4539	0.1667	0.0000	0.4539	0.2465	-1.0000	0.0558	0.1065	-0.0507	0.2324
18.0000	137.0000	Focus on Health	Cauliflower	1.0000	5.0000	6.0000	6	-1.0000	1.8654	0.5380	0.2231	0.0000	0.5380	0.2739	-1.0000	0.0375	0.0394	-0.0019	0.1982
18.0000	138.0000	Focus on Health	Mars	4.0000	6.0000	2.0000	2	-1.0000	1.2778	0.8233	0.0015	0.0000	0.8233	0.2208	-1.0000	0.1567	0.1567	-0.0000	0.2414
18.0000	139.0000	Focus on Health	KashiBars	6.0000	5.0000	4.0000	4	1.0000	1.7329	0.3700	-0.2380	1.0000	0.8244	0.3161	-1.0000	0.6484	0.6537	-0.0052	1.4285
18.0000	140.0000	Focus on Health	IceCreamChocolate	4.0000	4.0000	4.0000	4	-1.0000	2.1181	0.4201	-0.1637	0.0000	0.4201	0.0922	-1.0000	0.0768	0.0768	-0.0000	0.2666
18.0000	141.0000	Focus on Health	MnMPeanuts	6.0000	3.0000	2.0000	4	-1.0000	0.9085	0.3194	0.0020	0.0000	0.3194	0.1280	-1.0000	0.1179	0.1179	-0.0000	0.2149
18.0000	142.0000	Focus on Health	Pringles	6.0000	6.0000	1.0000	5	-1.0000	1.0419	0.6213	-0.0645	0.0000	0.6213	0.3525	-1.0000	0.1460	0.1525	-0.0064	0.4971
18.0000	143.0000	Focus on Health	BBQCrisps	6.0000	6.0000	6.0000	6	-1.0000	0.8916	0.4034	-0.0411	0.0000	0.4034	0.2183	-1.0000	0.0806	0.0806	-0.0000	0.2195
18.0000	144.0000	Focus on Health	Beets	1.0000	1.0000	3.0000	5	-1.0000	2.2687	0.5879	-0.0000	0.0000	0.5879	0.2289	-1.0000	0.0595	0.0595	-0.0000	0.1905
18.0000	145.0000	Focus on Health	Aero	4.0000	5.0000	2.0000	1	-1.0000	1.2439	0.4533	0.0188	1.0000	0.7059	0.2515	1.0000	0.3430	0.3430	-0.0000	1.1477
18.0000	146.0000	Focus on Health	Shreddies	6.0000	5.0000	5.0000	5	-1.0000	1.1091	0.4869	-0.0000	0.0000	0.4869	0.1522	-1.0000	0.1289	0.1289	-0.0000	0.2050
18.0000	147.0000	Focus on Health	Smarties	5.0000	5.0000	2.0000	2	-1.0000	0.8406	0.3697	0.1332	0.0000	0.3697	0.1549	-1.0000	0.1371	0.1373	-0.0001	0.2414
18.0000	148.0000	Focus on Health	ClifBar	5.0000	6.0000	4.0000	4	-1.0000	1.2439	0.7054	0.0322	0.0000	0.7054	0.1973	-1.0000	0.1526	0.1579	-0.0053	0.2607
18.0000	149.0000	Focus on Health	PCChipCookie	6.0000	5.0000	2.0000	5	-1.0000	1.3445	0.6046	0.2688	1.0000	0.7558	0.2670	1.0000	0.3729	0.3729	-0.0000	1.4160
18.0000	150.0000	Focus on Health	ClamJuice	3.0000	1.0000	4.0000	1	-1.0000	1.3779	0.5211	0.0983	0.0000	0.5211	0.2017	-1.0000	0.1011	0.1011	-0.0000	0.2358
18.0000	151.0000	Respond Naturally	Nutella	4.0000	6.0000	3.0000	1	1.0000	1.6318	0.3702	0.3436	1.0000	0.7068	0.3633	-1.0000	0.6776	0.6782	-0.0006	1.3569
18.0000	152.0000	Respond Naturally	CoffeeCrisp	6.0000	6.0000	5.0000	3	1.0000	1.2791	0.5047	-0.1671	0.0000	0.5047	0.3062	1.0000	0.0968	0.1414	-0.0446	0.6949
18.0000	153.0000	Respond Naturally	Butternut	5.0000	6.0000	5.0000	3	-1.0000	1.9684	0.1684	-0.1173	1.0000	0.5389	0.2967	1.0000	0.8070	0.8070	-0.0000	1.3330
18.0000	154.0000	Respond Naturally	DriedApricots	6.0000	6.0000	5.0000	5	-1.0000	1.0263	0.3531	-0.1023	1.0000	0.4709	0.1539	1.0000	0.2566	0.2566	-0.0000	0.6683
18.0000	155.0000	Respond Naturally	WaterChestnuts	3.0000	4.0000	4.0000	3	-1.0000	0.9258	0.4207	-0.1810	0.0000	0.4207	0.2737	-1.0000	0.1044	0.1044	-0.0000	0.2159
18.0000	156.0000	Respond Naturally	SkittlesSour	4.0000	6.0000	2.0000	6	-1.0000	1.0421	0.5213	-0.1332	0.0000	0.5213	0.2343	-1.0000	0.1263	0.1274	-0.0010	0.2443
18.0000	157.0000	Respond Naturally	SlimStyles	4.0000	4.0000	4.0000	2	-1.0000	0.9079	0.4367	-0.0000	0.0000	0.4367	0.1826	-1.0000	0.0460	0.0460	-0.0000	0.1730
18.0000	158.0000	Respond Naturally	Avocado	3.0000	1.0000	6.0000	2	-1.0000	0.9587	0.4708	-0.2312	0.0000	0.4708	0.1697	-1.0000	0.1311	0.1319	-0.0009	0.2555
18.0000	159.0000	Respond Naturally	Cheerios	5.0000	6.0000	4.0000	2	1.0000	0.9751	0.4538	0.0000	0.0000	0.4538	0.1858	1.0000	0.2333	0.2333	-0.0000	0.4031
18.0000	160.0000	Respond Naturally	RufflesSourCreamOnion	6.0000	6.0000	1.0000	3	1.0000	1.1759	0.5202	0.0413	0.0000	0.5202	0.1397	1.0000	0.1168	0.1168	-0.0000	0.3519
18.0000	161.0000	Focus on Health	OatBran	2.0000	4.0000	4.0000	4	-1.0000	2.3361	0.5041	0.0778	0.0000	0.5041	0.2376	-1.0000	0.0681	0.0681	-0.0000	0.2474
18.0000	162.0000	Focus on Health	Prunes	4.0000	3.0000	5.0000	2	-1.0000	1.1769	0.5884	-0.0196	0.0000	0.5884	0.2266	-1.0000	0.1642	0.1642	-0.0000	0.2862
18.0000	163.0000	Focus on Health	Tuna	4.0000	5.0000	5.0000	4	-1.0000	0.9082	0.4369	-0.0279	0.0000	0.4369	0.4139	-1.0000	0.2550	0.2550	-0.0000	0.4414
18.0000	164.0000	Focus on Health	FrozenPeas	3.0000	3.0000	1.0000	6	-1.0000	1.3786	0.8907	0.0191	0.0000	0.8907	0.5102	-1.0000	0.1151	0.1259	-0.0109	0.1958
18.0000	165.0000	Focus on Health	MangoChunks	5.0000	6.0000	2.0000	2	1.0000	0.9251	0.3699	-0.1185	0.0000	0.3699	0.1899	1.0000	0.1246	0.1428	-0.0182	0.3166
18.0000	166.0000	Focus on Health	BBQCrisps	6.0000	6.0000	1.0000	2	-1.0000	1.4123	0.5541	0.1059	0.0000	0.5541	0.3690	-1.0000	0.0887	0.0887	-0.0000	0.2795
18.0000	167.0000	Focus on Health	Nutella	4.0000	3.0000	2.0000	4	1.0000	1.4618	0.4701	-0.1833	0.0000	0.4701	0.1987	1.0000	0.0831	0.0966	-0.0135	0.1644
18.0000	168.0000	Focus on Health	Spinach	1.0000	1.0000	6.0000	2	-1.0000	1.7147	1.1933	0.2138	0.0000	1.1933	0.2649	-1.0000	0.0920	0.0920	-0.0000	0.1551
18.0000	169.0000	Focus on Health	RomaineLettuce	1.0000	1.0000	6.0000	4	-1.0000	1.3113	0.3865	0.0888	0.0000	0.3865	0.3441	-1.0000	0.0135	0.0523	-0.0388	0.1508
18.0000	170.0000	Focus on Health	Orange	6.0000	6.0000	6.0000	1	1.0000	1.1776	0.4874	0.0359	0.0000	0.4874	0.1283	1.0000	0.1810	0.1810	-0.0000	0.2388
18.0000	171.0000	Respond Naturally	HoneyNutCheerios	6.0000	6.0000	4.0000	2	1.0000	1.1262	0.4702	-0.0794	0.0000	0.4702	0.2157	1.0000	0.1023	0.1116	-0.0093	0.2373
18.0000	172.0000	Respond Naturally	GreenBeans	3.0000	1.0000	1.0000	2	-1.0000	1.0604	0.4545	-0.1929	1.0000	0.5891	0.3114	1.0000	0.1844	0.2026	-0.0182	0.5767
18.0000	173.0000	Respond Naturally	Strawberries	5.0000	6.0000	4.0000	2	1.0000	1.5476	0.1514	0.1115	0.0000	0.1514	0.1564	1.0000	0.1542	0.1542	-0.0000	0.3743
18.0000	174.0000	Respond Naturally	Starburst	4.0000	6.0000	2.0000	6	1.0000	1.0930	0.6386	0.0339	0.0000	0.6386	0.2742	1.0000	0.1979	0.2104	-0.0125	0.3587
18.0000	175.0000	Respond Naturally	BabyFoodSweetPotatos	3.0000	3.0000	3.0000	2	-1.0000	0.8407	0.3864	0.0289	0.0000	0.3864	0.3230	-1.0000	0.1324	0.1324	-0.0000	0.2786
18.0000	176.0000	Respond Naturally	VanillaGreekYogurt	5.0000	5.0000	5.0000	4	1.0000	0.9241	0.4197	0.0151	0.0000	0.4197	0.2164	1.0000	0.2308	0.2311	-0.0003	0.3704
18.0000	177.0000	Respond Naturally	RitzCrackers	5.0000	6.0000	2.0000	5	1.0000	1.5978	0.5379	0.0155	1.0000	0.8579	0.2069	-1.0000	0.2754	0.2941	-0.0188	0.8655
18.0000	178.0000	Respond Naturally	Fritos	6.0000	6.0000	1.0000	5	-1.0000	1.2783	0.2520	-0.0564	1.0000	0.4371	0.3150	1.0000	0.4966	0.4966	-0.0000	1.3606
18.0000	179.0000	Respond Naturally	SlicedTurkey	6.0000	6.0000	5.0000	5	-1.0000	1.5976	0.8742	-0.5043	0.0000	0.8742	0.1570	-1.0000	0.1558	0.1560	-0.0002	0.2705
18.0000	180.0000	Respond Naturally	RufflesSourCreamOnion	6.0000	6.0000	1.0000	5	1.0000	1.0427	0.4034	0.0701	0.0000	0.4034	0.2377	1.0000	0.0747	0.0747	-0.0000	0.1316
18.0000	181.0000	Focus on Health	ClamJuice	1.0000	3.0000	2.0000	3	-1.0000	1.0246	0.4868	-0.1629	0.0000	0.4868	0.1512	-1.0000	0.1553	0.1553	-0.0000	0.2243
18.0000	182.0000	Focus on Health	LaysClassic	6.0000	6.0000	1.0000	4	-1.0000	1.6299	0.9735	-0.0043	0.0000	0.9735	0.1248	-1.0000	0.1840	0.1840	-0.0000	0.2680
18.0000	183.0000	Focus on Health	Caramilk	5.0000	6.0000	2.0000	5	-1.0000	1.7154	0.4871	-0.0606	1.0000	0.7900	0.4195	1.0000	0.4312	0.4315	-0.0003	1.6004
18.0000	184.0000	Focus on Health	Almonds	4.0000	5.0000	6.0000	4	1.0000	1.9341	0.8064	-0.1037	1.0000	1.2776	0.2723	-1.0000	0.4051	0.4051	-0.0000	1.1236
18.0000	185.0000	Focus on Health	Spinach	1.0000	1.0000	6.0000	4	-1.0000	1.9494	0.5712	0.0609	0.0000	0.5712	0.2195	-1.0000	0.0613	0.0613	-0.0000	0.2373
18.0000	186.0000	Focus on Health	FrozenBlueberries	5.0000	6.0000	5.0000	3	1.0000	1.1606	0.5887	0.1670	0.0000	0.5887	0.3511	1.0000	0.1108	0.1108	-0.0000	0.4102
18.0000	187.0000	Focus on Health	Raspberries	5.0000	6.0000	6.0000	4	1.0000	1.1606	0.4372	-0.0756	0.0000	0.4372	0.1461	1.0000	0.1424	0.1430	-0.0005	0.2703
18.0000	188.0000	Focus on Health	FrozenOkra	1.0000	1.0000	6.0000	5	-1.0000	1.1939	0.4538	-0.0000	0.0000	0.4538	0.1966	-1.0000	0.1458	0.1458	-0.0000	0.3575
18.0000	189.0000	Focus on Health	IceCreamVanilla	4.0000	6.0000	3.0000	1	1.0000	1.3283	0.5042	0.1677	0.0000	0.5042	0.1658	1.0000	0.0724	0.0724	-0.0000	0.2289
18.0000	190.0000	Focus on Health	Beets	3.0000	3.0000	4.0000	2	-1.0000	0.9412	0.5713	0.1672	0.0000	0.5713	0.2560	-1.0000	0.2141	0.2142	-0.0000	0.3332
18.0000	191.0000	Respond Naturally	CannedArtichoke	1.0000	1.0000	1.0000	5	-1.0000	1.1934	0.4534	-0.0856	0.0000	0.4534	0.2292	-1.0000	0.1098	0.1098	-0.0000	0.2844
18.0000	192.0000	Respond Naturally	Strawberries	6.0000	3.0000	4.0000	3	1.0000	0.9413	0.4872	0.0000	0.0000	0.4872	0.2410	1.0000	0.1848	0.1848	-0.0000	0.4358
18.0000	193.0000	Respond Naturally	SkimMilk	3.0000	3.0000	2.0000	1	-1.0000	1.1100	0.5211	-0.0000	0.0000	0.5211	0.1255	-1.0000	0.1698	0.1698	-0.0000	0.2642
18.0000	194.0000	Respond Naturally	CheeseNips	6.0000	5.0000	1.0000	5	-1.0000	1.4119	0.5040	0.2052	0.0000	0.5040	0.2276	-1.0000	0.1216	0.1217	-0.0001	0.3222
18.0000	195.0000	Respond Naturally	RiceKrispiesCereal	5.0000	4.0000	5.0000	7	1.0000	1.1773	0.5715	-0.0821	0.0000	0.5715	0.2913	1.0000	0.0726	0.1096	-0.0370	0.2276
18.0000	196.0000	Respond Naturally	SpeltCakes	4.0000	3.0000	5.0000	2	1.0000	2.5571	1.1266	0.0195	2.0000	2.0861	0.2912	1.0000	0.2520	0.2520	-0.0000	0.6038
18.0000	197.0000	Respond Naturally	Skittles	5.0000	6.0000	2.0000	6	1.0000	2.2354	1.4282	-0.0671	0.0000	1.4282	0.2525	1.0000	0.0990	0.1107	-0.0117	0.1692
18.0000	198.0000	Respond Naturally	Starburst	5.0000	5.0000	2.0000	3	1.0000	1.1772	0.6389	0.2992	0.0000	0.6389	0.2999	1.0000	0.0755	0.0755	-0.0000	0.1474
18.0000	199.0000	Respond Naturally	Reese	5.0000	6.0000	2.0000	1	-1.0000	1.2109	0.6052	-0.3414	0.0000	0.6052	0.2814	-1.0000	0.1517	0.1557	-0.0040	0.5529
18.0000	200.0000	Respond Naturally	AlmondMilk	1.0000	1.0000	4.0000	4	-1.0000	7.7117	5.9460	-0.1863	0.0000	5.9460	0.1121	-1.0000	0.0969	0.1005	-0.0036	-0.1788
