Subject	Trial	Instruction	Food	Liking	Taste	Health	Amount	Choice	ChoiceRT	FirstDevTimeChoice	InitAngleChoice	NumChangeMindChoice	FinalDevTimeChoice	MaxVelocityChoice	DrxFirstDevChoice	TotalAUCChoice	AUCtoNonChosenChoice	AUCtoChosenChoice	MaxDevChoice
103.0000	1.0000	Respond Naturally	AllBranBar	4.0000	4.0000	4.0000	1	-1.0000	3.4440	0.9243	-0.0000	0.0000	0.9243	0.0795	-1.0000	0.1552	0.1552	-0.0000	0.3897
103.0000	2.0000	Respond Naturally	ClamJuice	1.0000	1.0000	6.0000	3	-1.0000	1.5967	0.6221	-0.0000	0.0000	0.6221	0.0911	-1.0000	0.0847	0.0847	-0.0000	0.2501
103.0000	3.0000	Respond Naturally	Onion	5.0000	5.0000	6.0000	2	-1.0000	7.8765	0.8237	-0.0000	2.0000	5.2228	0.1536	-1.0000	0.1612	0.1614	-0.0002	0.9630
103.0000	4.0000	Respond Naturally	FrozenOkra	6.0000	6.0000	6.0000	2	1.0000	2.0499	0.8905	0.0227	0.0000	0.8905	0.2195	1.0000	0.0207	0.0427	-0.0221	0.1567
103.0000	5.0000	Respond Naturally	RufflesSourCreamOnion	3.0000	2.0000	2.0000	3	-1.0000	1.4288	0.7400	-0.0000	0.0000	0.7400	0.2125	-1.0000	0.0379	0.0399	-0.0020	0.1050
103.0000	6.0000	Respond Naturally	Prunes	5.0000	4.0000	6.0000	2	-1.0000	9.8071	0.6721	-0.2221	4.0000	9.2191	0.3700	-1.0000	0.5730	0.5744	-0.0014	1.4202
103.0000	7.0000	Respond Naturally	IceCreamChocolate	5.0000	6.0000	2.0000	1	-1.0000	2.3188	1.0422	-0.2583	0.0000	1.0422	0.1908	-1.0000	0.0463	0.0568	-0.0106	0.1655
103.0000	8.0000	Respond Naturally	Nutella	6.0000	6.0000	1.0000	1	1.0000	2.0502	0.9082	0.1350	0.0000	0.9082	0.1448	1.0000	0.0547	0.0680	-0.0133	0.2667
103.0000	9.0000	Respond Naturally	BrusselsSprouts	5.0000	5.0000	5.0000	2	-1.0000	1.5794	0.7561	-0.2112	0.0000	0.7561	0.2613	-1.0000	0.0272	0.0616	-0.0344	-0.1736
103.0000	10.0000	Respond Naturally	Mackerel	2.0000	3.0000	6.0000	3	-1.0000	1.4618	0.7227	-0.0000	0.0000	0.7227	0.1942	-1.0000	0.0862	0.0862	-0.0000	0.1419
103.0000	11.0000	Decrease Desire	Celery	6.0000	5.0000	6.0000	2	1.0000	2.4190	1.2766	0.0000	0.0000	1.2766	0.1726	1.0000	0.0941	0.1058	-0.0117	0.2509
103.0000	12.0000	Decrease Desire	RaisinBran	6.0000	3.0000	5.0000	7	-1.0000	1.2437	0.5884	-0.0065	0.0000	0.5884	0.1546	-1.0000	0.0254	0.0403	-0.0149	0.0882
103.0000	13.0000	Decrease Desire	Smarties	4.0000	2.0000	1.0000	2	-1.0000	3.6808	1.8148	-0.1452	2.0000	2.9245	0.2319	-1.0000	0.1961	0.1994	-0.0033	0.7017
103.0000	14.0000	Decrease Desire	PureFit	4.0000	3.0000	4.0000	2	-1.0000	1.4288	0.6222	-0.0000	0.0000	0.6222	0.1443	-1.0000	0.1015	0.1015	-0.0000	0.2377
103.0000	15.0000	Decrease Desire	Prunes	4.0000	3.0000	6.0000	5	-1.0000	1.2273	0.3870	0.1035	0.0000	0.3870	0.2179	-1.0000	-0.0496	0.0321	-0.0818	-0.4127
103.0000	16.0000	Decrease Desire	Orange	6.0000	6.0000	6.0000	1	1.0000	1.3949	0.3361	-0.2660	1.0000	0.5547	0.3695	-1.0000	0.0433	0.1395	-0.0962	0.6105
103.0000	17.0000	Decrease Desire	Reese	4.0000	2.0000	1.0000	1	-1.0000	1.4621	0.4542	-0.0496	0.0000	0.4542	0.2097	-1.0000	0.0657	0.0657	-0.0000	0.1528
103.0000	18.0000	Decrease Desire	AlmondMilk	3.0000	3.0000	4.0000	4	-1.0000	1.0924	0.4876	-0.1165	0.0000	0.4876	0.1846	-1.0000	0.0498	0.0501	-0.0003	0.1178
103.0000	19.0000	Decrease Desire	CoffeeCrisp	2.0000	1.0000	1.0000	1	-1.0000	1.1767	0.4710	0.0566	0.0000	0.4710	0.1543	-1.0000	0.0716	0.0716	-0.0000	0.1640
103.0000	20.0000	Decrease Desire	DriedApricots	6.0000	6.0000	6.0000	2	1.0000	1.4619	0.3697	0.0000	1.0000	0.6553	0.3155	-1.0000	0.1054	0.1757	-0.0703	0.8135
103.0000	21.0000	Respond Naturally	Tuna	2.0000	4.0000	5.0000	4	-1.0000	1.3947	0.4035	0.0044	0.0000	0.4035	0.2694	-1.0000	-0.0286	0.0379	-0.0665	-0.3065
103.0000	22.0000	Respond Naturally	Cauliflower	5.0000	5.0000	5.0000	2	1.0000	5.6932	0.3531	-0.1780	5.0000	3.6277	0.1895	-1.0000	0.8349	0.8351	-0.0002	1.6682
103.0000	23.0000	Respond Naturally	Almonds	5.0000	6.0000	5.0000	2	1.0000	1.4951	0.5374	-0.1171	0.0000	0.5374	0.1858	1.0000	0.0192	0.0418	-0.0227	0.1151
103.0000	24.0000	Respond Naturally	YorkPeppermintPatties	3.0000	3.0000	1.0000	2	-1.0000	1.4619	0.7226	0.2767	0.0000	0.7226	0.2470	-1.0000	0.0726	0.0726	-0.0000	0.1756
103.0000	25.0000	Respond Naturally	Beets	5.0000	5.0000	5.0000	2	-1.0000	9.9903	0.5882	-0.0000	2.0000	1.9662	0.2385	-1.0000	0.6366	0.6366	-0.0000	1.3724
103.0000	26.0000	Respond Naturally	FrootLoops	3.0000	5.0000	1.0000	6	-1.0000	1.5127	0.6390	0.0147	0.0000	0.6390	0.1268	-1.0000	0.0564	0.0578	-0.0013	0.1252
103.0000	27.0000	Respond Naturally	KashiBars	4.0000	5.0000	4.0000	4	-1.0000	1.0589	0.5044	0.1434	0.0000	0.5044	0.1484	-1.0000	0.0603	0.0603	-0.0000	0.1154
103.0000	28.0000	Respond Naturally	VegetableThins	1.0000	3.0000	4.0000	5	-1.0000	0.9240	0.4032	-0.1336	0.0000	0.4032	0.1633	-1.0000	0.0880	0.0880	-0.0000	0.1785
103.0000	29.0000	Respond Naturally	Orange	6.0000	6.0000	6.0000	5	1.0000	1.4619	0.4707	-0.0476	0.0000	0.4707	0.3260	1.0000	0.0407	0.0543	-0.0137	0.2390
103.0000	30.0000	Respond Naturally	Cheerios	4.0000	1.0000	3.0000	2	-1.0000	1.2939	0.4708	0.0337	0.0000	0.4708	0.1659	-1.0000	0.0468	0.0537	-0.0069	0.1338
103.0000	31.0000	Decrease Desire	DriedApricots	5.0000	6.0000	6.0000	5	-1.0000	1.6298	0.9409	0.1450	0.0000	0.9409	0.1501	-1.0000	0.0840	0.0840	-0.0000	0.1535
103.0000	32.0000	Decrease Desire	CoffeeCrisp	2.0000	1.0000	1.0000	3	-1.0000	0.8067	0.2859	0.3733	0.0000	0.2859	0.1767	-1.0000	0.0546	0.0547	-0.0001	0.1244
103.0000	33.0000	Decrease Desire	FrozenCorn	3.0000	6.0000	5.0000	4	-1.0000	1.1421	0.3860	-0.0000	0.0000	0.3860	0.1110	-1.0000	0.1168	0.1168	-0.0000	0.2266
103.0000	34.0000	Decrease Desire	BBQCrisps	1.0000	3.0000	1.0000	6	-1.0000	1.0417	0.2858	0.0122	0.0000	0.2858	0.2200	-1.0000	0.0444	0.0444	-0.0000	0.0687
103.0000	35.0000	Decrease Desire	OatmealSquares	5.0000	4.0000	5.0000	3	-1.0000	2.1833	0.3025	0.1417	0.0000	0.3025	0.1642	-1.0000	-0.0001	0.0206	-0.0207	-0.1446
103.0000	36.0000	Decrease Desire	Aero	6.0000	6.0000	2.0000	1	1.0000	1.7293	0.2690	-0.2913	1.0000	0.5538	0.5809	-1.0000	0.1342	0.2292	-0.0950	1.3242
103.0000	37.0000	Decrease Desire	Asparagus	5.0000	5.0000	5.0000	3	1.0000	1.5794	0.3530	0.0000	1.0000	0.6387	0.2360	-1.0000	0.1322	0.1442	-0.0120	0.7059
103.0000	38.0000	Decrease Desire	Skittles	1.0000	1.0000	1.0000	6	-1.0000	1.2604	0.4202	0.1316	0.0000	0.4202	0.1656	-1.0000	0.0459	0.0891	-0.0433	0.2283
103.0000	39.0000	Decrease Desire	SlimStyles	1.0000	1.0000	4.0000	6	-1.0000	1.3106	0.5377	0.1306	0.0000	0.5377	0.1523	-1.0000	0.1257	0.1257	-0.0000	0.3310
103.0000	40.0000	Decrease Desire	PCChipCookie	5.0000	6.0000	1.0000	5	-1.0000	1.4789	0.2859	0.1784	2.0000	0.8236	0.2644	-1.0000	0.1272	0.1328	-0.0055	0.4581
103.0000	41.0000	Respond Naturally	Broccoli	6.0000	6.0000	6.0000	1	1.0000	1.3775	0.5375	-0.1191	0.0000	0.5375	0.1695	1.0000	0.1286	0.1286	-0.0000	0.4372
103.0000	42.0000	Respond Naturally	Avocado	6.0000	6.0000	6.0000	2	1.0000	1.2267	0.3698	-0.2091	0.0000	0.3698	0.2525	1.0000	0.0904	0.0904	-0.0000	0.1506
103.0000	43.0000	Respond Naturally	OatmealSquares	4.0000	3.0000	5.0000	7	-1.0000	0.9406	0.4367	-0.0194	0.0000	0.4367	0.2149	-1.0000	0.0465	0.0465	-0.0000	0.0973
103.0000	44.0000	Respond Naturally	Strawberries	3.0000	4.0000	5.0000	3	-1.0000	1.1921	0.3523	0.2528	0.0000	0.3523	0.1408	-1.0000	0.0281	0.0504	-0.0223	0.1272
103.0000	45.0000	Respond Naturally	GreenApple	6.0000	5.0000	6.0000	4	1.0000	1.5454	0.3026	-0.2214	1.0000	0.4537	0.3025	-1.0000	0.0843	0.1066	-0.0223	0.4592
103.0000	46.0000	Respond Naturally	SkimMilk	5.0000	5.0000	5.0000	4	1.0000	8.5811	0.3530	-0.3002	5.0000	4.4168	0.3960	-1.0000	0.2761	0.3404	-0.0643	1.5081
103.0000	47.0000	Respond Naturally	Butternut	3.0000	2.0000	5.0000	7	-1.0000	1.3773	0.3863	0.1772	0.0000	0.3863	0.2136	-1.0000	0.0131	0.0256	-0.0125	0.1004
103.0000	48.0000	Respond Naturally	Aero	6.0000	6.0000	1.0000	3	1.0000	1.2098	0.4032	-0.1208	0.0000	0.4032	0.3167	1.0000	-0.0048	0.0193	-0.0241	-0.1366
103.0000	49.0000	Respond Naturally	Tempeh	2.0000	2.0000	2.0000	2	-1.0000	1.2266	0.5713	0.1049	0.0000	0.5713	0.2121	-1.0000	0.0837	0.0837	-0.0000	0.1735
103.0000	50.0000	Respond Naturally	Caramilk	6.0000	6.0000	2.0000	2	1.0000	1.3273	0.4033	-0.1743	0.0000	0.4033	0.2699	1.0000	0.0339	0.0660	-0.0321	0.2078
103.0000	51.0000	Decrease Desire	Doritos	1.0000	1.0000	1.0000	2	-1.0000	1.1260	0.4371	-0.1418	0.0000	0.4371	0.2181	-1.0000	0.0790	0.0805	-0.0015	0.1574
103.0000	52.0000	Decrease Desire	Twizzlers	1.0000	2.0000	1.0000	4	-1.0000	1.1428	0.2522	-0.0000	0.0000	0.2522	0.1666	-1.0000	0.0863	0.1155	-0.0292	0.2634
103.0000	53.0000	Decrease Desire	Pringles	2.0000	2.0000	1.0000	2	-1.0000	0.9074	0.2520	-0.0000	0.0000	0.2520	0.1557	-1.0000	0.0383	0.0445	-0.0062	0.1352
103.0000	54.0000	Decrease Desire	YorkPeppermintPatties	2.0000	3.0000	4.0000	4	-1.0000	1.1426	0.2523	0.0843	0.0000	0.2523	0.2436	-1.0000	-0.0116	0.0392	-0.0507	-0.1990
103.0000	55.0000	Decrease Desire	GreenApple	6.0000	6.0000	6.0000	2	1.0000	1.4453	0.2690	0.0448	1.0000	0.4203	0.2440	-1.0000	0.0366	0.0529	-0.0163	0.3692
103.0000	56.0000	Decrease Desire	AllBranBar	4.0000	4.0000	5.0000	3	-1.0000	1.6129	0.3866	-0.0905	0.0000	0.3866	0.1882	-1.0000	0.0199	0.0374	-0.0175	0.1137
103.0000	57.0000	Decrease Desire	WelchsFruitSnacks	1.0000	1.0000	1.0000	1	-1.0000	1.2598	0.3020	-0.0000	0.0000	0.3020	0.2405	-1.0000	-0.0590	0.0310	-0.0901	-0.5446
103.0000	58.0000	Decrease Desire	DriedHerring	1.0000	2.0000	6.0000	3	-1.0000	1.1426	0.2353	0.0362	0.0000	0.2353	0.0750	-1.0000	0.0104	0.0295	-0.0191	0.0849
103.0000	59.0000	Decrease Desire	Nutella	6.0000	6.0000	1.0000	4	-1.0000	2.3004	0.4705	-0.0000	1.0000	0.9074	0.1385	1.0000	0.4120	0.4165	-0.0044	1.2090
103.0000	60.0000	Decrease Desire	OikosYogurt	6.0000	6.0000	6.0000	6	1.0000	8.1935	0.5547	0.2340	1.0000	0.7395	0.1187	-1.0000	0.0400	0.0400	-0.0000	0.4228
103.0000	61.0000	Respond Naturally	Broccoli	6.0000	6.0000	6.0000	4	-1.0000	2.8396	0.3194	-0.0000	2.0000	1.3612	0.1396	-1.0000	0.6772	0.6831	-0.0060	1.5154
103.0000	62.0000	Respond Naturally	HoneyNutCheerios	4.0000	4.0000	1.0000	5	-1.0000	1.2438	0.2859	-0.0000	0.0000	0.2859	0.1173	-1.0000	0.0210	0.0656	-0.0445	-0.2184
103.0000	63.0000	Respond Naturally	ClamJuice	2.0000	2.0000	5.0000	1	-1.0000	1.3446	0.4373	0.1353	0.0000	0.4373	0.1687	-1.0000	0.0089	0.0392	-0.0303	0.1299
103.0000	64.0000	Respond Naturally	WaterChestnuts	5.0000	5.0000	6.0000	5	-1.0000	1.2441	0.2692	-0.0746	0.0000	0.2692	0.3026	-1.0000	0.0093	0.0506	-0.0413	-0.3131
103.0000	65.0000	Respond Naturally	IceCreamVanilla	3.0000	2.0000	2.0000	4	-1.0000	1.5117	0.2690	0.1405	1.0000	0.9909	0.2443	1.0000	0.1439	0.1444	-0.0005	0.2464
103.0000	66.0000	Respond Naturally	Raspberries	5.0000	6.0000	6.0000	5	-1.0000	1.6466	0.3195	-0.2231	2.0000	1.1090	0.1883	-1.0000	0.1421	0.1425	-0.0004	0.3996
103.0000	67.0000	Respond Naturally	Onion	2.0000	4.0000	6.0000	4	-1.0000	1.1594	0.2859	-0.0000	0.0000	0.2859	0.2854	-1.0000	0.0341	0.0341	-0.0000	0.1081
103.0000	68.0000	Respond Naturally	FrootLoops	6.0000	6.0000	1.0000	2	-1.0000	1.0757	0.3197	-0.3097	0.0000	0.3197	0.1558	-1.0000	0.0898	0.0898	-0.0000	0.1986
103.0000	69.0000	Respond Naturally	Mackerel	3.0000	4.0000	6.0000	1	-1.0000	1.2432	0.5711	0.0341	0.0000	0.5711	0.2219	-1.0000	0.0909	0.0909	-0.0000	0.1470
103.0000	70.0000	Respond Naturally	OatBran	6.0000	6.0000	6.0000	2	1.0000	1.8984	0.3026	0.7000	1.0000	1.0753	0.5285	-1.0000	0.5143	0.5180	-0.0037	1.7193
103.0000	71.0000	Decrease Desire	Almonds	4.0000	5.0000	6.0000	4	-1.0000	1.5793	0.4537	-0.1446	1.0000	0.7225	0.1832	1.0000	0.3103	0.3103	-0.0000	0.8145
103.0000	72.0000	Decrease Desire	Strawberries	3.0000	5.0000	5.0000	2	-1.0000	1.4113	0.3528	-0.0230	0.0000	0.3528	0.1242	-1.0000	0.1044	0.1044	-0.0000	0.2745
103.0000	73.0000	Decrease Desire	Snickers	3.0000	1.0000	1.0000	2	-1.0000	0.8902	0.2687	0.1130	0.0000	0.2687	0.2225	-1.0000	0.0580	0.0584	-0.0004	0.1262
103.0000	74.0000	Decrease Desire	FrozenPeas	5.0000	5.0000	5.0000	6	-1.0000	0.9071	0.3025	-0.2506	0.0000	0.3025	0.1801	-1.0000	0.0572	0.0572	-0.0000	0.1705
103.0000	75.0000	Decrease Desire	VanillaGreekYogurt	6.0000	6.0000	4.0000	4	-1.0000	1.7302	0.8569	-0.2153	0.0000	0.8569	0.1948	-1.0000	0.0594	0.0952	-0.0358	0.3415
103.0000	76.0000	Decrease Desire	SunChips	2.0000	3.0000	4.0000	2	-1.0000	2.7543	0.3530	-0.1185	0.0000	0.3530	0.1283	-1.0000	0.0731	0.0809	-0.0078	0.4588
103.0000	77.0000	Decrease Desire	SpeltCakes	2.0000	4.0000	5.0000	2	-1.0000	0.9917	0.2523	-0.1548	0.0000	0.2523	0.1541	-1.0000	0.0198	0.0206	-0.0008	0.0785
103.0000	78.0000	Decrease Desire	Spinach	6.0000	6.0000	6.0000	2	1.0000	1.0753	0.4705	0.0517	0.0000	0.4705	0.1664	1.0000	0.0238	0.0365	-0.0127	0.1065
103.0000	79.0000	Decrease Desire	GreenBeans	6.0000	5.0000	5.0000	4	-1.0000	1.3272	0.2856	-0.1592	1.0000	0.5711	0.2241	1.0000	0.3439	0.3439	-0.0000	1.1441
103.0000	80.0000	Decrease Desire	Shreddies	4.0000	3.0000	4.0000	5	-1.0000	0.9405	0.3195	0.1749	0.0000	0.3195	0.1382	-1.0000	0.0394	0.0402	-0.0009	0.1026
103.0000	81.0000	Respond Naturally	Butternut	4.0000	2.0000	5.0000	3	-1.0000	1.5625	0.4032	0.2235	0.0000	0.4032	0.1682	-1.0000	0.0697	0.0699	-0.0003	0.2278
103.0000	82.0000	Respond Naturally	BabyFoodCarrots	3.0000	4.0000	6.0000	5	-1.0000	0.9239	0.3191	-0.0265	0.0000	0.3191	0.1463	-1.0000	0.0370	0.0370	-0.0000	0.1521
103.0000	83.0000	Respond Naturally	Spinach	6.0000	6.0000	6.0000	4	1.0000	1.3612	0.3195	0.0000	1.0000	0.4876	0.1862	-1.0000	0.0832	0.0861	-0.0029	0.5681
103.0000	84.0000	Respond Naturally	Triscuit	3.0000	3.0000	4.0000	2	-1.0000	1.0754	0.2353	0.1328	0.0000	0.2353	0.1372	-1.0000	0.0873	0.0873	-0.0000	0.1925
103.0000	85.0000	Respond Naturally	SlimStyles	2.0000	1.0000	3.0000	2	-1.0000	0.8404	0.3362	-0.1902	0.0000	0.3362	0.1819	-1.0000	0.0828	0.0828	-0.0000	0.1882
103.0000	86.0000	Respond Naturally	CannedArtichoke	3.0000	2.0000	6.0000	5	-1.0000	0.8571	0.3362	-0.1227	0.0000	0.3362	0.1594	-1.0000	0.1005	0.1006	-0.0001	0.2251
103.0000	87.0000	Respond Naturally	FrozenBroccoli	5.0000	5.0000	5.0000	2	1.0000	3.9125	0.2853	0.2585	1.0000	1.1422	0.2587	-1.0000	0.2217	0.2443	-0.0226	1.2517
103.0000	88.0000	Respond Naturally	MnMPeanuts	6.0000	6.0000	1.0000	2	1.0000	1.4452	0.4204	0.2299	1.0000	0.8236	0.2962	-1.0000	0.2753	0.2753	-0.0000	0.9276
103.0000	89.0000	Respond Naturally	SkittlesSour	1.0000	1.0000	1.0000	3	-1.0000	0.9073	0.4201	-0.0000	0.0000	0.4201	0.1563	-1.0000	0.0859	0.0859	-0.0000	0.2266
103.0000	90.0000	Respond Naturally	Tempeh	2.0000	2.0000	2.0000	4	-1.0000	0.7729	0.2522	0.0282	0.0000	0.2522	0.1939	-1.0000	0.0432	0.0432	-0.0000	0.1286
103.0000	91.0000	Decrease Desire	PopTartStrawberry	2.0000	1.0000	1.0000	2	-1.0000	1.3941	0.2853	-0.0970	0.0000	0.2853	0.3676	-1.0000	-0.0378	0.0196	-0.0574	-0.2791
103.0000	92.0000	Decrease Desire	WelchsFruitSnacks	1.0000	1.0000	1.0000	3	-1.0000	0.9071	0.2857	0.1644	0.0000	0.2857	0.1370	-1.0000	0.1102	0.1102	-0.0000	0.2283
103.0000	93.0000	Decrease Desire	ClifBar	4.0000	4.0000	5.0000	4	-1.0000	0.9569	0.2188	0.2517	0.0000	0.2188	0.1349	-1.0000	0.0666	0.0666	-0.0000	0.1247
103.0000	94.0000	Decrease Desire	LaysClassic	2.0000	2.0000	2.0000	3	-1.0000	0.9401	0.1512	0.0129	0.0000	0.1512	0.2002	-1.0000	0.0559	0.0559	-0.0000	0.1419
103.0000	95.0000	Decrease Desire	Fritos	2.0000	4.0000	1.0000	5	-1.0000	0.9736	0.2519	-0.0000	0.0000	0.2519	0.1527	-1.0000	-0.0052	0.0320	-0.0372	-0.1193
103.0000	96.0000	Decrease Desire	LaysClassic	2.0000	2.0000	1.0000	4	-1.0000	0.7384	0.1846	-0.0000	0.0000	0.1846	0.1912	-1.0000	0.0388	0.0388	-0.0000	0.1238
103.0000	97.0000	Decrease Desire	RaisinBran	5.0000	3.0000	6.0000	3	-1.0000	1.6949	0.2352	0.0900	0.0000	0.2352	0.1549	-1.0000	0.0246	0.0269	-0.0024	0.1594
103.0000	98.0000	Decrease Desire	Asparagus	4.0000	6.0000	5.0000	6	-1.0000	0.7551	0.2016	0.0855	0.0000	0.2016	0.1928	-1.0000	0.0480	0.0480	-0.0000	0.1612
103.0000	99.0000	Decrease Desire	RomaineLettuce	6.0000	6.0000	6.0000	4	1.0000	7.1646	0.2185	-0.0121	3.0000	4.7148	0.5647	-1.0000	0.5958	0.6029	-0.0071	1.4622
103.0000	100.0000	Decrease Desire	Pringles	2.0000	2.0000	1.0000	5	-1.0000	0.8390	0.2347	0.1887	0.0000	0.2347	0.2269	-1.0000	0.0564	0.0565	-0.0001	0.1548
103.0000	101.0000	Decrease Desire	Mentos	2.0000	1.0000	1.0000	5	-1.0000	1.1244	0.2684	-0.1507	0.0000	0.2684	0.1446	-1.0000	0.0566	0.0566	-0.0000	0.1116
103.0000	102.0000	Decrease Desire	Shreddies	3.0000	3.0000	5.0000	2	-1.0000	1.9462	1.4428	-0.0819	0.0000	1.4428	0.2304	-1.0000	0.0326	0.0331	-0.0005	0.0515
103.0000	103.0000	Decrease Desire	ProMax	2.0000	1.0000	3.0000	4	-1.0000	1.0744	0.4027	0.1614	0.0000	0.4027	0.1790	-1.0000	0.1173	0.1173	-0.0000	0.3061
103.0000	104.0000	Decrease Desire	ProMax	2.0000	2.0000	3.0000	2	-1.0000	0.9905	0.3022	-0.0506	0.0000	0.3022	0.1844	-1.0000	0.0948	0.0948	-0.0000	0.2000
103.0000	105.0000	Decrease Desire	WaterChestnuts	4.0000	5.0000	5.0000	3	-1.0000	1.2243	0.2681	-0.1330	0.0000	0.2681	0.1625	-1.0000	0.0781	0.0781	-0.0000	0.2407
103.0000	106.0000	Decrease Desire	SpeltCakes	2.0000	4.0000	4.0000	5	-1.0000	1.0566	0.2185	-0.1050	0.0000	0.2185	0.1265	-1.0000	0.1045	0.1045	-0.0000	0.2272
103.0000	107.0000	Decrease Desire	BBQCrisps	2.0000	3.0000	3.0000	2	-1.0000	1.2089	0.2353	0.0977	0.0000	0.2353	0.1732	-1.0000	0.0373	0.0456	-0.0083	0.1427
103.0000	108.0000	Decrease Desire	AlmondMilk	3.0000	3.0000	4.0000	2	-1.0000	2.2146	0.2182	-0.0000	0.0000	0.2182	0.1517	-1.0000	0.0240	0.0240	-0.0000	0.0945
103.0000	109.0000	Decrease Desire	ClifBar	5.0000	4.0000	4.0000	2	-1.0000	1.1413	0.2180	-0.0000	0.0000	0.2180	0.1765	-1.0000	0.0572	0.0712	-0.0140	0.2033
103.0000	110.0000	Decrease Desire	Tuna	3.0000	4.0000	5.0000	2	-1.0000	0.9230	0.1343	-0.0000	0.0000	0.1343	0.1810	-1.0000	0.0750	0.0750	-0.0000	0.1622
103.0000	111.0000	Respond Naturally	Starburst	1.0000	1.0000	1.0000	6	-1.0000	0.9403	0.2353	-0.0000	1.0000	0.4200	0.1538	1.0000	0.0599	0.0599	-0.0000	0.1906
103.0000	112.0000	Respond Naturally	PopTartStrawberry	1.0000	3.0000	1.0000	5	-1.0000	0.9910	0.2689	0.1534	0.0000	0.2689	0.1430	-1.0000	0.0568	0.1034	-0.0466	0.3181
103.0000	113.0000	Respond Naturally	RitzCrackers	3.0000	5.0000	1.0000	2	-1.0000	0.8057	0.2686	0.0175	0.0000	0.2686	0.1285	-1.0000	0.0762	0.0762	-0.0000	0.1983
103.0000	114.0000	Respond Naturally	BabyFoodSweetPotatos	3.0000	2.0000	5.0000	2	-1.0000	1.1251	0.2353	-0.0000	0.0000	0.2353	0.2135	-1.0000	-0.0088	0.0334	-0.0423	-0.2135
103.0000	115.0000	Respond Naturally	DriedHerring	3.0000	4.0000	6.0000	1	-1.0000	1.5275	0.1680	0.1448	0.0000	0.1680	0.1354	-1.0000	-0.0024	0.0201	-0.0224	0.1497
103.0000	116.0000	Respond Naturally	FrozenBroccoli	5.0000	5.0000	6.0000	6	-1.0000	1.1754	0.1511	0.3373	0.0000	0.1511	0.1411	-1.0000	0.0356	0.0358	-0.0001	0.0991
103.0000	117.0000	Respond Naturally	Caramilk	6.0000	6.0000	1.0000	5	1.0000	1.0575	0.2012	0.3479	1.0000	0.4530	0.2032	-1.0000	0.2166	0.2215	-0.0049	0.8392
103.0000	118.0000	Respond Naturally	BabyFoodSweetPotatos	3.0000	1.0000	4.0000	5	-1.0000	1.0251	0.2187	0.1104	0.0000	0.2187	0.1285	-1.0000	0.0439	0.0439	-0.0000	0.1079
103.0000	119.0000	Respond Naturally	TofuDessert	2.0000	3.0000	1.0000	2	-1.0000	1.3276	0.2691	0.0710	0.0000	0.2691	0.2166	-1.0000	0.0131	0.0416	-0.0286	0.1615
103.0000	120.0000	Respond Naturally	Cheerios	2.0000	2.0000	2.0000	5	-1.0000	1.1090	0.2187	-0.0000	0.0000	0.2187	0.1785	-1.0000	-0.0376	0.0269	-0.0645	-0.2180
103.0000	121.0000	Respond Naturally	MnMPlain	6.0000	6.0000	1.0000	5	1.0000	2.1332	0.2019	-0.0417	1.0000	0.6388	0.3177	-1.0000	0.2148	0.2148	-0.0000	1.2561
103.0000	122.0000	Respond Naturally	EnglishCucumber	6.0000	6.0000	6.0000	5	1.0000	1.1413	0.3526	0.0000	1.0000	0.5037	0.1601	-1.0000	0.1760	0.1760	-0.0000	0.6381
103.0000	123.0000	Respond Naturally	MnMPeanuts	6.0000	6.0000	1.0000	4	-1.0000	3.5444	0.3195	0.2146	1.0000	0.7899	0.4114	1.0000	0.9683	0.9697	-0.0015	1.9440
103.0000	124.0000	Respond Naturally	Snickers	3.0000	1.0000	1.0000	3	-1.0000	1.0249	0.4202	-0.0000	0.0000	0.4202	0.1885	-1.0000	0.1266	0.1401	-0.0135	0.3426
103.0000	125.0000	Respond Naturally	EnglishCucumber	6.0000	6.0000	6.0000	2	1.0000	1.0751	0.1677	-0.0129	1.0000	0.4198	0.4968	-1.0000	0.1754	0.2526	-0.0773	1.4672
103.0000	126.0000	Respond Naturally	RitzCrackers	2.0000	5.0000	1.0000	5	-1.0000	1.4445	0.3526	-0.0000	2.0000	0.9407	0.4056	-1.0000	0.3987	0.3987	-0.0000	1.6485
103.0000	127.0000	Respond Naturally	FrozenCorn	4.0000	5.0000	5.0000	2	1.0000	9.9906	0.4369	-0.0093	3.0000	3.5269	0.4715	-1.0000	0.6033	0.6035	-0.0001	1.8110
103.0000	128.0000	Respond Naturally	TofuDessert	1.0000	3.0000	1.0000	4	-1.0000	1.1089	0.4871	-0.0237	0.0000	0.4871	0.1127	-1.0000	0.0851	0.0851	-0.0000	0.2940
103.0000	129.0000	Respond Naturally	NatureValleyChocolate	4.0000	4.0000	4.0000	4	-1.0000	1.2095	0.4366	0.1630	0.0000	0.4366	0.1337	-1.0000	0.0599	0.0599	-0.0000	0.1947
103.0000	130.0000	Respond Naturally	RedPepper	4.0000	2.0000	6.0000	5	-1.0000	1.0757	0.1850	-0.0000	0.0000	0.1850	0.0971	-1.0000	0.0367	0.0470	-0.0103	0.1328
103.0000	131.0000	Decrease Desire	CornFlakes	6.0000	5.0000	2.0000	3	-1.0000	1.3945	0.4032	0.1425	0.0000	0.4032	0.1154	-1.0000	0.1051	0.1078	-0.0026	0.2831
103.0000	132.0000	Decrease Desire	Smartfood	2.0000	1.0000	1.0000	2	-1.0000	0.8060	0.2689	0.1055	0.0000	0.2689	0.2279	-1.0000	0.0345	0.0358	-0.0013	0.0997
103.0000	133.0000	Decrease Desire	CheeseNips	2.0000	3.0000	1.0000	5	-1.0000	0.9745	0.2017	0.1447	0.0000	0.2017	0.1085	-1.0000	0.0505	0.0505	-0.0000	0.1364
103.0000	134.0000	Decrease Desire	FrozenPeaches	6.0000	6.0000	5.0000	5	-1.0000	1.5457	0.2354	-0.0000	2.0000	0.6555	0.2464	-1.0000	0.2232	0.2232	-0.0000	0.8653
103.0000	135.0000	Decrease Desire	FrozenPeaches	6.0000	6.0000	6.0000	2	1.0000	8.4272	0.7726	0.0000	0.0000	0.7726	0.2777	1.0000	0.0244	0.0244	-0.0000	0.1601
103.0000	136.0000	Decrease Desire	Mars	3.0000	2.0000	1.0000	4	-1.0000	1.1929	0.4537	0.1046	0.0000	0.4537	0.1706	-1.0000	0.0385	0.0453	-0.0068	0.1083
103.0000	137.0000	Decrease Desire	Cheetos	1.0000	1.0000	1.0000	6	-1.0000	0.9748	0.3531	-0.0000	0.0000	0.3531	0.1939	-1.0000	0.0642	0.0642	-0.0000	0.1580
103.0000	138.0000	Decrease Desire	Triscuit	1.0000	3.0000	4.0000	5	-1.0000	0.8741	0.2692	-0.0000	0.0000	0.2692	0.2958	-1.0000	0.0278	0.0319	-0.0041	0.1138
103.0000	139.0000	Decrease Desire	SevenGrain	3.0000	5.0000	5.0000	3	-1.0000	1.1258	0.3025	-0.0031	0.0000	0.3025	0.1761	-1.0000	0.0886	0.1073	-0.0188	0.3668
103.0000	140.0000	Decrease Desire	GreenGrapes	5.0000	5.0000	6.0000	1	-1.0000	6.9368	0.2691	0.0507	4.0000	5.7270	0.2866	-1.0000	0.7754	0.7754	-0.0000	1.3901
103.0000	141.0000	Respond Naturally	Raspberries	4.0000	5.0000	5.0000	4	1.0000	2.3024	0.3196	0.1321	1.0000	1.4955	0.2193	-1.0000	0.6573	0.6603	-0.0030	1.4111
103.0000	142.0000	Respond Naturally	Cauliflower	4.0000	5.0000	5.0000	6	-1.0000	0.9916	0.3194	-0.0163	0.0000	0.3194	0.2371	-1.0000	0.0914	0.0914	-0.0000	0.2042
103.0000	143.0000	Respond Naturally	FrozenPeas	5.0000	5.0000	5.0000	2	-1.0000	9.6723	0.2018	0.1857	4.0000	5.6091	0.7280	-1.0000	0.4998	0.5368	-0.0369	1.3992
103.0000	144.0000	Respond Naturally	GreenPepper	3.0000	2.0000	6.0000	2	1.0000	1.8149	0.3363	0.3011	1.0000	1.0924	0.1909	-1.0000	0.5262	0.5271	-0.0009	1.4615
103.0000	145.0000	Respond Naturally	GreenPepper	3.0000	3.0000	6.0000	6	-1.0000	1.0590	0.5549	-0.0717	0.0000	0.5549	0.1364	-1.0000	0.1092	0.1092	-0.0000	0.3219
103.0000	146.0000	Respond Naturally	KashiBars	5.0000	4.0000	5.0000	1	-1.0000	5.0555	0.4707	-0.0881	0.0000	0.4707	0.0667	-1.0000	-0.0171	0.0081	-0.0252	-0.1020
103.0000	147.0000	Respond Naturally	Mars	2.0000	3.0000	1.0000	2	-1.0000	1.1760	0.2690	-0.2432	0.0000	0.2690	0.1818	-1.0000	0.0658	0.0658	-0.0000	0.1778
103.0000	148.0000	Respond Naturally	VanillaGreekYogurt	6.0000	6.0000	6.0000	2	1.0000	5.3396	0.2019	0.1581	1.0000	0.5716	0.1777	-1.0000	0.1034	0.1034	-0.0000	1.0335
103.0000	149.0000	Respond Naturally	PureFit	3.0000	3.0000	3.0000	4	-1.0000	1.4949	0.5709	-0.2870	0.0000	0.5709	0.2070	-1.0000	-0.0060	0.0569	-0.0629	-0.3414
103.0000	150.0000	Respond Naturally	HoneyNutCheerios	5.0000	5.0000	2.0000	2	-1.0000	6.1967	0.1681	0.2018	2.0000	4.2990	0.4856	-1.0000	0.6007	0.6099	-0.0092	1.5766
103.0000	151.0000	Decrease Desire	Celery	5.0000	5.0000	6.0000	4	-1.0000	2.9908	0.3361	-0.2164	2.0000	1.8147	0.1393	-1.0000	0.5763	0.5763	-0.0000	1.5363
103.0000	152.0000	Decrease Desire	MnMPlain	6.0000	6.0000	1.0000	3	-1.0000	2.2853	0.2859	0.1605	2.0000	1.5124	0.2271	-1.0000	0.5442	0.5442	-0.0000	1.3861
103.0000	153.0000	Decrease Desire	VegetableThins	2.0000	2.0000	3.0000	2	-1.0000	1.6129	0.2186	0.1336	0.0000	0.2186	0.1747	-1.0000	0.0382	0.0537	-0.0155	0.2040
103.0000	154.0000	Decrease Desire	CannedArtichoke	4.0000	2.0000	5.0000	2	-1.0000	1.0421	0.2355	-0.0000	0.0000	0.2355	0.1143	-1.0000	0.0971	0.0971	-0.0000	0.2645
103.0000	155.0000	Decrease Desire	Skittles	1.0000	1.0000	1.0000	3	-1.0000	1.2103	0.2187	-0.2258	0.0000	0.2187	0.1025	-1.0000	0.0695	0.0695	-0.0000	0.1478
103.0000	156.0000	Decrease Desire	RedPepper	4.0000	2.0000	6.0000	2	-1.0000	0.9245	0.1009	0.2065	0.0000	0.1009	0.0862	-1.0000	0.0512	0.0512	-0.0000	0.1426
103.0000	157.0000	Decrease Desire	FrozenOkra	6.0000	6.0000	6.0000	5	-1.0000	1.9658	0.1346	0.0030	2.0000	0.9076	0.1003	-1.0000	0.0506	0.0517	-0.0011	0.1761
103.0000	158.0000	Decrease Desire	AllBranCereal	5.0000	2.0000	6.0000	6	-1.0000	4.6006	0.1515	0.2541	0.0000	0.1515	0.1193	-1.0000	0.0095	0.0096	-0.0001	0.1247
103.0000	159.0000	Decrease Desire	SkimMilk	5.0000	5.0000	5.0000	1	1.0000	3.9635	0.3531	-0.0316	1.0000	1.5126	0.5075	-1.0000	0.3261	0.3261	-0.0000	1.3386
103.0000	160.0000	Decrease Desire	OatBran	6.0000	6.0000	6.0000	4	-1.0000	1.9490	0.3531	-0.2670	0.0000	0.3531	0.0878	-1.0000	0.0892	0.0892	-0.0000	0.2590
103.0000	161.0000	Decrease Desire	Cheetos	2.0000	1.0000	1.0000	3	-1.0000	1.3778	0.4538	-0.0921	0.0000	0.4538	0.2902	-1.0000	0.0346	0.0416	-0.0069	0.1764
103.0000	162.0000	Decrease Desire	Bananas	6.0000	6.0000	6.0000	2	1.0000	1.9993	0.2016	-0.1455	1.0000	1.2096	0.2654	-1.0000	0.7018	0.7018	-0.0000	1.4167
103.0000	163.0000	Decrease Desire	IceCreamChocolate	4.0000	6.0000	2.0000	4	1.0000	5.1392	0.3532	0.0409	1.0000	1.0759	0.2970	-1.0000	0.3244	0.3244	-0.0000	1.3765
103.0000	164.0000	Decrease Desire	SkittlesSour	2.0000	1.0000	1.0000	6	-1.0000	1.3444	0.2859	0.0119	0.0000	0.2859	0.1364	-1.0000	0.0275	0.0350	-0.0075	0.1506
103.0000	165.0000	Decrease Desire	RiceKrispiesCereal	6.0000	4.0000	1.0000	3	-1.0000	0.8401	0.1680	0.0167	0.0000	0.1680	0.1405	-1.0000	0.0403	0.0420	-0.0017	0.1194
103.0000	166.0000	Decrease Desire	NatureValleyChocolate	5.0000	4.0000	4.0000	1	-1.0000	0.9913	0.1512	0.0932	0.0000	0.1512	0.1310	-1.0000	0.0214	0.0460	-0.0247	0.1570
103.0000	167.0000	Decrease Desire	Smarties	4.0000	4.0000	1.0000	5	-1.0000	1.2935	0.1847	0.0165	0.0000	0.1847	0.1699	-1.0000	0.0574	0.0574	-0.0000	0.1362
103.0000	168.0000	Decrease Desire	Smartfood	1.0000	1.0000	1.0000	4	-1.0000	0.9580	0.2018	0.2891	0.0000	0.2018	0.1360	-1.0000	0.0214	0.0354	-0.0140	0.1128
103.0000	169.0000	Decrease Desire	GreenGrapes	5.0000	6.0000	6.0000	4	1.0000	3.7123	0.1342	-0.0275	3.0000	2.5193	0.2837	-1.0000	0.3914	0.4123	-0.0210	1.4731
103.0000	170.0000	Decrease Desire	FrozenBlueberries	6.0000	6.0000	5.0000	1	-1.0000	6.6342	0.2691	0.2379	2.0000	5.8781	0.2715	-1.0000	1.1811	1.1886	-0.0074	1.6038
103.0000	171.0000	Respond Naturally	Twizzlers	2.0000	1.0000	1.0000	2	-1.0000	0.9744	0.2183	0.1791	0.0000	0.2183	0.2257	-1.0000	0.0302	0.0392	-0.0090	0.1057
103.0000	172.0000	Respond Naturally	Beets	4.0000	5.0000	5.0000	5	-1.0000	0.9074	0.2015	-0.0610	0.0000	0.2015	0.1004	-1.0000	0.0597	0.0613	-0.0015	0.1703
103.0000	173.0000	Respond Naturally	Fritos	2.0000	1.0000	1.0000	2	-1.0000	1.0752	0.4540	-0.0000	0.0000	0.4540	0.2284	-1.0000	0.0447	0.0447	-0.0000	0.1267
103.0000	174.0000	Respond Naturally	SlicedTurkey	2.0000	1.0000	1.0000	5	-1.0000	1.3949	0.2355	0.0988	0.0000	0.2355	0.1081	-1.0000	0.0741	0.0750	-0.0009	0.1819
103.0000	175.0000	Respond Naturally	RiceKrispiesCereal	4.0000	5.0000	3.0000	7	-1.0000	1.6804	0.2355	-0.0000	0.0000	0.2355	0.0725	-1.0000	0.0273	0.0330	-0.0056	0.1018
103.0000	176.0000	Respond Naturally	OikosYogurt	6.0000	6.0000	6.0000	3	1.0000	1.6970	0.1850	0.0738	1.0000	0.4875	0.2761	-1.0000	0.1561	0.2033	-0.0472	1.1207
103.0000	177.0000	Respond Naturally	RufflesSourCreamOnion	2.0000	4.0000	1.0000	5	-1.0000	1.0584	0.1847	-0.0000	0.0000	0.1847	0.1824	-1.0000	0.0551	0.0551	-0.0000	0.1922
103.0000	178.0000	Respond Naturally	AppleChips	6.0000	5.0000	5.0000	5	1.0000	2.5028	0.2019	-0.1669	1.0000	0.7061	0.1378	-1.0000	0.2703	0.2703	-0.0000	1.0340
103.0000	179.0000	Respond Naturally	Bananas	5.0000	5.0000	4.0000	3	1.0000	5.3081	0.1850	0.0000	3.0000	4.3672	0.3564	-1.0000	0.4984	0.5577	-0.0593	1.5513
103.0000	180.0000	Respond Naturally	MangoChunks	6.0000	6.0000	5.0000	2	1.0000	2.1512	0.4708	-0.0809	1.0000	1.0254	0.1510	-1.0000	0.2339	0.2600	-0.0261	0.9258
103.0000	181.0000	Respond Naturally	Doritos	1.0000	1.0000	1.0000	5	-1.0000	0.8741	0.2020	-0.0000	0.0000	0.2020	0.2493	-1.0000	0.0769	0.0769	-0.0000	0.2084
103.0000	182.0000	Respond Naturally	PCChipCookie	6.0000	6.0000	2.0000	2	1.0000	1.3271	0.1679	-0.0159	1.0000	0.4872	0.2747	-1.0000	0.5798	0.5836	-0.0038	1.6547
103.0000	183.0000	Respond Naturally	SevenGrain	4.0000	4.0000	5.0000	1	-1.0000	1.2432	0.2187	-0.0000	0.0000	0.2187	0.1588	-1.0000	0.0691	0.0701	-0.0010	0.2304
103.0000	184.0000	Respond Naturally	AppleChips	6.0000	6.0000	5.0000	2	1.0000	1.5117	0.2182	0.0000	1.0000	0.5709	0.2881	-1.0000	0.1422	0.1828	-0.0405	0.7164
103.0000	185.0000	Respond Naturally	Avocado	5.0000	5.0000	6.0000	5	-1.0000	1.3106	0.2354	-0.1779	2.0000	0.7396	0.1230	-1.0000	0.0313	0.0628	-0.0315	0.2209
103.0000	186.0000	Respond Naturally	IceCreamVanilla	2.0000	2.0000	2.0000	1	-1.0000	1.1091	0.3362	-0.0000	0.0000	0.3362	0.1030	-1.0000	0.0135	0.0326	-0.0191	0.1192
103.0000	187.0000	Respond Naturally	SlicedTurkey	1.0000	1.0000	1.0000	2	-1.0000	1.3951	0.3532	-0.0000	0.0000	0.3532	0.0990	-1.0000	0.0381	0.0472	-0.0091	0.1774
103.0000	188.0000	Respond Naturally	Starburst	1.0000	1.0000	1.0000	3	-1.0000	3.3935	0.2019	-0.0000	0.0000	0.2019	0.1281	-1.0000	-0.0409	0.0214	-0.0623	0.1320
103.0000	189.0000	Respond Naturally	AllBranCereal	5.0000	1.0000	6.0000	2	1.0000	2.3688	0.3866	0.0095	1.0000	1.0083	0.3237	-1.0000	0.5144	0.5144	-0.0000	1.3402
103.0000	190.0000	Respond Naturally	SunChips	1.0000	3.0000	3.0000	4	-1.0000	1.2267	0.2858	-0.0000	0.0000	0.2858	0.0844	-1.0000	0.0911	0.0984	-0.0073	0.2402
103.0000	191.0000	Decrease Desire	BabyFoodCarrots	3.0000	3.0000	6.0000	3	-1.0000	1.3279	0.3700	-0.0000	0.0000	0.3700	0.1950	-1.0000	0.0290	0.0459	-0.0170	0.1628
103.0000	192.0000	Decrease Desire	RomaineLettuce	6.0000	6.0000	6.0000	2	1.0000	2.0830	0.2521	-0.1491	1.0000	1.4110	0.2757	-1.0000	0.4883	0.5112	-0.0229	1.0100
103.0000	193.0000	Decrease Desire	FrozenBlueberries	5.0000	5.0000	5.0000	3	-1.0000	1.3441	0.2522	0.0755	0.0000	0.2522	0.2560	-1.0000	0.0582	0.0582	-0.0000	0.1682
103.0000	194.0000	Decrease Desire	GreenBeans	6.0000	5.0000	5.0000	2	-1.0000	1.2100	0.1850	-0.0000	0.0000	0.1850	0.1682	-1.0000	0.0512	0.0512	-0.0000	0.1325
103.0000	195.0000	Decrease Desire	Mentos	2.0000	1.0000	1.0000	2	-1.0000	1.0085	0.1851	0.1400	0.0000	0.1851	0.1064	-1.0000	0.0394	0.0397	-0.0003	0.1081
103.0000	196.0000	Decrease Desire	CornFlakes	4.0000	5.0000	3.0000	6	-1.0000	1.1089	0.1850	0.2341	0.0000	0.1850	0.1321	-1.0000	0.0970	0.0970	-0.0000	0.1567
103.0000	197.0000	Decrease Desire	BrusselsSprouts	3.0000	4.0000	5.0000	4	-1.0000	0.8068	0.1346	0.2907	0.0000	0.1346	0.1127	-1.0000	-0.0064	0.0152	-0.0216	-0.0764
103.0000	198.0000	Decrease Desire	MangoChunks	6.0000	5.0000	5.0000	5	-1.0000	0.9581	0.1514	0.1973	0.0000	0.1514	0.1702	-1.0000	0.0495	0.0495	-0.0000	0.1288
103.0000	199.0000	Decrease Desire	CheeseNips	2.0000	3.0000	1.0000	2	-1.0000	0.7563	0.1682	-0.1311	0.0000	0.1682	0.1409	-1.0000	0.0559	0.0559	-0.0000	0.1383
103.0000	200.0000	Decrease Desire	Reese	3.0000	2.0000	1.0000	4	-1.0000	1.1260	0.1346	-0.0000	0.0000	0.1346	0.1222	-1.0000	0.0102	0.0289	-0.0187	0.1247
