Subject	Trial	Instruction	Food	Liking	Taste	Health	Amount	Choice	ChoiceRT	FirstDevTimeChoice	InitAngleChoice	NumChangeMindChoice	FinalDevTimeChoice	MaxVelocityChoice	DrxFirstDevChoice	TotalAUCChoice	AUCtoNonChosenChoice	AUCtoChosenChoice	MaxDevChoice
122.0000	1.0000	Focus on Health	RomaineLettuce	4.0000	4.0000	6.0000	4	-1.0000	2.0487	0.2688	-0.0000	0.0000	0.2688	0.3667	-1.0000	0.3205	0.3205	-0.0000	0.9049
122.0000	2.0000	Focus on Health	Reese	4.0000	4.0000	1.0000	4	-1.0000	1.5789	0.8229	-0.1804	0.0000	0.8229	0.0984	-1.0000	0.2922	0.2923	-0.0001	0.5090
122.0000	3.0000	Focus on Health	CoffeeCrisp	3.0000	2.0000	1.0000	1	-1.0000	1.2260	0.5541	0.0539	0.0000	0.5541	0.1968	-1.0000	0.2127	0.2127	-0.0000	0.3474
122.0000	4.0000	Focus on Health	Skittles	4.0000	5.0000	1.0000	6	-1.0000	1.1587	0.5373	-0.0424	0.0000	0.5373	0.2675	-1.0000	0.2778	0.2778	-0.0000	0.5028
122.0000	5.0000	Focus on Health	Shreddies	3.0000	2.0000	6.0000	5	-1.0000	2.8380	0.6883	-0.0269	3.0000	2.1997	0.4517	1.0000	0.5257	0.5257	-0.0000	1.4335
122.0000	6.0000	Focus on Health	Almonds	6.0000	6.0000	5.0000	2	1.0000	1.0240	0.5705	-0.1883	0.0000	0.5705	0.2998	1.0000	0.5191	0.5191	-0.0000	0.7807
122.0000	7.0000	Focus on Health	AllBranBar	3.0000	2.0000	5.0000	1	1.0000	2.9556	0.9063	-0.0136	1.0000	2.0989	0.2484	-1.0000	0.6897	0.6897	-0.0000	1.4553
122.0000	8.0000	Focus on Health	SlicedTurkey	5.0000	5.0000	4.0000	2	-1.0000	2.6360	1.1412	0.0459	1.0000	2.0818	0.3581	1.0000	0.6692	0.6693	-0.0001	1.3834
122.0000	9.0000	Focus on Health	FrozenPeaches	5.0000	5.0000	5.0000	2	1.0000	1.6960	0.7889	0.2025	0.0000	0.7889	0.4800	1.0000	0.3291	0.3291	-0.0000	0.4763
122.0000	10.0000	Focus on Health	PopTartStrawberry	3.0000	2.0000	2.0000	5	-1.0000	1.2762	0.6715	-0.0410	0.0000	0.6715	0.2604	-1.0000	0.2294	0.2294	-0.0000	0.4094
122.0000	11.0000	Respond Naturally	TofuDessert	1.0000	1.0000	4.0000	4	-1.0000	1.1924	0.5876	0.0773	0.0000	0.5876	0.1995	-1.0000	0.2372	0.2375	-0.0003	0.4973
122.0000	12.0000	Respond Naturally	CannedArtichoke	1.0000	1.0000	5.0000	2	-1.0000	1.1755	0.5708	-0.0380	0.0000	0.5708	0.1954	-1.0000	0.2811	0.2936	-0.0124	0.5418
122.0000	13.0000	Respond Naturally	SlicedTurkey	4.0000	5.0000	4.0000	5	-1.0000	1.9480	0.5540	0.0151	0.0000	0.5540	0.2091	-1.0000	0.4040	0.4040	-0.0000	0.6901
122.0000	14.0000	Respond Naturally	PCChipCookie	4.0000	4.0000	2.0000	2	-1.0000	2.1655	1.0072	-0.1207	0.0000	1.0072	0.2285	-1.0000	0.4211	0.4211	-0.0000	0.7590
122.0000	15.0000	Respond Naturally	Celery	4.0000	4.0000	6.0000	4	-1.0000	1.3269	0.4533	-0.0000	0.0000	0.4533	0.3057	-1.0000	0.5202	0.5202	-0.0000	0.8868
122.0000	16.0000	Respond Naturally	NatureValleyChocolate	3.0000	2.0000	2.0000	1	-1.0000	1.9143	0.8561	0.1261	0.0000	0.8561	0.2208	-1.0000	0.2828	0.2828	-0.0000	0.4971
122.0000	17.0000	Respond Naturally	AlmondMilk	4.0000	5.0000	6.0000	4	1.0000	2.5528	0.5203	-0.1502	3.0000	2.0993	0.3445	-1.0000	0.8991	0.8991	-0.0000	1.4272
122.0000	18.0000	Respond Naturally	Cauliflower	2.0000	2.0000	6.0000	6	-1.0000	1.3099	0.6379	0.0739	0.0000	0.6379	0.2187	-1.0000	0.3365	0.3365	-0.0000	0.5644
122.0000	19.0000	Respond Naturally	BabyFoodSweetPotatos	1.0000	1.0000	5.0000	2	-1.0000	1.0575	0.5538	-0.0000	0.0000	0.5538	0.2358	-1.0000	0.3848	0.3852	-0.0004	0.7145
122.0000	20.0000	Respond Naturally	FrozenOkra	1.0000	1.0000	6.0000	2	-1.0000	1.1921	0.5874	-0.0024	0.0000	0.5874	0.2106	-1.0000	0.3599	0.3599	-0.0000	0.5564
122.0000	21.0000	Respond Naturally	Mars	2.0000	4.0000	1.0000	4	1.0000	1.1418	0.6548	0.0000	0.0000	0.6548	0.1766	1.0000	0.3589	0.3589	-0.0000	0.5886
122.0000	22.0000	Respond Naturally	GreenApple	5.0000	6.0000	6.0000	2	1.0000	1.5110	0.6713	-0.1322	0.0000	0.6713	0.1443	1.0000	0.2944	0.2944	-0.0000	0.5525
122.0000	23.0000	Respond Naturally	YorkPeppermintPatties	1.0000	1.0000	2.0000	4	-1.0000	1.1251	0.6211	0.0247	0.0000	0.6211	0.2071	-1.0000	0.3483	0.3483	-0.0000	0.5377
122.0000	24.0000	Respond Naturally	ClamJuice	1.0000	1.0000	5.0000	1	-1.0000	1.1920	0.6546	0.0974	0.0000	0.6546	0.2461	-1.0000	0.2729	0.2729	-0.0000	0.4336
122.0000	25.0000	Respond Naturally	Beets	2.0000	4.0000	6.0000	5	-1.0000	1.0077	0.5372	-0.0289	0.0000	0.5372	0.1823	-1.0000	0.3837	0.3837	-0.0000	0.6209
122.0000	26.0000	Respond Naturally	AppleChips	4.0000	4.0000	3.0000	2	1.0000	2.8044	0.6714	-0.0937	2.0000	1.7296	0.3907	1.0000	0.6108	0.6171	-0.0063	1.4952
122.0000	27.0000	Respond Naturally	Tuna	3.0000	5.0000	6.0000	2	-1.0000	0.9567	0.5705	0.2415	0.0000	0.5705	0.2022	-1.0000	0.3090	0.3090	-0.0000	0.4726
122.0000	28.0000	Respond Naturally	BrusselsSprouts	1.0000	1.0000	5.0000	2	-1.0000	1.0076	0.5036	0.1301	0.0000	0.5036	0.2158	-1.0000	0.3046	0.3047	-0.0001	0.5327
122.0000	29.0000	Respond Naturally	Cheetos	5.0000	6.0000	1.0000	3	1.0000	1.8136	0.7218	-0.0662	1.0000	1.0410	0.2424	-1.0000	0.3568	0.3683	-0.0114	0.7011
122.0000	30.0000	Respond Naturally	MnMPeanuts	1.0000	1.0000	1.0000	2	-1.0000	1.0244	0.4365	-0.0010	0.0000	0.4365	0.2414	-1.0000	0.2640	0.2695	-0.0054	0.5609
122.0000	31.0000	Focus on Health	Butternut	2.0000	1.0000	5.0000	7	-1.0000	1.4611	0.5372	0.0434	0.0000	0.5372	0.1901	-1.0000	0.3158	0.3158	-0.0000	0.5516
122.0000	32.0000	Focus on Health	FrozenBroccoli	4.0000	5.0000	6.0000	6	-1.0000	3.3594	0.3023	-0.0659	4.0000	2.4692	0.4953	-1.0000	0.6302	0.6511	-0.0208	1.3040
122.0000	33.0000	Focus on Health	ProMax	1.0000	1.0000	3.0000	2	-1.0000	1.2596	0.2519	-0.0284	0.0000	0.2519	0.6227	-1.0000	0.3425	0.3474	-0.0049	1.1168
122.0000	34.0000	Focus on Health	Twizzlers	1.0000	1.0000	1.0000	2	-1.0000	1.2931	0.4701	0.0351	1.0000	0.8227	0.2747	1.0000	0.3615	0.3828	-0.0213	0.6900
122.0000	35.0000	Focus on Health	VegetableThins	6.0000	6.0000	3.0000	2	1.0000	2.4187	0.2855	0.1046	3.0000	1.8477	0.2911	-1.0000	0.4292	0.4292	-0.0000	0.8065
122.0000	36.0000	Focus on Health	Mars	2.0000	4.0000	1.0000	2	-1.0000	1.1423	0.2687	0.1387	0.0000	0.2687	0.3610	-1.0000	0.3675	0.3675	-0.0000	0.7464
122.0000	37.0000	Focus on Health	Tempeh	1.0000	1.0000	5.0000	2	-1.0000	1.0749	0.5373	0.0207	0.0000	0.5373	0.2748	-1.0000	0.3391	0.3435	-0.0045	0.5888
122.0000	38.0000	Focus on Health	Cauliflower	3.0000	2.0000	6.0000	2	1.0000	1.4270	0.8390	0.0000	0.0000	0.8390	0.3461	1.0000	0.3841	0.4069	-0.0228	0.6296
122.0000	39.0000	Focus on Health	AllBranCereal	1.0000	1.0000	6.0000	2	1.0000	1.1086	0.5206	0.0000	0.0000	0.5206	0.2958	1.0000	0.3358	0.3582	-0.0224	0.7508
122.0000	40.0000	Focus on Health	Starburst	5.0000	6.0000	1.0000	6	-1.0000	0.9238	0.2519	0.3015	1.0000	0.5207	0.2348	1.0000	0.3009	0.3035	-0.0026	0.5521
122.0000	41.0000	Respond Naturally	FrozenPeas	2.0000	2.0000	6.0000	2	-1.0000	1.3429	0.9230	-0.0000	0.0000	0.9230	0.2093	-1.0000	0.3593	0.3593	-0.0000	0.4822
122.0000	42.0000	Respond Naturally	OatmealSquares	1.0000	2.0000	6.0000	7	-1.0000	1.6116	1.0068	0.0824	0.0000	1.0068	0.1751	-1.0000	0.2683	0.2683	-0.0000	0.3696
122.0000	43.0000	Respond Naturally	SkimMilk	3.0000	2.0000	6.0000	4	-1.0000	1.4274	0.4701	0.0964	0.0000	0.4701	0.2482	-1.0000	0.2128	0.2128	-0.0000	0.4326
122.0000	44.0000	Respond Naturally	Broccoli	4.0000	5.0000	6.0000	4	-1.0000	1.4442	0.2351	0.0338	0.0000	0.2351	0.2614	-1.0000	0.3501	0.3501	-0.0000	0.5957
122.0000	45.0000	Respond Naturally	KashiBars	4.0000	1.0000	5.0000	1	-1.0000	3.1557	0.9400	0.2190	0.0000	0.9400	0.1814	-1.0000	0.1056	0.1067	-0.0011	0.3271
122.0000	46.0000	Respond Naturally	FrozenOkra	2.0000	2.0000	5.0000	5	-1.0000	1.1759	0.2686	0.0351	0.0000	0.2686	0.3680	-1.0000	0.3371	0.3371	-0.0000	0.6884
122.0000	47.0000	Respond Naturally	Pringles	3.0000	4.0000	1.0000	2	-1.0000	1.3602	0.6547	0.1233	0.0000	0.6547	0.1517	-1.0000	0.2414	0.2414	-0.0000	0.3817
122.0000	48.0000	Respond Naturally	EnglishCucumber	6.0000	4.0000	6.0000	2	1.0000	1.8471	0.5202	-0.1060	1.0000	1.3096	0.3540	-1.0000	0.7660	0.7660	-0.0000	1.4034
122.0000	49.0000	Respond Naturally	BBQCrisps	3.0000	4.0000	1.0000	2	1.0000	1.2425	0.6042	-0.1280	0.0000	0.6042	0.1200	1.0000	0.2931	0.2931	-0.0000	0.4833
122.0000	50.0000	Respond Naturally	SkittlesSour	1.0000	1.0000	1.0000	3	-1.0000	1.2423	0.4194	0.1361	0.0000	0.4194	0.4382	-1.0000	0.2207	0.2207	-0.0000	0.4388
122.0000	51.0000	Focus on Health	SlimStyles	1.0000	2.0000	3.0000	6	-1.0000	1.5780	0.9397	0.0031	0.0000	0.9397	0.2052	-1.0000	0.3121	0.3121	-0.0000	0.4589
122.0000	52.0000	Focus on Health	CheeseNips	6.0000	6.0000	2.0000	2	-1.0000	1.7463	0.7387	0.1380	0.0000	0.7387	0.3277	-1.0000	0.1853	0.1887	-0.0033	0.4325
122.0000	53.0000	Focus on Health	Spinach	3.0000	4.0000	6.0000	4	1.0000	1.2760	0.7889	-0.1272	0.0000	0.7889	0.3791	1.0000	0.4270	0.4270	-0.0000	0.6803
122.0000	54.0000	Focus on Health	IceCreamVanilla	4.0000	5.0000	3.0000	1	-1.0000	1.3935	0.8728	0.0665	0.0000	0.8728	0.1503	-1.0000	0.3054	0.3054	-0.0000	0.4139
122.0000	55.0000	Focus on Health	Mackerel	1.0000	1.0000	5.0000	1	-1.0000	1.1249	0.6210	0.1004	0.0000	0.6210	0.2165	-1.0000	0.2686	0.2779	-0.0094	0.4768
122.0000	56.0000	Focus on Health	IceCreamChocolate	6.0000	6.0000	2.0000	1	1.0000	1.5114	0.6379	-0.0812	0.0000	0.6379	0.1690	1.0000	0.3479	0.3479	-0.0000	0.5306
122.0000	57.0000	Focus on Health	KashiBars	4.0000	1.0000	5.0000	4	1.0000	2.4016	0.3694	-0.0352	1.0000	1.6626	0.2952	-1.0000	0.8434	0.8434	-0.0000	1.5038
122.0000	58.0000	Focus on Health	FrozenPeas	3.0000	2.0000	6.0000	6	-1.0000	1.1419	0.5204	0.2783	0.0000	0.5204	0.1393	-1.0000	0.1677	0.1677	-0.0000	0.3419
122.0000	59.0000	Focus on Health	GreenPepper	5.0000	6.0000	6.0000	2	1.0000	1.2260	0.4029	0.1126	1.0000	0.6716	0.1816	-1.0000	0.2860	0.2900	-0.0039	0.6204
122.0000	60.0000	Focus on Health	Prunes	1.0000	1.0000	6.0000	5	-1.0000	1.3439	0.3190	-0.0519	0.0000	0.3190	0.3861	-1.0000	0.2462	0.2757	-0.0295	0.7069
122.0000	61.0000	Focus on Health	SkimMilk	2.0000	2.0000	6.0000	1	1.0000	1.8302	0.5707	-0.1302	1.0000	0.9402	0.3078	-1.0000	0.7148	0.7148	-0.0000	1.6216
122.0000	62.0000	Focus on Health	Beets	3.0000	4.0000	6.0000	2	-1.0000	1.1758	0.6886	0.0030	0.0000	0.6886	0.4677	-1.0000	0.3755	0.3755	-0.0000	0.6760
122.0000	63.0000	Focus on Health	OatBran	1.0000	1.0000	6.0000	4	-1.0000	1.5112	0.2015	0.4880	1.0000	1.0073	0.2988	1.0000	0.3111	0.3112	-0.0001	0.5160
122.0000	64.0000	Focus on Health	Raspberries	3.0000	3.0000	3.0000	4	1.0000	1.2256	0.6881	-0.0442	0.0000	0.6881	0.2195	1.0000	0.2960	0.3008	-0.0048	0.5095
122.0000	65.0000	Focus on Health	FrozenBlueberries	6.0000	6.0000	6.0000	3	1.0000	1.0582	0.3022	-0.3360	0.0000	0.3022	0.2485	1.0000	0.3573	0.3583	-0.0010	0.6895
122.0000	66.0000	Focus on Health	TofuDessert	1.0000	1.0000	3.0000	2	-1.0000	1.2931	0.7724	0.0602	0.0000	0.7724	0.2411	-1.0000	0.4416	0.4416	-0.0000	0.7216
122.0000	67.0000	Focus on Health	Caramilk	4.0000	6.0000	1.0000	5	-1.0000	1.0079	0.2351	0.2349	1.0000	0.5207	0.2773	1.0000	0.2858	0.2882	-0.0024	0.5168
122.0000	68.0000	Focus on Health	Bananas	5.0000	6.0000	6.0000	2	1.0000	1.0414	0.3862	-0.0989	0.0000	0.3862	0.2541	1.0000	0.3689	0.3894	-0.0204	0.8000
122.0000	69.0000	Focus on Health	DriedApricots	3.0000	3.0000	4.0000	5	1.0000	1.1253	0.3694	-0.0732	0.0000	0.3694	0.1683	1.0000	0.2176	0.2249	-0.0073	0.5848
122.0000	70.0000	Focus on Health	Doritos	6.0000	6.0000	1.0000	5	-1.0000	1.1586	0.4365	0.0063	1.0000	0.6044	0.3630	1.0000	0.2449	0.2718	-0.0269	0.7507
122.0000	71.0000	Respond Naturally	FrootLoops	5.0000	6.0000	1.0000	6	1.0000	1.5116	0.5372	-0.0136	1.0000	0.9236	0.2183	-1.0000	0.4934	0.4934	-0.0000	1.2448
122.0000	72.0000	Respond Naturally	FrozenCorn	4.0000	6.0000	6.0000	2	1.0000	1.3774	0.4532	-0.2038	1.0000	0.8230	0.3143	-1.0000	0.4881	0.4884	-0.0003	0.8159
122.0000	73.0000	Respond Naturally	BBQCrisps	4.0000	4.0000	1.0000	6	1.0000	0.9909	0.2686	0.0962	0.0000	0.2686	0.4313	1.0000	0.2235	0.2372	-0.0137	0.6729
122.0000	74.0000	Respond Naturally	SlimStyles	1.0000	2.0000	4.0000	2	-1.0000	1.0409	0.5202	0.0136	0.0000	0.5202	0.2618	-1.0000	0.3577	0.3577	-0.0000	0.5430
122.0000	75.0000	Respond Naturally	SpeltCakes	2.0000	1.0000	5.0000	5	-1.0000	0.9070	0.2015	0.3154	1.0000	0.5207	0.2558	1.0000	0.3188	0.3190	-0.0003	0.5508
122.0000	76.0000	Respond Naturally	SevenGrain	2.0000	1.0000	5.0000	1	-1.0000	1.8476	0.4029	0.2320	4.0000	1.3605	0.3252	-1.0000	0.4733	0.4747	-0.0013	1.3890
122.0000	77.0000	Respond Naturally	Mentos	6.0000	6.0000	1.0000	5	1.0000	2.1495	0.4364	0.0000	1.0000	1.5113	0.2933	-1.0000	0.8603	0.8603	-0.0000	1.4162
122.0000	78.0000	Respond Naturally	DriedApricots	3.0000	3.0000	4.0000	2	-1.0000	1.3767	0.6545	0.1134	1.0000	0.8730	0.2539	1.0000	0.3327	0.3327	-0.0000	0.8026
122.0000	79.0000	Respond Naturally	Raspberries	3.0000	4.0000	3.0000	5	-1.0000	1.4945	0.6882	-0.0000	1.0000	0.9738	0.1824	1.0000	0.3614	0.3614	-0.0000	0.8155
122.0000	80.0000	Respond Naturally	Cheetos	6.0000	6.0000	1.0000	6	1.0000	1.2259	0.5204	-0.1677	0.0000	0.5204	0.2002	1.0000	0.3237	0.3290	-0.0052	0.7068
122.0000	81.0000	Respond Naturally	Bananas	6.0000	6.0000	6.0000	3	1.0000	1.0748	0.3190	-0.0459	0.0000	0.3190	0.2114	1.0000	0.1988	0.2582	-0.0594	0.6289
122.0000	82.0000	Respond Naturally	Almonds	6.0000	6.0000	5.0000	4	1.0000	1.0575	0.4698	-0.0374	0.0000	0.4698	0.1890	1.0000	0.2139	0.2139	-0.0000	0.4263
122.0000	83.0000	Respond Naturally	MnMPlain	1.0000	1.0000	1.0000	3	-1.0000	1.0412	0.5540	0.1536	0.0000	0.5540	0.1605	-1.0000	0.3277	0.3277	-0.0000	0.5046
122.0000	84.0000	Respond Naturally	VegetableThins	6.0000	6.0000	2.0000	5	1.0000	1.0077	0.3526	-0.1441	0.0000	0.3526	0.2225	1.0000	0.2233	0.2233	-0.0000	0.5162
122.0000	85.0000	Respond Naturally	Broccoli	3.0000	5.0000	6.0000	1	-1.0000	1.7969	0.4027	0.2757	2.0000	1.3769	0.4701	-1.0000	0.3246	0.3248	-0.0002	1.2480
122.0000	86.0000	Respond Naturally	WaterChestnuts	1.0000	1.0000	5.0000	3	-1.0000	1.0245	0.2015	-0.2092	0.0000	0.2015	0.3323	-1.0000	0.4235	0.4235	-0.0001	0.9351
122.0000	87.0000	Respond Naturally	PCChipCookie	4.0000	5.0000	2.0000	5	1.0000	1.2094	0.6046	-0.2147	0.0000	0.6046	0.2106	1.0000	0.3703	0.3703	-0.0000	0.6779
122.0000	88.0000	Respond Naturally	RomaineLettuce	4.0000	4.0000	6.0000	2	-1.0000	1.2428	0.5372	0.2128	0.0000	0.5372	0.1871	-1.0000	0.1799	0.1908	-0.0109	0.4193
122.0000	89.0000	Respond Naturally	Avocado	5.0000	5.0000	6.0000	2	-1.0000	1.3437	0.5541	0.0573	0.0000	0.5541	0.2674	-1.0000	0.1981	0.2064	-0.0083	0.4639
122.0000	90.0000	Respond Naturally	AlmondMilk	3.0000	4.0000	6.0000	2	-1.0000	1.1086	0.2183	0.1626	1.0000	0.4367	0.1821	1.0000	0.2452	0.2452	-0.0000	0.5509
122.0000	91.0000	Focus on Health	SevenGrain	1.0000	2.0000	5.0000	3	1.0000	1.8474	0.5878	-0.1932	1.0000	1.0918	0.3343	-1.0000	0.5352	0.5352	-0.0000	1.2643
122.0000	92.0000	Focus on Health	OatBran	1.0000	1.0000	6.0000	2	1.0000	2.4524	0.3022	-0.0269	5.0000	1.9822	0.4238	-1.0000	0.7569	0.7569	-0.0000	1.5511
122.0000	93.0000	Focus on Health	HoneyNutCheerios	3.0000	4.0000	5.0000	2	1.0000	1.1588	0.4197	0.0311	1.0000	0.5541	0.1858	-1.0000	0.2193	0.2452	-0.0259	0.4927
122.0000	94.0000	Focus on Health	Butternut	1.0000	1.0000	5.0000	3	-1.0000	2.6535	0.9570	0.0267	2.0000	2.0488	0.4011	-1.0000	0.4939	0.4939	-0.0000	1.3600
122.0000	95.0000	Focus on Health	RufflesSourCreamOnion	6.0000	6.0000	1.0000	5	-1.0000	1.1420	0.6717	0.1157	0.0000	0.6717	0.2852	-1.0000	0.3123	0.3213	-0.0090	0.6010
122.0000	96.0000	Focus on Health	Nutella	4.0000	6.0000	1.0000	4	-1.0000	1.1253	0.5878	-0.0705	0.0000	0.5878	0.3188	-1.0000	0.3215	0.3215	-0.0000	0.6196
122.0000	97.0000	Focus on Health	SunChips	6.0000	6.0000	1.0000	4	-1.0000	0.9740	0.4533	0.0787	0.0000	0.4533	0.1719	-1.0000	0.2112	0.2113	-0.0000	0.3892
122.0000	98.0000	Focus on Health	SpeltCakes	1.0000	1.0000	5.0000	2	1.0000	2.3341	0.3357	-0.2877	1.0000	1.5445	0.3628	-1.0000	0.8798	0.8798	-0.0000	1.3753
122.0000	99.0000	Focus on Health	YorkPeppermintPatties	1.0000	2.0000	2.0000	2	-1.0000	1.1923	0.5206	0.3215	1.0000	0.6718	0.2780	1.0000	0.2399	0.2399	-0.0000	0.7076
122.0000	100.0000	Focus on Health	AppleChips	4.0000	4.0000	4.0000	5	1.0000	1.7302	0.4367	-0.1613	1.0000	0.7726	0.3686	-1.0000	0.4724	0.4812	-0.0088	1.4252
122.0000	101.0000	Respond Naturally	Snickers	3.0000	4.0000	1.0000	3	-1.0000	1.6458	0.5540	0.0070	1.0000	1.1251	0.2684	-1.0000	0.2581	0.2826	-0.0245	0.5925
122.0000	102.0000	Respond Naturally	ProMax	1.0000	2.0000	3.0000	4	-1.0000	1.1083	0.6212	-0.2176	0.0000	0.6212	0.2107	-1.0000	0.4054	0.4054	-0.0000	0.7292
122.0000	103.0000	Respond Naturally	CornFlakes	1.0000	3.0000	6.0000	3	-1.0000	1.0242	0.4030	0.2707	0.0000	0.4030	0.1905	-1.0000	0.0941	0.1323	-0.0382	0.2993
122.0000	104.0000	Respond Naturally	BrusselsSprouts	1.0000	1.0000	6.0000	4	-1.0000	0.9238	0.3190	0.1891	0.0000	0.3190	0.2557	-1.0000	0.2283	0.2283	-0.0000	0.4845
122.0000	105.0000	Respond Naturally	RitzCrackers	6.0000	6.0000	2.0000	2	1.0000	1.1920	0.6544	-0.2179	0.0000	0.6544	0.2202	1.0000	0.3084	0.3170	-0.0086	0.5358
122.0000	106.0000	Respond Naturally	Skittles	4.0000	6.0000	1.0000	3	-1.0000	0.9739	0.4198	0.3496	0.0000	0.4198	0.1954	-1.0000	0.1445	0.1445	-0.0000	0.2795
122.0000	107.0000	Respond Naturally	Mackerel	1.0000	1.0000	5.0000	3	-1.0000	1.0075	0.4028	0.1601	0.0000	0.4028	0.2150	-1.0000	0.1624	0.1875	-0.0252	0.4205
122.0000	108.0000	Respond Naturally	Aero	5.0000	6.0000	1.0000	3	1.0000	1.1417	0.5372	-0.1179	0.0000	0.5372	0.3307	1.0000	0.4097	0.4097	-0.0000	0.7690
122.0000	109.0000	Respond Naturally	Asparagus	4.0000	4.0000	6.0000	6	-1.0000	1.0245	0.4366	0.0762	0.0000	0.4366	0.1607	-1.0000	0.2304	0.2304	-0.0000	0.4094
122.0000	110.0000	Respond Naturally	Triscuit	3.0000	4.0000	6.0000	5	-1.0000	1.2263	0.6551	0.1415	0.0000	0.6551	0.1806	-1.0000	0.2864	0.2864	-0.0000	0.5187
122.0000	111.0000	Focus on Health	VanillaGreekYogurt	3.0000	6.0000	5.0000	2	1.0000	1.2261	0.3861	-0.2738	0.0000	0.3861	0.1330	1.0000	0.3267	0.3267	-0.0000	0.5940
122.0000	112.0000	Focus on Health	GreenGrapes	3.0000	6.0000	6.0000	1	1.0000	1.3602	0.4866	-0.1171	1.0000	0.8058	0.3475	-1.0000	0.6903	0.6903	-0.0000	1.3823
122.0000	113.0000	Focus on Health	Smarties	1.0000	1.0000	1.0000	5	-1.0000	1.0749	0.3358	0.2310	1.0000	0.4870	0.2804	1.0000	0.3258	0.3258	-0.0000	0.5908
122.0000	114.0000	Focus on Health	RaisinBran	3.0000	3.0000	5.0000	3	1.0000	2.2170	0.3862	-0.0127	1.0000	1.6123	0.3310	-1.0000	0.7628	0.7709	-0.0080	1.3860
122.0000	115.0000	Focus on Health	GreenApple	6.0000	6.0000	6.0000	4	1.0000	1.1757	0.3022	0.0000	1.0000	0.6382	0.2740	-1.0000	0.4944	0.4944	-0.0000	1.1438
122.0000	116.0000	Focus on Health	WelchsFruitSnacks	5.0000	5.0000	3.0000	1	1.0000	1.4780	0.3526	-0.1005	2.0000	0.9237	0.2982	1.0000	0.5177	0.5177	-0.0000	1.2243
122.0000	117.0000	Focus on Health	RiceKrispiesCereal	3.0000	2.0000	4.0000	3	1.0000	1.8982	0.2856	-0.1024	4.0000	1.3270	0.2874	1.0000	0.5365	0.5424	-0.0059	1.2798
122.0000	118.0000	Focus on Health	Strawberries	6.0000	6.0000	4.0000	3	1.0000	1.6796	0.4870	-0.1777	1.0000	0.7894	0.2142	-1.0000	0.3606	0.3710	-0.0104	0.7744
122.0000	119.0000	Focus on Health	IceCreamChocolate	6.0000	6.0000	2.0000	4	1.0000	1.1928	0.2352	-0.2060	0.0000	0.2352	0.3659	1.0000	0.5530	0.5532	-0.0002	1.1628
122.0000	120.0000	Focus on Health	AllBranCereal	1.0000	1.0000	6.0000	6	1.0000	1.8813	0.3525	-0.1476	2.0000	0.9069	0.3479	1.0000	0.4699	0.4730	-0.0031	1.2472
122.0000	121.0000	Respond Naturally	ClifBar	1.0000	1.0000	4.0000	4	-1.0000	1.0917	0.3693	0.1607	0.0000	0.3693	0.1975	-1.0000	0.1082	0.1109	-0.0026	0.2580
122.0000	122.0000	Respond Naturally	Onion	1.0000	1.0000	6.0000	4	-1.0000	0.8061	0.2182	0.1209	0.0000	0.2182	0.2322	-1.0000	0.2041	0.2041	-0.0000	0.4932
122.0000	123.0000	Respond Naturally	OikosYogurt	4.0000	6.0000	6.0000	6	1.0000	1.1753	0.3357	-0.2762	1.0000	0.5372	0.3488	-1.0000	0.2858	0.3684	-0.0825	0.8651
122.0000	124.0000	Respond Naturally	MangoChunks	6.0000	6.0000	5.0000	5	1.0000	1.0413	0.3191	-0.2625	0.0000	0.3191	0.1646	1.0000	0.1649	0.1649	-0.0000	0.3382
122.0000	125.0000	Respond Naturally	Nutella	4.0000	6.0000	1.0000	1	1.0000	1.1587	0.3023	0.1745	1.0000	0.4535	0.1753	-1.0000	0.1969	0.1969	-0.0000	0.5966
122.0000	126.0000	Respond Naturally	NatureValleyChocolate	2.0000	3.0000	3.0000	4	1.0000	2.8716	0.3695	0.0017	2.0000	2.0823	0.3603	1.0000	0.6362	0.6721	-0.0359	1.4470
122.0000	127.0000	Respond Naturally	Pringles	5.0000	4.0000	1.0000	5	1.0000	1.2933	0.4703	-0.1953	0.0000	0.4703	0.1960	1.0000	0.2466	0.2517	-0.0052	0.5849
122.0000	128.0000	Respond Naturally	Prunes	1.0000	1.0000	5.0000	2	-1.0000	1.1762	0.2184	-0.1093	1.0000	0.6216	0.2454	1.0000	0.4774	0.4805	-0.0031	0.8869
122.0000	129.0000	Respond Naturally	GreenBeans	5.0000	4.0000	6.0000	2	-1.0000	1.7970	0.3862	0.0432	0.0000	0.3862	0.1309	-1.0000	0.1689	0.1689	-0.0000	0.4385
122.0000	130.0000	Respond Naturally	Snickers	3.0000	4.0000	1.0000	2	-1.0000	1.1923	0.4701	0.0051	0.0000	0.4701	0.2178	-1.0000	0.1954	0.1954	-0.0000	0.4538
122.0000	131.0000	Focus on Health	Twizzlers	1.0000	1.0000	1.0000	4	-1.0000	1.1418	0.5202	0.2583	1.0000	0.7050	0.1907	1.0000	0.2647	0.2698	-0.0051	0.5122
122.0000	132.0000	Focus on Health	RitzCrackers	4.0000	6.0000	3.0000	5	1.0000	1.3434	0.7050	-0.1132	0.0000	0.7050	0.2079	1.0000	0.3499	0.3499	-0.0000	0.5500
122.0000	133.0000	Focus on Health	Orange	6.0000	6.0000	6.0000	5	1.0000	0.9573	0.3861	-0.1500	0.0000	0.3861	0.1656	1.0000	0.2344	0.2420	-0.0076	0.4972
122.0000	134.0000	Focus on Health	SkittlesSour	1.0000	1.0000	1.0000	6	-1.0000	0.9236	0.3356	0.0848	1.0000	0.4532	0.1677	1.0000	0.2679	0.2740	-0.0060	0.5596
122.0000	135.0000	Focus on Health	IceCreamVanilla	3.0000	4.0000	2.0000	4	-1.0000	1.1253	0.4197	0.1986	1.0000	0.7221	0.2900	1.0000	0.4548	0.4549	-0.0000	1.0449
122.0000	136.0000	Focus on Health	Mentos	4.0000	5.0000	1.0000	2	-1.0000	0.9069	0.3022	0.0671	1.0000	0.4198	0.3117	1.0000	0.3403	0.3403	-0.0000	0.6159
122.0000	137.0000	Focus on Health	RedPepper	6.0000	4.0000	6.0000	5	1.0000	1.0750	0.4702	-0.0162	0.0000	0.4702	0.2415	1.0000	0.5591	0.5603	-0.0013	1.1130
122.0000	138.0000	Focus on Health	PureFit	1.0000	1.0000	4.0000	4	-1.0000	1.2596	0.3358	0.2201	1.0000	0.4702	0.1896	1.0000	0.2187	0.2187	-0.0000	0.5143
122.0000	139.0000	Focus on Health	ClifBar	1.0000	1.0000	3.0000	2	1.0000	1.6798	0.4871	-0.0498	1.0000	0.8903	0.2398	-1.0000	0.4881	0.4881	-0.0000	1.2704
122.0000	140.0000	Focus on Health	FrozenPeaches	5.0000	5.0000	5.0000	5	1.0000	1.1753	0.3862	-0.1918	0.0000	0.3862	0.2481	1.0000	0.2555	0.2561	-0.0006	0.6743
122.0000	141.0000	Respond Naturally	CornFlakes	1.0000	2.0000	6.0000	6	-1.0000	1.0748	0.5036	0.2276	0.0000	0.5036	0.1719	-1.0000	0.2302	0.2302	-0.0000	0.4068
122.0000	142.0000	Respond Naturally	FrozenBroccoli	5.0000	5.0000	6.0000	2	-1.0000	0.8899	0.4700	0.2144	0.0000	0.4700	0.2234	-1.0000	0.1947	0.1947	-0.0000	0.3349
122.0000	143.0000	Respond Naturally	PureFit	1.0000	1.0000	3.0000	2	-1.0000	1.0409	0.5203	0.1163	0.0000	0.5203	0.2334	-1.0000	0.2729	0.2729	-0.0000	0.4719
122.0000	144.0000	Respond Naturally	Starburst	5.0000	6.0000	1.0000	3	1.0000	1.3772	0.2182	-0.0856	1.0000	0.8902	0.2909	-1.0000	0.7223	0.7223	-0.0000	1.3131
122.0000	145.0000	Respond Naturally	Smartfood	6.0000	6.0000	1.0000	4	1.0000	1.2092	0.2687	-0.1752	1.0000	0.5207	0.2894	-1.0000	0.3794	0.3794	-0.0000	0.9974
122.0000	146.0000	Respond Naturally	SunChips	6.0000	6.0000	1.0000	2	-1.0000	2.0828	0.3022	0.1329	1.0000	1.1422	0.5073	1.0000	0.7020	0.7150	-0.0130	1.4569
122.0000	147.0000	Respond Naturally	Caramilk	5.0000	6.0000	1.0000	2	-1.0000	1.0414	0.5039	-0.1793	0.0000	0.5039	0.2275	-1.0000	0.2678	0.2788	-0.0110	0.5426
122.0000	148.0000	Respond Naturally	Cheerios	3.0000	3.0000	6.0000	2	-1.0000	1.6292	0.3357	0.0278	2.0000	1.1421	0.3579	-1.0000	0.6911	0.6911	-0.0000	1.3833
122.0000	149.0000	Respond Naturally	Celery	4.0000	5.0000	6.0000	2	-1.0000	1.0411	0.5037	0.0633	0.0000	0.5037	0.2185	-1.0000	0.2561	0.2688	-0.0127	0.5171
122.0000	150.0000	Respond Naturally	VanillaGreekYogurt	4.0000	6.0000	6.0000	4	1.0000	1.0927	0.5047	-0.1122	0.0000	0.5047	0.1865	1.0000	0.2300	0.2536	-0.0237	0.5176
122.0000	151.0000	Focus on Health	RaisinBran	6.0000	4.0000	6.0000	7	1.0000	1.1924	0.5205	0.0000	1.0000	0.6380	0.1931	-1.0000	0.1002	0.1119	-0.0117	0.4688
122.0000	152.0000	Focus on Health	AllBranBar	1.0000	2.0000	5.0000	3	1.0000	1.3939	0.5205	-0.0040	1.0000	0.8564	0.3061	-1.0000	0.4722	0.4722	-0.0000	1.1320
122.0000	153.0000	Focus on Health	RiceKrispiesCereal	3.0000	2.0000	5.0000	7	1.0000	3.7287	0.3526	0.0380	4.0000	2.8723	0.3972	1.0000	0.5130	0.5403	-0.0273	1.4235
122.0000	154.0000	Focus on Health	Triscuit	4.0000	4.0000	5.0000	2	1.0000	1.1253	0.5207	0.0000	0.0000	0.5207	0.3002	1.0000	0.3842	0.3847	-0.0005	0.8131
122.0000	155.0000	Focus on Health	Avocado	5.0000	5.0000	6.0000	5	1.0000	0.9909	0.2015	-0.1462	0.0000	0.2015	0.2158	1.0000	0.2854	0.2993	-0.0138	0.7321
122.0000	156.0000	Focus on Health	GreenPepper	5.0000	5.0000	6.0000	6	1.0000	0.9744	0.1008	0.0000	0.0000	0.1008	0.1765	1.0000	0.2166	0.2166	-0.0000	0.5782
122.0000	157.0000	Focus on Health	Orange	6.0000	6.0000	6.0000	1	1.0000	0.9233	0.4194	0.1050	0.0000	0.4194	0.1766	1.0000	0.2391	0.2391	-0.0000	0.3799
122.0000	158.0000	Focus on Health	DriedHerring	1.0000	1.0000	5.0000	1	-1.0000	1.2096	0.1008	0.2429	1.0000	0.6889	0.2526	1.0000	0.3750	0.3888	-0.0138	0.9104
122.0000	159.0000	Focus on Health	BabyFoodCarrots	1.0000	1.0000	5.0000	3	-1.0000	1.1417	0.3693	0.1165	0.0000	0.3693	0.2998	-1.0000	0.2494	0.2494	-0.0000	0.5378
122.0000	160.0000	Focus on Health	Strawberries	5.0000	6.0000	4.0000	2	-1.0000	1.5621	0.1848	0.1136	2.0000	0.9406	0.3197	-1.0000	0.5139	0.5334	-0.0196	1.3295
122.0000	161.0000	Respond Naturally	Shreddies	3.0000	3.0000	6.0000	2	-1.0000	1.6288	0.8394	0.0388	1.0000	1.1754	0.4078	1.0000	0.4683	0.4683	-0.0000	1.4993
122.0000	162.0000	Respond Naturally	Reese	3.0000	5.0000	2.0000	1	-1.0000	1.0078	0.4872	0.0474	0.0000	0.4872	0.2884	-1.0000	0.2616	0.2616	-0.0000	0.5395
122.0000	163.0000	Respond Naturally	Smartfood	4.0000	6.0000	6.0000	2	-1.0000	1.1591	0.4872	0.0575	0.0000	0.4872	0.2315	-1.0000	0.1852	0.1865	-0.0013	0.5080
122.0000	164.0000	Respond Naturally	MangoChunks	5.0000	6.0000	4.0000	2	-1.0000	1.1252	0.4701	0.0771	0.0000	0.4701	0.1453	-1.0000	0.1989	0.2011	-0.0021	0.3547
122.0000	165.0000	Respond Naturally	GreenGrapes	6.0000	6.0000	6.0000	4	1.0000	0.9071	0.2016	-0.0632	1.0000	0.4032	0.2210	-1.0000	0.2941	0.2943	-0.0002	0.6117
122.0000	166.0000	Respond Naturally	Fritos	3.0000	4.0000	2.0000	5	-1.0000	1.2597	0.2685	0.0898	1.0000	0.6885	0.2860	1.0000	0.5073	0.5073	-0.0000	1.2024
122.0000	167.0000	Respond Naturally	MnMPlain	1.0000	1.0000	1.0000	5	-1.0000	0.9405	0.4197	-0.0886	0.0000	0.4197	0.2095	-1.0000	0.2178	0.2178	-0.0000	0.4599
122.0000	168.0000	Respond Naturally	OikosYogurt	4.0000	6.0000	5.0000	3	1.0000	1.0749	0.1006	-0.2134	0.0000	0.1006	0.2964	1.0000	0.3058	0.3308	-0.0250	0.8942
122.0000	169.0000	Respond Naturally	HoneyNutCheerios	5.0000	4.0000	6.0000	5	-1.0000	1.1088	0.3360	0.1495	2.0000	0.6048	0.1342	-1.0000	0.2532	0.2532	-0.0000	0.5208
122.0000	170.0000	Respond Naturally	RufflesSourCreamOnion	6.0000	6.0000	1.0000	3	1.0000	0.8735	0.1512	0.0000	0.0000	0.1512	0.2278	1.0000	0.1880	0.1884	-0.0004	0.5215
122.0000	171.0000	Focus on Health	Fritos	3.0000	3.0000	2.0000	2	-1.0000	1.0244	0.4701	0.2623	0.0000	0.4701	0.3432	-1.0000	0.2496	0.2496	-0.0000	0.4187
122.0000	172.0000	Focus on Health	RedPepper	5.0000	4.0000	6.0000	2	1.0000	1.3103	0.3023	-0.2519	1.0000	0.7391	0.3456	-1.0000	0.6109	0.6109	-0.0000	1.2956
122.0000	173.0000	Focus on Health	FrootLoops	4.0000	6.0000	1.0000	2	-1.0000	1.1080	0.5537	-0.0512	0.0000	0.5537	0.2322	-1.0000	0.1115	0.1115	-0.0000	0.1952
122.0000	174.0000	Focus on Health	Tempeh	1.0000	1.0000	5.0000	4	-1.0000	0.9907	0.4028	0.2999	0.0000	0.4028	0.1644	-1.0000	0.1091	0.1091	-0.0000	0.2073
122.0000	175.0000	Focus on Health	LaysClassic	6.0000	6.0000	1.0000	4	-1.0000	1.4108	0.4028	0.0549	1.0000	0.8564	0.3970	1.0000	0.5619	0.5619	-0.0000	1.6085
122.0000	176.0000	Focus on Health	CannedArtichoke	1.0000	1.0000	5.0000	5	-1.0000	0.9907	0.4532	0.3278	0.0000	0.4532	0.1747	-1.0000	0.1261	0.1261	-0.0000	0.2457
122.0000	177.0000	Focus on Health	Spinach	5.0000	5.0000	6.0000	2	1.0000	1.0916	0.4197	-0.2856	1.0000	0.5877	0.1470	-1.0000	0.3458	0.3460	-0.0001	0.6790
122.0000	178.0000	Focus on Health	Tuna	6.0000	6.0000	5.0000	4	1.0000	1.4440	0.5033	-0.2598	1.0000	0.9403	0.3348	-1.0000	0.5844	0.5844	-0.0000	1.2626
122.0000	179.0000	Focus on Health	GreenBeans	5.0000	5.0000	6.0000	4	1.0000	1.2259	0.6213	-0.1646	0.0000	0.6213	0.1973	1.0000	0.2959	0.2969	-0.0009	0.5427
122.0000	180.0000	Focus on Health	FrozenBlueberries	5.0000	6.0000	5.0000	1	1.0000	0.9240	0.2688	-0.2502	0.0000	0.2688	0.1378	1.0000	0.2317	0.2320	-0.0003	0.4640
122.0000	181.0000	Respond Naturally	Asparagus	3.0000	4.0000	6.0000	3	-1.0000	1.8643	0.4533	0.1091	2.0000	1.2932	0.2865	-1.0000	0.4315	0.4315	-0.0000	1.6044
122.0000	182.0000	Respond Naturally	BabyFoodCarrots	1.0000	1.0000	5.0000	5	-1.0000	0.9741	0.3694	0.0307	0.0000	0.3694	0.1514	-1.0000	0.2251	0.2251	-0.0000	0.4451
122.0000	183.0000	Respond Naturally	EnglishCucumber	5.0000	4.0000	6.0000	5	1.0000	1.1586	0.3859	0.1009	1.0000	0.7219	0.3209	-1.0000	0.4446	0.4446	-0.0000	1.0809
122.0000	184.0000	Respond Naturally	Onion	1.0000	1.0000	6.0000	2	-1.0000	1.0245	0.4869	0.0741	0.0000	0.4869	0.1677	-1.0000	0.1971	0.1972	-0.0000	0.5843
122.0000	185.0000	Respond Naturally	CoffeeCrisp	2.0000	3.0000	2.0000	3	-1.0000	1.3603	0.5708	0.0399	0.0000	0.5708	0.2778	-1.0000	0.3216	0.3216	-0.0000	0.5599
122.0000	186.0000	Respond Naturally	Aero	5.0000	6.0000	2.0000	1	1.0000	1.1921	0.4869	0.1065	0.0000	0.4869	0.1998	1.0000	0.2928	0.2982	-0.0054	0.5812
122.0000	187.0000	Respond Naturally	Smarties	1.0000	1.0000	1.0000	2	-1.0000	0.7984	0.1680	0.0277	0.0000	0.1680	0.3390	-1.0000	0.2636	0.2735	-0.0098	0.7220
122.0000	188.0000	Respond Naturally	ClamJuice	1.0000	1.0000	3.0000	3	-1.0000	0.9910	0.4534	0.9011	0.0000	0.4534	0.2567	-1.0000	0.2760	0.2792	-0.0032	0.5678
122.0000	189.0000	Respond Naturally	LaysClassic	6.0000	6.0000	1.0000	3	1.0000	1.0752	0.1176	-0.0059	1.0000	0.4873	0.2330	-1.0000	0.4083	0.4083	-0.0000	1.1801
122.0000	190.0000	Respond Naturally	BabyFoodSweetPotatos	1.0000	1.0000	5.0000	5	-1.0000	0.8567	0.2856	-0.0000	0.0000	0.2856	0.1412	-1.0000	0.2313	0.2313	-0.0000	0.5369
122.0000	191.0000	Focus on Health	MnMPeanuts	1.0000	1.0000	1.0000	4	-1.0000	2.0321	0.3526	-0.2220	2.0000	1.5785	0.3058	-1.0000	0.1226	0.1340	-0.0114	0.7092
122.0000	192.0000	Focus on Health	DriedHerring	1.0000	1.0000	5.0000	3	-1.0000	0.9066	0.4197	0.1038	0.0000	0.4197	0.2642	-1.0000	0.2513	0.2517	-0.0004	0.4956
122.0000	193.0000	Focus on Health	FrozenCorn	4.0000	6.0000	6.0000	4	1.0000	1.0749	0.4869	-0.1367	0.0000	0.4869	0.3013	1.0000	0.3722	0.3931	-0.0210	0.7558
122.0000	194.0000	Focus on Health	OatmealSquares	1.0000	1.0000	6.0000	3	1.0000	1.5286	0.3190	-0.1748	2.0000	1.0079	0.3091	1.0000	0.5567	0.5567	-0.0000	1.3918
122.0000	195.0000	Focus on Health	WelchsFruitSnacks	6.0000	6.0000	2.0000	3	1.0000	1.1071	0.2851	-0.1784	0.0000	0.2851	0.1584	1.0000	0.2332	0.2332	-0.0000	0.5099
122.0000	196.0000	Focus on Health	PopTartStrawberry	1.0000	3.0000	1.0000	2	-1.0000	1.1255	0.6047	0.2133	0.0000	0.6047	0.1910	-1.0000	0.2286	0.2289	-0.0003	0.4748
122.0000	197.0000	Focus on Health	Cheerios	3.0000	4.0000	5.0000	5	1.0000	0.8904	0.1680	-0.2412	0.0000	0.1680	0.2081	1.0000	0.1856	0.2064	-0.0207	0.5348
122.0000	198.0000	Focus on Health	Doritos	5.0000	6.0000	1.0000	2	-1.0000	1.2597	0.3862	0.1842	1.0000	0.6382	0.2930	1.0000	0.4292	0.4292	-0.0000	1.4369
122.0000	199.0000	Focus on Health	CheeseNips	6.0000	6.0000	2.0000	5	1.0000	1.8635	1.3092	-0.2170	0.0000	1.3092	0.1877	1.0000	0.4247	0.4253	-0.0006	0.5894
122.0000	200.0000	Focus on Health	WaterChestnuts	1.0000	1.0000	5.0000	5	-1.0000	0.9403	0.5206	0.2477	0.0000	0.5206	0.2732	-1.0000	0.2075	0.2075	-0.0000	0.3672
