Subject	Block	Trial	Attribute	Food	Rating	RT
120.0000	1.0000	1.0000	Liking	SevenGrain_3_5.jpg	4.0000	8.9297
120.0000	1.0000	2.0000	Liking	WelchsFruitSnacks_3_4bags.jpg	5.0000	2.6224
120.0000	1.0000	3.0000	Liking	SpeltCakes_2_0.5.jpg	5.0000	3.6398
120.0000	1.0000	4.0000	Liking	GreenApple_2_1slice.jpg	5.0000	1.1363
120.0000	1.0000	5.0000	Liking	PCChipCookie_5_4cookie.jpg	5.0000	0.6364
120.0000	1.0000	6.0000	Liking	MnMPlain_5_1bag.jpg	5.0000	0.6372
120.0000	1.0000	7.0000	Liking	AllBranBar_3_1bar.jpg	5.0000	1.4451
120.0000	1.0000	8.0000	Liking	YorkPeppermintPatties_4_12.jpg	5.0000	4.0117
120.0000	1.0000	9.0000	Liking	DriedApricots_5_0.75cup.jpg	3.0000	2.2857
120.0000	1.0000	10.0000	Liking	BBQCrisps_6_1cup.jpg	5.0000	2.4917
120.0000	1.0000	11.0000	Liking	ClamJuice_1_1T.jpg	2.0000	2.9222
120.0000	1.0000	12.0000	Liking	Fritos_5_1c.jpg	5.0000	1.6750
120.0000	1.0000	13.0000	Liking	RedPepper_2_2pc.jpg	5.0000	1.5380
120.0000	1.0000	14.0000	Liking	Celery_4_0.5bunch.jpg	3.0000	1.1188
120.0000	1.0000	15.0000	Liking	FrozenOkra_2_2pc.jpg	3.0000	1.2116
120.0000	1.0000	16.0000	Liking	Mars_4_2Bars.jpg	5.0000	0.9494
120.0000	1.0000	17.0000	Liking	VegetableThins_5_25Chips.jpg	5.0000	1.2096
120.0000	1.0000	18.0000	Liking	CornFlakes_6_2cups.jpg	5.0000	0.7096
120.0000	1.0000	19.0000	Liking	Caramilk_5_2bars.jpg	5.0000	0.5548
120.0000	1.0000	20.0000	Liking	CannedArtichoke_2_2.jpg	3.0000	1.8548
120.0000	1.0000	21.0000	Liking	Almonds_2_10.jpg	5.0000	2.7188
120.0000	1.0000	22.0000	Liking	Caramilk_2_2pc.jpg	5.0000	0.6440
120.0000	1.0000	23.0000	Liking	NatureValleyChocolate_1_0.25bar.jpg	5.0000	0.8926
120.0000	1.0000	24.0000	Liking	RitzCrackers_2_3Crackers.jpg	5.0000	2.3874
120.0000	1.0000	25.0000	Liking	DriedHerring_1_1fish.jpg	2.0000	1.6781
120.0000	1.0000	26.0000	Liking	BabyFoodCarrots_5_1jar.jpg	1.0000	2.7491
120.0000	1.0000	27.0000	Liking	OatBran_4_1bowl.jpg	5.0000	2.8494
120.0000	1.0000	28.0000	Liking	CannedArtichoke_5_1can.jpg	2.0000	2.0413
120.0000	1.0000	29.0000	Liking	Pringles_2_3Chips.jpg	6.0000	1.4166
120.0000	1.0000	30.0000	Liking	SkittlesSour_6_0.5pack.jpg	5.0000	1.7619
120.0000	1.0000	31.0000	Liking	RitzCrackers_5_15Crackers.jpg	5.0000	0.9259
120.0000	1.0000	32.0000	Liking	OatBran_2_2T.jpg	5.0000	3.7225
120.0000	1.0000	33.0000	Liking	TofuDessert_4_1pck.jpg	1.0000	1.8158
120.0000	1.0000	34.0000	Liking	GreenBeans_2_9beans.jpg	1.0000	1.5191
120.0000	1.0000	35.0000	Liking	TofuDessert_2_2Tbsp.jpg	1.0000	0.9165
120.0000	1.0000	36.0000	Liking	IceCreamVanilla_1_2tsp.jpg	5.0000	3.2018
120.0000	1.0000	37.0000	Liking	Strawberries_2_0.5c.jpg	5.0000	1.1217
120.0000	1.0000	38.0000	Liking	RiceKrispiesCereal_3_2tbsp.jpg	5.0000	1.1517
120.0000	1.0000	39.0000	Liking	Tuna_2_1T.jpg	2.0000	2.9157
120.0000	1.0000	40.0000	Liking	Beets_2_5pc.jpg	1.0000	2.0091
120.0000	1.0000	41.0000	Liking	SlimStyles_6_2c.jpg	1.0000	1.6750
120.0000	1.0000	42.0000	Liking	FrozenCorn_4_2cups.jpg	5.0000	1.7622
120.0000	1.0000	43.0000	Liking	Twizzlers_2_2.jpg	5.0000	2.3501
120.0000	1.0000	44.0000	Liking	AllBranBar_1_.25bar.jpg	5.0000	3.9542
120.0000	1.0000	45.0000	Liking	Aero_3_1bar.jpg	5.0000	1.2942
120.0000	1.0000	46.0000	Liking	Orange_5_2orange.jpg	5.0000	0.8288
120.0000	1.0000	47.0000	Liking	SlimStyles_2_2Tbsp.jpg	1.0000	1.7262
120.0000	1.0000	48.0000	Liking	PopTartStrawberry_2_0.5tart.jpg	3.0000	2.6516
120.0000	1.0000	49.0000	Liking	Tempeh_2_1Tbsp.jpg	1.0000	1.1315
120.0000	1.0000	50.0000	Liking	SevenGrain_1_1.jpg	1.0000	0.9602
120.0000	1.0000	51.0000	Liking	IceCreamChocolate_4_3scoops.jpg	6.0000	1.4682
120.0000	1.0000	52.0000	Liking	WaterChestnuts_5_0.5can.jpg	1.0000	2.5393
120.0000	1.0000	53.0000	Liking	FrozenPeas_6_0.5bag.jpg	6.0000	2.3434
120.0000	1.0000	54.0000	Liking	Beets_5_1can.jpg	2.0000	1.5241
120.0000	1.0000	55.0000	Liking	CoffeeCrisp_1_0.25bar.jpg	5.0000	1.5853
120.0000	1.0000	56.0000	Liking	PureFit_4_2Bars.jpg	6.0000	2.6681
120.0000	1.0000	57.0000	Liking	BBQCrisps_2_5.jpg	6.0000	0.9545
120.0000	1.0000	58.0000	Liking	NatureValleyChocolate_4_2bars.jpg	5.0000	4.6305
120.0000	1.0000	59.0000	Liking	AlmondMilk_2_0.25glass.jpg	6.0000	2.0640
120.0000	1.0000	60.0000	Liking	GreenPepper_2_2pc.jpg	4.0000	1.8800
120.0000	1.0000	61.0000	Liking	FrootLoops_6_2Cups.jpg	6.0000	1.4192
120.0000	1.0000	62.0000	Liking	CheeseNips_2_5nips.jpg	6.0000	2.1004
120.0000	1.0000	63.0000	Liking	ClamJuice_3_0.25c.jpg	2.0000	2.4586
120.0000	1.0000	64.0000	Liking	RedPepper_5_1pepper.jpg	6.0000	1.0099
120.0000	1.0000	65.0000	Liking	OatmealSquares_7_2Cups.jpg	4.0000	1.4659
120.0000	1.0000	66.0000	Liking	SkimMilk_4_1glass.jpg	6.0000	0.9051
120.0000	1.0000	67.0000	Liking	VanillaGreekYogurt_4_1cup.jpg	4.0000	2.2950
120.0000	1.0000	68.0000	Liking	Onion_2_1ring.jpg	5.0000	1.3578
120.0000	1.0000	69.0000	Liking	Mentos_2_3pc.jpg	4.0000	1.7458
120.0000	1.0000	70.0000	Liking	PCChipCookie_2_0.5cookie.jpg	6.0000	0.8623
120.0000	1.0000	71.0000	Liking	HoneyNutCheerios_2_2tbsp.jpg	6.0000	0.9211
120.0000	1.0000	72.0000	Liking	Tuna_4_1can.jpg	1.0000	1.9185
120.0000	1.0000	73.0000	Liking	Butternut_7_2cups.jpg	6.0000	2.3231
120.0000	1.0000	74.0000	Liking	MnMPlain_3_1tbsp.jpg	6.0000	0.7122
120.0000	1.0000	75.0000	Liking	RomaineLettuce_4_1head.jpg	4.0000	0.9583
120.0000	1.0000	76.0000	Liking	MangoChunks_5_1cup.jpg	4.0000	1.2496
120.0000	1.0000	77.0000	Liking	RaisinBran_3_2tbsp.jpg	6.0000	0.9569
120.0000	1.0000	78.0000	Liking	CornFlakes_3_2tbsps.jpg	6.0000	0.5069
120.0000	1.0000	79.0000	Liking	GreenPepper_6_1pepper.jpg	6.0000	0.6728
120.0000	1.0000	80.0000	Liking	SkittlesSour_3_8pieces.jpg	6.0000	1.5523
120.0000	1.0000	81.0000	Liking	Raspberries_5_.5bag.jpg	6.0000	0.7942
120.0000	1.0000	82.0000	Liking	ProMax_4_1bar.jpg	6.0000	0.6682
120.0000	1.0000	83.0000	Liking	Smartfood_2_8Chips.jpg	5.0000	0.9176
120.0000	1.0000	84.0000	Liking	FrozenPeaches_2_3Slices.jpg	2.0000	30.2817
120.0000	1.0000	85.0000	Liking	Snickers_3_2Bars.jpg	6.0000	1.4079
120.0000	1.0000	86.0000	Liking	Butternut_3_0.3cup.jpg	4.0000	1.1613
120.0000	1.0000	87.0000	Liking	Orange_1_0.25orange.jpg	6.0000	0.6685
120.0000	1.0000	88.0000	Liking	Smarties_2_0.5box.jpg	6.0000	0.6679
120.0000	1.0000	89.0000	Liking	SlicedTurkey_2_0.5slice.jpg	2.0000	1.7305
120.0000	1.0000	90.0000	Liking	Cheerios_2_2T.jpg	6.0000	0.6771
120.0000	1.0000	91.0000	Liking	OikosYogurt_3_2spoonfuls.jpg	6.0000	1.3065
120.0000	1.0000	92.0000	Liking	DriedHerring_3_4fish.jpg	1.0000	1.6158
120.0000	1.0000	93.0000	Liking	Aero_1_1pc.jpg	6.0000	0.9525
120.0000	1.0000	94.0000	Liking	PureFit_2_0.5Bars.jpg	6.0000	1.3476
120.0000	1.0000	95.0000	Liking	GreenGrapes_4_40.jpg	6.0000	0.7589
120.0000	1.0000	96.0000	Liking	MnMPeanuts_2_4.jpg	6.0000	0.5145
120.0000	1.0000	97.0000	Liking	Broccoli_1_1pc.jpg	4.0000	1.4797
120.0000	1.0000	98.0000	Liking	BrusselsSprouts_4_1Box.jpg	4.0000	2.1423
120.0000	1.0000	99.0000	Liking	CoffeeCrisp_3_1Bars.jpg	6.0000	2.5702
120.0000	1.0000	100.0000	Liking	Onion_4_0.25.jpg	4.0000	1.5969
120.0000	1.0000	101.0000	Liking	Mackerel_3_4fish.jpg	2.0000	3.6070
120.0000	1.0000	102.0000	Liking	AllBranCereal_2_1tbsp.jpg	4.0000	1.9721
120.0000	1.0000	103.0000	Liking	Mackerel_1_1fish.jpg	4.0000	0.8796
120.0000	1.0000	104.0000	Liking	KashiBars_1_0.5bar.jpg	6.0000	3.5023
120.0000	1.0000	105.0000	Liking	SpeltCakes_5_4.jpg	4.0000	2.0995
120.0000	1.0000	106.0000	Liking	EnglishCucumber_5_0.5cuc.JPG	6.0000	0.8808
120.0000	1.0000	107.0000	Liking	Nutella_4_3spoons.jpg	6.0000	0.7035
120.0000	1.0000	108.0000	Liking	IceCreamVanilla_4_3scoops.jpg	6.0000	0.7089
120.0000	1.0000	109.0000	Liking	MnMPeanuts_4_45.jpg	6.0000	0.7382
120.0000	1.0000	110.0000	Liking	AlmondMilk_4_1glass.jpg	2.0000	2.5180
120.0000	1.0000	111.0000	Liking	ClifBar_4_2bars.jpg	6.0000	3.6908
120.0000	1.0000	112.0000	Liking	IceCreamChocolate_1_1tsp.jpg	6.0000	0.5768
120.0000	1.0000	113.0000	Liking	Snickers_2_1Bar.jpg	6.0000	0.4352
120.0000	1.0000	114.0000	Liking	Cauliflower_6_0.5bag.jpg	4.0000	1.0887
120.0000	1.0000	115.0000	Liking	SunChips_4_20Chips.jpg	6.0000	1.0833
120.0000	1.0000	116.0000	Liking	HoneyNutCheerios_5_2cup.jpg	6.0000	0.4709
120.0000	1.0000	117.0000	Liking	Nutella_1_0.5spoon.jpg	6.0000	0.5894
120.0000	1.0000	118.0000	Liking	RufflesSourCreamOnion_5_20chips.jpg	6.0000	0.6594
120.0000	1.0000	119.0000	Liking	GreenGrapes_1_1.jpg	6.0000	0.9712
120.0000	1.0000	120.0000	Liking	FrozenCorn_2_0.5cup.jpg	6.0000	0.7740
120.0000	1.0000	121.0000	Liking	SlicedTurkey_5_4slices.jpg	2.0000	1.5446
120.0000	1.0000	122.0000	Liking	OikosYogurt_6_1c.jpg	4.0000	0.8053
120.0000	1.0000	123.0000	Liking	Avocado_5_1avacado.jpg	6.0000	0.9747
120.0000	1.0000	124.0000	Liking	Bananas_2_0.5.jpg	6.0000	0.8093
120.0000	1.0000	125.0000	Liking	FrozenPeas_2_2tbsp.jpg	6.0000	1.0906
120.0000	1.0000	126.0000	Liking	Mars_2_0.5Bar.jpg	6.0000	1.8412
120.0000	1.0000	127.0000	Liking	AppleChips_5_1c..jpg	6.0000	1.6878
120.0000	1.0000	128.0000	Liking	Twizzlers_4_8.jpg	6.0000	9.1417
120.0000	1.0000	129.0000	Liking	Shreddies_2_1T.jpg	6.0000	4.8478
120.0000	1.0000	130.0000	Liking	Asparagus_6_FullPack.jpg	4.0000	0.7098
120.0000	1.0000	131.0000	Liking	Bananas_3_1.jpg	6.0000	3.0348
120.0000	1.0000	132.0000	Liking	GreenBeans_4_.5pck.jpg	2.0000	15.1039
120.0000	1.0000	133.0000	Liking	BabyFoodSweetPotatos_5_1jar.jpg	2.0000	2.9094
120.0000	1.0000	134.0000	Liking	Almonds_4_40.jpg	6.0000	1.0987
120.0000	1.0000	135.0000	Liking	Fritos_2_5chips.jpg	6.0000	8.3247
120.0000	1.0000	136.0000	Liking	ClifBar_2_0.5bar.jpg	6.0000	0.8094
120.0000	1.0000	137.0000	Liking	BrusselsSprouts_2_3.jpg	4.0000	1.2108
120.0000	1.0000	138.0000	Liking	GreenApple_4_1.jpg	6.0000	0.9000
120.0000	1.0000	139.0000	Liking	KashiBars_4_3bars.jpg	6.0000	0.8573
120.0000	1.0000	140.0000	Liking	Triscuit_2_2crackers.jpg	6.0000	0.7127
120.0000	1.0000	141.0000	Liking	Doritos_2_3chips.jpg	6.0000	0.5726
120.0000	1.0000	142.0000	Liking	FrozenPeaches_5_1.5Cups.jpg	2.0000	1.2553
120.0000	1.0000	143.0000	Liking	Prunes_2_3.jpg	2.0000	1.3020
120.0000	1.0000	144.0000	Liking	Cheetos_6_2c.jpg	6.0000	0.8433
120.0000	1.0000	145.0000	Liking	VegetableThins_2_5Chips.jpg	6.0000	0.6273
120.0000	1.0000	146.0000	Liking	FrozenBlueberries_3_1cup.jpg	4.0000	0.1867
120.0000	1.0000	147.0000	Liking	FrozenBroccoli_2_3chunks.jpg	4.0000	1.3466
120.0000	1.0000	148.0000	Liking	Spinach_2_.5c.jpg	6.0000	0.8146
120.0000	1.0000	149.0000	Liking	LaysClassic_4_16Chips.jpg	6.0000	0.5298
120.0000	1.0000	150.0000	Liking	CheeseNips_5_1c.jpg	6.0000	0.5346
120.0000	1.0000	151.0000	Liking	Shreddies_5_2c.jpg	6.0000	0.5206
120.0000	1.0000	152.0000	Liking	Reese_1_1Cup.jpg	6.0000	0.9492
120.0000	1.0000	153.0000	Liking	Starburst_6_18pieces.jpg	6.0000	0.6406
120.0000	1.0000	154.0000	Liking	Celery_2_1stalk.jpg	4.0000	1.3125
120.0000	1.0000	155.0000	Liking	Asparagus_3_7.jpg	4.0000	1.3237
120.0000	1.0000	156.0000	Liking	Strawberries_3_0.5bag.jpg	4.0000	1.0151
120.0000	1.0000	157.0000	Liking	PopTartStrawberry_5_3tarts.jpg	6.0000	1.5597
120.0000	1.0000	158.0000	Liking	Pringles_5_40Chips.jpg	6.0000	0.5063
120.0000	1.0000	159.0000	Liking	AppleChips_2_3chips.jpg	4.0000	2.5910
120.0000	1.0000	160.0000	Liking	Skittles_3_14pieces.jpg	6.0000	0.8571
120.0000	1.0000	161.0000	Liking	BabyFoodCarrots_3_2Tbsp.jpg	2.0000	1.4804
120.0000	1.0000	162.0000	Liking	RiceKrispiesCereal_7_2cups.jpg	6.0000	3.5676
120.0000	1.0000	163.0000	Liking	RomaineLettuce_2_3leaves.jpg	4.0000	1.0504
120.0000	1.0000	164.0000	Liking	Reese_4_5Cup.jpg	6.0000	0.6504
120.0000	1.0000	165.0000	Liking	Raspberries_4_.5c.jpg	2.0000	0.9850
120.0000	1.0000	166.0000	Liking	Starburst_3_5pieces.jpg	6.0000	2.0430
120.0000	1.0000	167.0000	Liking	BabyFoodSweetPotatos_2_2T.jpg	2.0000	1.1389
120.0000	1.0000	168.0000	Liking	FrozenBroccoli_6_0.5bag.jpg	4.0000	2.9408
120.0000	1.0000	169.0000	Liking	OatmealSquares_3_2tbsp.jpg	4.0000	1.4543
120.0000	1.0000	170.0000	Liking	SkimMilk_1_1Tbsp.jpg	5.0000	2.2936
120.0000	1.0000	171.0000	Liking	Avocado_2_2pc.jpg	2.0000	2.0259
120.0000	1.0000	172.0000	Liking	FrootLoops_2_2T.jpg	6.0000	0.7262
120.0000	1.0000	173.0000	Liking	Mentos_5_1tube.jpg	4.0000	0.8348
120.0000	1.0000	174.0000	Liking	AllBranCereal_6_1cup.jpg	4.0000	0.7980
120.0000	1.0000	175.0000	Liking	Skittles_6_0.75pack.jpg	6.0000	0.6533
120.0000	1.0000	176.0000	Liking	DriedApricots_2_2.jpg	2.0000	0.9888
120.0000	1.0000	177.0000	Liking	Smarties_5_3boxes.jpg	6.0000	0.6948
120.0000	1.0000	178.0000	Liking	SunChips_2_3Chips.jpg	6.0000	1.2888
120.0000	1.0000	179.0000	Liking	Tempeh_4_.5pack.jpg	2.0000	1.2141
120.0000	1.0000	180.0000	Liking	Cauliflower_2_3chunks.jpg	2.0000	1.0294
120.0000	1.0000	181.0000	Liking	Smartfood_4_100Chips.jpg	6.0000	1.4088
120.0000	1.0000	182.0000	Liking	Triscuit_5_30crackers.jpg	6.0000	1.0580
120.0000	1.0000	183.0000	Liking	WaterChestnuts_3_8pc.jpg	4.0000	1.0334
120.0000	1.0000	184.0000	Liking	EnglishCucumber_2_2pc.jpg	6.0000	0.8093
120.0000	1.0000	185.0000	Liking	FrozenBlueberries_1_1tbsp.jpg	2.0000	0.7860
120.0000	1.0000	186.0000	Liking	Broccoli_4_1.5c.jpg	4.0000	1.9400
120.0000	1.0000	187.0000	Liking	RaisinBran_7_2cup.jpg	6.0000	1.7398
120.0000	1.0000	188.0000	Liking	RufflesSourCreamOnion_3_5chips.jpg	4.0000	0.3966
120.0000	1.0000	189.0000	Liking	ProMax_2_0.25bar.jpg	6.0000	15.3904
120.0000	1.0000	190.0000	Liking	Spinach_4_.5box.jpg	6.0000	0.6244
120.0000	1.0000	191.0000	Liking	LaysClassic_3_8Chips.jpg	6.0000	0.4919
120.0000	1.0000	192.0000	Liking	FrozenOkra_5_0.5box.jpg	3.0000	1.3297
120.0000	1.0000	193.0000	Liking	MangoChunks_2_3.jpg	6.0000	1.6384
120.0000	1.0000	194.0000	Liking	WelchsFruitSnacks_1_1bag.jpg	6.0000	0.7744
120.0000	1.0000	195.0000	Liking	Doritos_5_20chips.jpg	6.0000	0.4638
120.0000	1.0000	196.0000	Liking	VanillaGreekYogurt_2_1spoon.jpg	6.0000	0.8231
120.0000	1.0000	197.0000	Liking	Cheerios_5_2c.jpg	6.0000	0.5084
120.0000	1.0000	198.0000	Liking	Cheetos_3_10pc.jpg	6.0000	0.4657
120.0000	1.0000	199.0000	Liking	YorkPeppermintPatties_2_3.jpg	4.0000	1.6718
120.0000	1.0000	200.0000	Liking	Prunes_5_1c.jpg	2.0000	1.4384
120.0000	2.0000	201.0000	Health	FrozenCorn_4_2cups.jpg	6.0000	2.6806
120.0000	2.0000	202.0000	Health	Orange_1_0.25orange.jpg	6.0000	0.7031
120.0000	2.0000	203.0000	Health	Butternut_7_2cups.jpg	6.0000	0.6830
120.0000	2.0000	204.0000	Health	ProMax_4_1bar.jpg	3.0000	0.9933
120.0000	2.0000	205.0000	Health	Cauliflower_2_3chunks.jpg	5.0000	1.3692
120.0000	2.0000	206.0000	Health	LaysClassic_3_8Chips.jpg	3.0000	1.4233
120.0000	2.0000	207.0000	Health	SpeltCakes_5_4.jpg	4.0000	4.3838
120.0000	2.0000	208.0000	Health	Onion_2_1ring.jpg	5.0000	1.4098
120.0000	2.0000	209.0000	Health	RomaineLettuce_4_1head.jpg	5.0000	2.1628
120.0000	2.0000	210.0000	Health	Twizzlers_2_2.jpg	3.0000	1.9023
120.0000	2.0000	211.0000	Health	Doritos_2_3chips.jpg	3.0000	1.4418
120.0000	2.0000	212.0000	Health	FrozenBroccoli_2_3chunks.jpg	6.0000	1.7437
120.0000	2.0000	213.0000	Health	Cheetos_3_10pc.jpg	3.0000	4.0196
120.0000	2.0000	214.0000	Health	Celery_4_0.5bunch.jpg	3.0000	0.8843
120.0000	2.0000	215.0000	Health	Tempeh_2_1Tbsp.jpg	3.0000	3.2423
120.0000	2.0000	216.0000	Health	Caramilk_2_2pc.jpg	3.0000	0.8742
120.0000	2.0000	217.0000	Health	BBQCrisps_2_5.jpg	3.0000	0.6882
120.0000	2.0000	218.0000	Health	NatureValleyChocolate_4_2bars.jpg	5.0000	3.4701
120.0000	2.0000	219.0000	Health	YorkPeppermintPatties_4_12.jpg	3.0000	3.3220
120.0000	2.0000	220.0000	Health	GreenGrapes_1_1.jpg	6.0000	1.4308
120.0000	2.0000	221.0000	Health	BrusselsSprouts_4_1Box.jpg	5.0000	2.4553
120.0000	2.0000	222.0000	Health	Beets_2_5pc.jpg	4.0000	2.3988
120.0000	2.0000	223.0000	Health	FrozenBroccoli_6_0.5bag.jpg	6.0000	7.7500
120.0000	2.0000	224.0000	Health	RomaineLettuce_2_3leaves.jpg	6.0000	0.6973
120.0000	2.0000	225.0000	Health	Triscuit_2_2crackers.jpg	5.0000	2.2633
120.0000	2.0000	226.0000	Health	Onion_4_0.25.jpg	5.0000	0.9267
120.0000	2.0000	227.0000	Health	IceCreamChocolate_1_1tsp.jpg	3.0000	1.5551
120.0000	2.0000	228.0000	Health	KashiBars_1_0.5bar.jpg	5.0000	2.4385
120.0000	2.0000	229.0000	Health	EnglishCucumber_5_0.5cuc.JPG	6.0000	1.6146
120.0000	2.0000	230.0000	Health	RufflesSourCreamOnion_3_5chips.jpg	3.0000	1.0439
120.0000	2.0000	231.0000	Health	Celery_2_1stalk.jpg	5.0000	1.5159
120.0000	2.0000	232.0000	Health	Almonds_4_40.jpg	5.0000	1.2005
120.0000	2.0000	233.0000	Health	Snickers_2_1Bar.jpg	3.0000	0.8339
120.0000	2.0000	234.0000	Health	MnMPlain_3_1tbsp.jpg	3.0000	1.1138
120.0000	2.0000	235.0000	Health	Almonds_2_10.jpg	5.0000	0.6391
120.0000	2.0000	236.0000	Health	IceCreamVanilla_1_2tsp.jpg	3.0000	0.7031
120.0000	2.0000	237.0000	Health	YorkPeppermintPatties_2_3.jpg	3.0000	0.6984
120.0000	2.0000	238.0000	Health	PCChipCookie_2_0.5cookie.jpg	3.0000	0.6638
120.0000	2.0000	239.0000	Health	SkimMilk_1_1Tbsp.jpg	5.0000	1.0950
120.0000	2.0000	240.0000	Health	PCChipCookie_5_4cookie.jpg	3.0000	1.3156
120.0000	2.0000	241.0000	Health	PureFit_4_2Bars.jpg	3.0000	0.7444
120.0000	2.0000	242.0000	Health	BabyFoodSweetPotatos_2_2T.jpg	3.0000	1.2444
120.0000	2.0000	243.0000	Health	SevenGrain_3_5.jpg	5.0000	1.2923
120.0000	2.0000	244.0000	Health	VanillaGreekYogurt_4_1cup.jpg	5.0000	0.8424
120.0000	2.0000	245.0000	Health	Smarties_5_3boxes.jpg	3.0000	0.6904
120.0000	2.0000	246.0000	Health	Smartfood_2_8Chips.jpg	3.0000	0.6678
120.0000	2.0000	247.0000	Health	SunChips_2_3Chips.jpg	3.0000	1.2543
120.0000	2.0000	248.0000	Health	BabyFoodCarrots_3_2Tbsp.jpg	3.0000	0.6377
120.0000	2.0000	249.0000	Health	Triscuit_5_30crackers.jpg	5.0000	2.5249
120.0000	2.0000	250.0000	Health	EnglishCucumber_2_2pc.jpg	5.0000	0.7456
120.0000	2.0000	251.0000	Health	Mentos_5_1tube.jpg	3.0000	0.8449
120.0000	2.0000	252.0000	Health	Spinach_2_.5c.jpg	5.0000	0.5643
120.0000	2.0000	253.0000	Health	PopTartStrawberry_5_3tarts.jpg	3.0000	7.1827
120.0000	2.0000	254.0000	Health	Mars_4_2Bars.jpg	3.0000	0.7128
120.0000	2.0000	255.0000	Health	Aero_3_1bar.jpg	3.0000	0.6459
120.0000	2.0000	256.0000	Health	LaysClassic_4_16Chips.jpg	3.0000	0.5108
120.0000	2.0000	257.0000	Health	Orange_5_2orange.jpg	5.0000	0.6122
120.0000	2.0000	258.0000	Health	Prunes_5_1c.jpg	5.0000	0.9162
120.0000	2.0000	259.0000	Health	MangoChunks_2_3.jpg	5.0000	0.9048
120.0000	2.0000	260.0000	Health	RedPepper_5_1pepper.jpg	3.0000	1.1175
120.0000	2.0000	261.0000	Health	RaisinBran_7_2cup.jpg	5.0000	0.4927
120.0000	2.0000	262.0000	Health	CannedArtichoke_2_2.jpg	5.0000	1.1468
120.0000	2.0000	263.0000	Health	RufflesSourCreamOnion_5_20chips.jpg	3.0000	0.8428
120.0000	2.0000	264.0000	Health	Bananas_3_1.jpg	5.0000	1.2819
120.0000	2.0000	265.0000	Health	Broccoli_1_1pc.jpg	5.0000	0.7912
120.0000	2.0000	266.0000	Health	FrozenPeas_6_0.5bag.jpg	5.0000	0.5281
120.0000	2.0000	267.0000	Health	BrusselsSprouts_2_3.jpg	5.0000	0.7801
120.0000	2.0000	268.0000	Health	RedPepper_2_2pc.jpg	3.0000	0.5980
120.0000	2.0000	269.0000	Health	Starburst_3_5pieces.jpg	3.0000	0.7432
120.0000	2.0000	270.0000	Health	AppleChips_5_1c..jpg	3.0000	0.9046
120.0000	2.0000	271.0000	Health	SkittlesSour_6_0.5pack.jpg	3.0000	0.6060
120.0000	2.0000	272.0000	Health	RiceKrispiesCereal_7_2cups.jpg	5.0000	0.6561
120.0000	2.0000	273.0000	Health	AlmondMilk_2_0.25glass.jpg	5.0000	0.7505
120.0000	2.0000	274.0000	Health	IceCreamChocolate_4_3scoops.jpg	3.0000	0.6579
120.0000	2.0000	275.0000	Health	Skittles_3_14pieces.jpg	3.0000	1.2805
120.0000	2.0000	276.0000	Health	Smartfood_4_100Chips.jpg	3.0000	0.7293
120.0000	2.0000	277.0000	Health	AllBranBar_3_1bar.jpg	5.0000	0.7178
120.0000	2.0000	278.0000	Health	TofuDessert_2_2Tbsp.jpg	5.0000	2.1459
120.0000	2.0000	279.0000	Health	AllBranCereal_2_1tbsp.jpg	5.0000	8.3785
120.0000	2.0000	280.0000	Health	SunChips_4_20Chips.jpg	3.0000	0.6076
120.0000	2.0000	281.0000	Health	NatureValleyChocolate_1_0.25bar.jpg	5.0000	0.5364
120.0000	2.0000	282.0000	Health	MnMPeanuts_2_4.jpg	5.0000	0.6117
120.0000	2.0000	283.0000	Health	MangoChunks_5_1cup.jpg	5.0000	3.5244
120.0000	2.0000	284.0000	Health	Bananas_2_0.5.jpg	6.0000	0.9764
120.0000	2.0000	285.0000	Health	Strawberries_2_0.5c.jpg	5.0000	0.8328
120.0000	2.0000	286.0000	Health	FrozenBlueberries_3_1cup.jpg	6.0000	0.7845
120.0000	2.0000	287.0000	Health	Pringles_2_3Chips.jpg	3.0000	1.3537
120.0000	2.0000	288.0000	Health	WaterChestnuts_5_0.5can.jpg	5.0000	2.4124
120.0000	2.0000	289.0000	Health	Cheerios_2_2T.jpg	6.0000	1.0990
120.0000	2.0000	290.0000	Health	Asparagus_3_7.jpg	5.0000	0.6936
120.0000	2.0000	291.0000	Health	AllBranCereal_6_1cup.jpg	5.0000	0.8883
120.0000	2.0000	292.0000	Health	Skittles_6_0.75pack.jpg	3.0000	0.6777
120.0000	2.0000	293.0000	Health	GreenGrapes_4_40.jpg	5.0000	0.6035
120.0000	2.0000	294.0000	Health	Cauliflower_6_0.5bag.jpg	5.0000	1.0830
120.0000	2.0000	295.0000	Health	VegetableThins_2_5Chips.jpg	5.0000	0.5762
120.0000	2.0000	296.0000	Health	BBQCrisps_6_1cup.jpg	3.0000	0.9861
120.0000	2.0000	297.0000	Health	DriedHerring_3_4fish.jpg	3.0000	2.7714
120.0000	2.0000	298.0000	Health	Beets_5_1can.jpg	4.0000	3.0853
120.0000	2.0000	299.0000	Health	Pringles_5_40Chips.jpg	3.0000	0.9395
120.0000	2.0000	300.0000	Health	PopTartStrawberry_2_0.5tart.jpg	3.0000	0.9267
120.0000	2.0000	301.0000	Health	BabyFoodCarrots_5_1jar.jpg	5.0000	1.4748
120.0000	2.0000	302.0000	Health	Prunes_2_3.jpg	5.0000	2.0566
120.0000	2.0000	303.0000	Health	WelchsFruitSnacks_3_4bags.jpg	3.0000	4.8713
120.0000	2.0000	304.0000	Health	FrozenBlueberries_1_1tbsp.jpg	5.0000	0.7174
120.0000	2.0000	305.0000	Health	ClamJuice_1_1T.jpg	4.0000	1.0181
120.0000	2.0000	306.0000	Health	OatBran_4_1bowl.jpg	5.0000	3.1140
120.0000	2.0000	307.0000	Health	MnMPlain_5_1bag.jpg	3.0000	0.9907
120.0000	2.0000	308.0000	Health	FrozenPeas_2_2tbsp.jpg	5.0000	1.3360
120.0000	2.0000	309.0000	Health	Twizzlers_4_8.jpg	3.0000	0.8599
120.0000	2.0000	310.0000	Health	SkimMilk_4_1glass.jpg	5.0000	1.3306
120.0000	2.0000	311.0000	Health	CornFlakes_3_2tbsps.jpg	3.0000	0.9445
120.0000	2.0000	312.0000	Health	GreenPepper_6_1pepper.jpg	3.0000	1.9312
120.0000	2.0000	313.0000	Health	Cheerios_5_2c.jpg	5.0000	0.6446
120.0000	2.0000	314.0000	Health	HoneyNutCheerios_2_2tbsp.jpg	5.0000	0.9931
120.0000	2.0000	315.0000	Health	TofuDessert_4_1pck.jpg	4.0000	1.7066
120.0000	2.0000	316.0000	Health	DriedApricots_2_2.jpg	5.0000	3.0311
120.0000	2.0000	317.0000	Health	SlicedTurkey_2_0.5slice.jpg	4.0000	4.2785
120.0000	2.0000	318.0000	Health	SpeltCakes_2_0.5.jpg	5.0000	3.1543
120.0000	2.0000	319.0000	Health	Snickers_3_2Bars.jpg	3.0000	0.8057
120.0000	2.0000	320.0000	Health	Mackerel_3_4fish.jpg	2.0000	1.2621
120.0000	2.0000	321.0000	Health	DriedApricots_5_0.75cup.jpg	5.0000	1.4116
120.0000	2.0000	322.0000	Health	Avocado_5_1avacado.jpg	5.0000	1.3091
120.0000	2.0000	323.0000	Health	Doritos_5_20chips.jpg	2.0000	1.2957
120.0000	2.0000	324.0000	Health	Aero_1_1pc.jpg	3.0000	1.0929
120.0000	2.0000	325.0000	Health	FrozenOkra_5_0.5box.jpg	5.0000	2.4575
120.0000	2.0000	326.0000	Health	Shreddies_5_2c.jpg	4.0000	3.8049
120.0000	2.0000	327.0000	Health	SevenGrain_1_1.jpg	4.0000	0.7096
120.0000	2.0000	328.0000	Health	AppleChips_2_3chips.jpg	3.0000	2.5609
120.0000	2.0000	329.0000	Health	BabyFoodSweetPotatos_5_1jar.jpg	5.0000	3.2515
120.0000	2.0000	330.0000	Health	PureFit_2_0.5Bars.jpg	5.0000	1.2582
120.0000	2.0000	331.0000	Health	Starburst_6_18pieces.jpg	5.0000	0.4568
120.0000	2.0000	332.0000	Health	ProMax_2_0.25bar.jpg	3.0000	0.7029
120.0000	2.0000	333.0000	Health	Mars_2_0.5Bar.jpg	3.0000	0.7632
120.0000	2.0000	334.0000	Health	RaisinBran_3_2tbsp.jpg	3.0000	0.5468
120.0000	2.0000	335.0000	Health	GreenApple_2_1slice.jpg	5.0000	0.7581
120.0000	2.0000	336.0000	Health	OikosYogurt_3_2spoonfuls.jpg	5.0000	1.3768
120.0000	2.0000	337.0000	Health	Raspberries_5_.5bag.jpg	5.0000	0.7539
120.0000	2.0000	338.0000	Health	AllBranBar_1_.25bar.jpg	5.0000	2.1888
120.0000	2.0000	339.0000	Health	Smarties_2_0.5box.jpg	3.0000	0.5899
120.0000	2.0000	340.0000	Health	Fritos_2_5chips.jpg	3.0000	0.7386
120.0000	2.0000	341.0000	Health	Tempeh_4_.5pack.jpg	3.0000	0.8780
120.0000	2.0000	342.0000	Health	FrootLoops_6_2Cups.jpg	5.0000	1.0412
120.0000	2.0000	343.0000	Health	CoffeeCrisp_3_1Bars.jpg	5.0000	0.8247
120.0000	2.0000	344.0000	Health	Raspberries_4_.5c.jpg	5.0000	1.8312
120.0000	2.0000	345.0000	Health	Fritos_5_1c.jpg	3.0000	0.7627
120.0000	2.0000	346.0000	Health	Mentos_2_3pc.jpg	3.0000	0.7093
120.0000	2.0000	347.0000	Health	OatmealSquares_7_2Cups.jpg	5.0000	1.8639
120.0000	2.0000	348.0000	Health	ClifBar_2_0.5bar.jpg	3.0000	2.0305
120.0000	2.0000	349.0000	Health	ClifBar_4_2bars.jpg	3.0000	1.1106
120.0000	2.0000	350.0000	Health	VegetableThins_5_25Chips.jpg	3.0000	0.6031
120.0000	2.0000	351.0000	Health	OatBran_2_2T.jpg	5.0000	0.8679
120.0000	2.0000	352.0000	Health	GreenPepper_2_2pc.jpg	3.0000	0.8178
120.0000	2.0000	353.0000	Health	CheeseNips_2_5nips.jpg	3.0000	1.2337
120.0000	2.0000	354.0000	Health	AlmondMilk_4_1glass.jpg	5.0000	0.8571
120.0000	2.0000	355.0000	Health	RiceKrispiesCereal_3_2tbsp.jpg	5.0000	0.6484
120.0000	2.0000	356.0000	Health	Broccoli_4_1.5c.jpg	5.0000	0.5831
120.0000	2.0000	357.0000	Health	CannedArtichoke_5_1can.jpg	5.0000	0.5525
120.0000	2.0000	358.0000	Health	Butternut_3_0.3cup.jpg	5.0000	1.3392
120.0000	2.0000	359.0000	Health	Nutella_1_0.5spoon.jpg	5.0000	1.4865
120.0000	2.0000	360.0000	Health	VanillaGreekYogurt_2_1spoon.jpg	5.0000	0.5957
120.0000	2.0000	361.0000	Health	FrozenCorn_2_0.5cup.jpg	5.0000	1.6929
120.0000	2.0000	362.0000	Health	SlicedTurkey_5_4slices.jpg	4.0000	1.7144
120.0000	2.0000	363.0000	Health	Caramilk_5_2bars.jpg	3.0000	0.8543
120.0000	2.0000	364.0000	Health	Spinach_4_.5box.jpg	5.0000	1.4604
120.0000	2.0000	365.0000	Health	FrootLoops_2_2T.jpg	3.0000	0.8796
120.0000	2.0000	366.0000	Health	WaterChestnuts_3_8pc.jpg	5.0000	0.7015
120.0000	2.0000	367.0000	Health	OatmealSquares_3_2tbsp.jpg	5.0000	0.7755
120.0000	2.0000	368.0000	Health	MnMPeanuts_4_45.jpg	3.0000	0.6655
120.0000	2.0000	369.0000	Health	FrozenOkra_2_2pc.jpg	4.0000	1.1277
120.0000	2.0000	370.0000	Health	Tuna_2_1T.jpg	3.0000	0.7636
120.0000	2.0000	371.0000	Health	Reese_4_5Cup.jpg	5.0000	3.6215
120.0000	2.0000	372.0000	Health	WelchsFruitSnacks_1_1bag.jpg	3.0000	2.0449
120.0000	2.0000	373.0000	Health	Reese_1_1Cup.jpg	5.0000	1.4035
120.0000	2.0000	374.0000	Health	RitzCrackers_5_15Crackers.jpg	3.0000	0.7235
120.0000	2.0000	375.0000	Health	KashiBars_4_3bars.jpg	5.0000	0.9353
120.0000	2.0000	376.0000	Health	Shreddies_2_1T.jpg	5.0000	1.1040
120.0000	2.0000	377.0000	Health	HoneyNutCheerios_5_2cup.jpg	5.0000	0.9769
120.0000	2.0000	378.0000	Health	SkittlesSour_3_8pieces.jpg	3.0000	0.7229
120.0000	2.0000	379.0000	Health	Strawberries_3_0.5bag.jpg	5.0000	0.6926
120.0000	2.0000	380.0000	Health	ClamJuice_3_0.25c.jpg	4.0000	1.6021
120.0000	2.0000	381.0000	Health	SlimStyles_6_2c.jpg	3.0000	3.3868
120.0000	2.0000	382.0000	Health	GreenBeans_2_9beans.jpg	5.0000	1.0661
120.0000	2.0000	383.0000	Health	Cheetos_6_2c.jpg	4.0000	1.2241
120.0000	2.0000	384.0000	Health	Asparagus_6_FullPack.jpg	5.0000	1.8221
120.0000	2.0000	385.0000	Health	FrozenPeaches_2_3Slices.jpg	5.0000	0.5413
120.0000	2.0000	386.0000	Health	CoffeeCrisp_1_0.25bar.jpg	3.0000	0.7207
120.0000	2.0000	387.0000	Health	RitzCrackers_2_3Crackers.jpg	3.0000	0.8125
120.0000	2.0000	388.0000	Health	GreenBeans_4_.5pck.jpg	5.0000	1.2205
120.0000	2.0000	389.0000	Health	Tuna_4_1can.jpg	3.0000	0.8045
120.0000	2.0000	390.0000	Health	OikosYogurt_6_1c.jpg	5.0000	0.7254
120.0000	2.0000	391.0000	Health	Mackerel_1_1fish.jpg	1.0000	1.7300
120.0000	2.0000	392.0000	Health	CornFlakes_6_2cups.jpg	5.0000	1.0005
120.0000	2.0000	393.0000	Health	IceCreamVanilla_4_3scoops.jpg	3.0000	0.8733
120.0000	2.0000	394.0000	Health	FrozenPeaches_5_1.5Cups.jpg	5.0000	6.2065
120.0000	2.0000	395.0000	Health	CheeseNips_5_1c.jpg	5.0000	0.7265
120.0000	2.0000	396.0000	Health	GreenApple_4_1.jpg	5.0000	1.2183
120.0000	2.0000	397.0000	Health	Avocado_2_2pc.jpg	5.0000	0.7218
120.0000	2.0000	398.0000	Health	DriedHerring_1_1fish.jpg	1.0000	1.3418
120.0000	2.0000	399.0000	Health	SlimStyles_2_2Tbsp.jpg	3.0000	1.1283
120.0000	2.0000	400.0000	Health	Nutella_4_3spoons.jpg	3.0000	1.3157
120.0000	2.0000	401.0000	Taste	FrootLoops_6_2Cups.jpg	6.0000	2.0244
120.0000	2.0000	402.0000	Taste	BabyFoodCarrots_5_1jar.jpg	2.0000	0.9757
120.0000	2.0000	403.0000	Taste	FrozenOkra_5_0.5box.jpg	2.0000	1.0170
120.0000	2.0000	404.0000	Taste	Beets_5_1can.jpg	2.0000	1.0010
120.0000	2.0000	405.0000	Taste	CoffeeCrisp_1_0.25bar.jpg	6.0000	0.7616
120.0000	2.0000	406.0000	Taste	ProMax_2_0.25bar.jpg	6.0000	1.0516
120.0000	2.0000	407.0000	Taste	Mentos_5_1tube.jpg	6.0000	1.4421
120.0000	2.0000	408.0000	Taste	Pringles_5_40Chips.jpg	6.0000	0.5997
120.0000	2.0000	409.0000	Taste	DriedHerring_3_4fish.jpg	1.0000	1.0162
120.0000	2.0000	410.0000	Taste	SlimStyles_2_2Tbsp.jpg	1.0000	0.9123
120.0000	2.0000	411.0000	Taste	BBQCrisps_6_1cup.jpg	6.0000	0.7390
120.0000	2.0000	412.0000	Taste	Triscuit_5_30crackers.jpg	5.0000	1.0621
120.0000	2.0000	413.0000	Taste	CoffeeCrisp_3_1Bars.jpg	6.0000	0.8849
120.0000	2.0000	414.0000	Taste	WelchsFruitSnacks_3_4bags.jpg	4.0000	2.0183
120.0000	2.0000	415.0000	Taste	Mars_2_0.5Bar.jpg	6.0000	1.2579
120.0000	2.0000	416.0000	Taste	BBQCrisps_2_5.jpg	5.0000	0.8806
120.0000	2.0000	417.0000	Taste	Tuna_4_1can.jpg	2.0000	1.1980
120.0000	2.0000	418.0000	Taste	Tuna_2_1T.jpg	2.0000	0.8635
120.0000	2.0000	419.0000	Taste	Tempeh_2_1Tbsp.jpg	2.0000	1.5180
120.0000	2.0000	420.0000	Taste	FrozenPeaches_5_1.5Cups.jpg	3.0000	1.3775
120.0000	2.0000	421.0000	Taste	Almonds_2_10.jpg	6.0000	1.3705
120.0000	2.0000	422.0000	Taste	DriedApricots_5_0.75cup.jpg	2.0000	2.0274
120.0000	2.0000	423.0000	Taste	MnMPlain_3_1tbsp.jpg	6.0000	0.8585
120.0000	2.0000	424.0000	Taste	FrozenOkra_2_2pc.jpg	2.0000	1.0879
120.0000	2.0000	425.0000	Taste	AllBranBar_1_.25bar.jpg	6.0000	0.8685
120.0000	2.0000	426.0000	Taste	Snickers_3_2Bars.jpg	6.0000	0.7299
120.0000	2.0000	427.0000	Taste	IceCreamVanilla_1_2tsp.jpg	6.0000	1.4859
120.0000	2.0000	428.0000	Taste	PCChipCookie_5_4cookie.jpg	6.0000	0.5624
120.0000	2.0000	429.0000	Taste	Orange_5_2orange.jpg	5.0000	0.9966
120.0000	2.0000	430.0000	Taste	AllBranBar_3_1bar.jpg	6.0000	0.8539
120.0000	2.0000	431.0000	Taste	RufflesSourCreamOnion_3_5chips.jpg	6.0000	0.7047
120.0000	2.0000	432.0000	Taste	Prunes_5_1c.jpg	2.0000	1.2607
120.0000	2.0000	433.0000	Taste	FrozenCorn_4_2cups.jpg	6.0000	0.7227
120.0000	2.0000	434.0000	Taste	Skittles_6_0.75pack.jpg	6.0000	0.5499
120.0000	2.0000	435.0000	Taste	PopTartStrawberry_2_0.5tart.jpg	6.0000	0.9126
120.0000	2.0000	436.0000	Taste	Avocado_5_1avacado.jpg	2.0000	0.6926
120.0000	2.0000	437.0000	Taste	RiceKrispiesCereal_3_2tbsp.jpg	6.0000	0.7778
120.0000	2.0000	438.0000	Taste	AppleChips_5_1c..jpg	6.0000	0.4900
120.0000	2.0000	439.0000	Taste	FrozenCorn_2_0.5cup.jpg	6.0000	0.5586
120.0000	2.0000	440.0000	Taste	GreenGrapes_4_40.jpg	6.0000	0.6011
120.0000	2.0000	441.0000	Taste	Spinach_4_.5box.jpg	2.0000	0.7132
120.0000	2.0000	442.0000	Taste	Bananas_2_0.5.jpg	6.0000	10.6695
120.0000	2.0000	443.0000	Taste	RomaineLettuce_4_1head.jpg	3.0000	19.2186
120.0000	2.0000	444.0000	Taste	AllBranCereal_2_1tbsp.jpg	3.0000	1.3036
120.0000	2.0000	445.0000	Taste	CheeseNips_5_1c.jpg	6.0000	0.9239
120.0000	2.0000	446.0000	Taste	Mackerel_3_4fish.jpg	2.0000	0.8561
120.0000	2.0000	447.0000	Taste	Celery_2_1stalk.jpg	5.0000	3.8947
120.0000	2.0000	448.0000	Taste	TofuDessert_4_1pck.jpg	6.0000	0.7315
120.0000	2.0000	449.0000	Taste	Raspberries_5_.5bag.jpg	6.0000	0.6309
120.0000	2.0000	450.0000	Taste	SlicedTurkey_2_0.5slice.jpg	3.0000	1.3422
120.0000	2.0000	451.0000	Taste	PureFit_4_2Bars.jpg	6.0000	0.5294
120.0000	2.0000	452.0000	Taste	Fritos_2_5chips.jpg	2.0000	1.5701
120.0000	2.0000	453.0000	Taste	Starburst_3_5pieces.jpg	4.0000	1.8114
120.0000	2.0000	454.0000	Taste	Shreddies_5_2c.jpg	6.0000	0.6733
120.0000	2.0000	455.0000	Taste	Mars_4_2Bars.jpg	6.0000	0.7747
120.0000	2.0000	456.0000	Taste	OikosYogurt_6_1c.jpg	6.0000	0.5680
120.0000	2.0000	457.0000	Taste	FrozenBroccoli_2_3chunks.jpg	4.0000	1.2092
120.0000	2.0000	458.0000	Taste	VegetableThins_5_25Chips.jpg	4.0000	4.4900
120.0000	2.0000	459.0000	Taste	AllBranCereal_6_1cup.jpg	4.0000	0.9226
120.0000	2.0000	460.0000	Taste	Doritos_2_3chips.jpg	6.0000	0.9013
120.0000	2.0000	461.0000	Taste	AlmondMilk_4_1glass.jpg	6.0000	0.6973
120.0000	2.0000	462.0000	Taste	ClamJuice_3_0.25c.jpg	4.0000	0.7897
120.0000	2.0000	463.0000	Taste	Prunes_2_3.jpg	2.0000	1.2471
120.0000	2.0000	464.0000	Taste	Cauliflower_2_3chunks.jpg	2.0000	0.9412
120.0000	2.0000	465.0000	Taste	RufflesSourCreamOnion_5_20chips.jpg	6.0000	0.8999
120.0000	2.0000	466.0000	Taste	SkimMilk_1_1Tbsp.jpg	6.0000	1.0238
120.0000	2.0000	467.0000	Taste	SkimMilk_4_1glass.jpg	6.0000	0.7363
120.0000	2.0000	468.0000	Taste	Avocado_2_2pc.jpg	4.0000	0.0992
120.0000	2.0000	469.0000	Taste	YorkPeppermintPatties_2_3.jpg	6.0000	1.2777
120.0000	2.0000	470.0000	Taste	CornFlakes_6_2cups.jpg	6.0000	0.5898
120.0000	2.0000	471.0000	Taste	Spinach_2_.5c.jpg	4.0000	0.9350
120.0000	2.0000	472.0000	Taste	VanillaGreekYogurt_2_1spoon.jpg	6.0000	1.2824
120.0000	2.0000	473.0000	Taste	Bananas_3_1.jpg	6.0000	0.7430
120.0000	2.0000	474.0000	Taste	KashiBars_1_0.5bar.jpg	6.0000	1.0343
120.0000	2.0000	475.0000	Taste	FrozenPeas_2_2tbsp.jpg	2.0000	0.8403
120.0000	2.0000	476.0000	Taste	GreenBeans_2_9beans.jpg	2.0000	0.9483
120.0000	2.0000	477.0000	Taste	MnMPeanuts_2_4.jpg	6.0000	1.3830
120.0000	2.0000	478.0000	Taste	Almonds_4_40.jpg	6.0000	1.0321
120.0000	2.0000	479.0000	Taste	Asparagus_6_FullPack.jpg	4.0000	0.9737
120.0000	2.0000	480.0000	Taste	Caramilk_5_2bars.jpg	6.0000	0.5263
120.0000	2.0000	481.0000	Taste	PureFit_2_0.5Bars.jpg	6.0000	1.0741
120.0000	2.0000	482.0000	Taste	Butternut_7_2cups.jpg	6.0000	1.2315
120.0000	2.0000	483.0000	Taste	SkittlesSour_3_8pieces.jpg	4.0000	3.1510
120.0000	2.0000	484.0000	Taste	SevenGrain_3_5.jpg	4.0000	1.0261
120.0000	2.0000	485.0000	Taste	Onion_2_1ring.jpg	4.0000	0.9862
120.0000	2.0000	486.0000	Taste	RaisinBran_7_2cup.jpg	4.0000	3.1815
120.0000	2.0000	487.0000	Taste	FrozenBlueberries_3_1cup.jpg	4.0000	0.6293
120.0000	2.0000	488.0000	Taste	CannedArtichoke_5_1can.jpg	4.0000	0.9341
120.0000	2.0000	489.0000	Taste	Doritos_5_20chips.jpg	6.0000	1.1115
120.0000	2.0000	490.0000	Taste	AlmondMilk_2_0.25glass.jpg	6.0000	0.8361
120.0000	2.0000	491.0000	Taste	Twizzlers_4_8.jpg	4.0000	0.8595
120.0000	2.0000	492.0000	Taste	FrootLoops_2_2T.jpg	6.0000	0.4789
120.0000	2.0000	493.0000	Taste	FrozenBroccoli_6_0.5bag.jpg	6.0000	0.8028
120.0000	2.0000	494.0000	Taste	ProMax_4_1bar.jpg	6.0000	0.5314
120.0000	2.0000	495.0000	Taste	Aero_1_1pc.jpg	6.0000	0.5026
120.0000	2.0000	496.0000	Taste	SlicedTurkey_5_4slices.jpg	2.0000	0.9555
120.0000	2.0000	497.0000	Taste	TofuDessert_2_2Tbsp.jpg	4.0000	1.8534
120.0000	2.0000	498.0000	Taste	ClifBar_4_2bars.jpg	4.0000	1.0914
120.0000	2.0000	499.0000	Taste	Butternut_3_0.3cup.jpg	6.0000	2.3601
120.0000	2.0000	500.0000	Taste	RaisinBran_3_2tbsp.jpg	6.0000	0.6860
120.0000	2.0000	501.0000	Taste	GreenGrapes_1_1.jpg	6.0000	0.6434
120.0000	2.0000	502.0000	Taste	OikosYogurt_3_2spoonfuls.jpg	6.0000	0.5307
120.0000	2.0000	503.0000	Taste	Smarties_2_0.5box.jpg	6.0000	0.5746
120.0000	2.0000	504.0000	Taste	MnMPeanuts_4_45.jpg	6.0000	0.4805
120.0000	2.0000	505.0000	Taste	Smarties_5_3boxes.jpg	6.0000	0.3584
120.0000	2.0000	506.0000	Taste	SkittlesSour_6_0.5pack.jpg	6.0000	0.4245
120.0000	2.0000	507.0000	Taste	RedPepper_5_1pepper.jpg	4.0000	0.9126
120.0000	2.0000	508.0000	Taste	NatureValleyChocolate_1_0.25bar.jpg	6.0000	0.6999
120.0000	2.0000	509.0000	Taste	KashiBars_4_3bars.jpg	4.0000	0.9118
120.0000	2.0000	510.0000	Taste	Aero_3_1bar.jpg	6.0000	0.5486
120.0000	2.0000	511.0000	Taste	SlimStyles_6_2c.jpg	2.0000	1.3512
120.0000	2.0000	512.0000	Taste	Fritos_5_1c.jpg	4.0000	0.8940
120.0000	2.0000	513.0000	Taste	CheeseNips_2_5nips.jpg	6.0000	0.4584
120.0000	2.0000	514.0000	Taste	Asparagus_3_7.jpg	4.0000	0.6873
120.0000	2.0000	515.0000	Taste	Beets_2_5pc.jpg	4.0000	1.4432
120.0000	2.0000	516.0000	Taste	FrozenPeas_6_0.5bag.jpg	4.0000	0.7545
120.0000	2.0000	517.0000	Taste	OatBran_2_2T.jpg	6.0000	1.9805
120.0000	2.0000	518.0000	Taste	BabyFoodSweetPotatos_5_1jar.jpg	4.0000	1.1896
120.0000	2.0000	519.0000	Taste	ClifBar_2_0.5bar.jpg	6.0000	0.5910
120.0000	2.0000	520.0000	Taste	SunChips_2_3Chips.jpg	6.0000	1.2352
120.0000	2.0000	521.0000	Taste	Smartfood_4_100Chips.jpg	6.0000	0.6371
120.0000	2.0000	522.0000	Taste	YorkPeppermintPatties_4_12.jpg	6.0000	0.5878
120.0000	2.0000	523.0000	Taste	RomaineLettuce_2_3leaves.jpg	5.0000	1.9484
120.0000	2.0000	524.0000	Taste	Mackerel_1_1fish.jpg	2.0000	1.0709
120.0000	2.0000	525.0000	Taste	GreenBeans_4_.5pck.jpg	2.0000	1.7057
120.0000	2.0000	526.0000	Taste	HoneyNutCheerios_5_2cup.jpg	6.0000	2.5717
120.0000	2.0000	527.0000	Taste	Tempeh_4_.5pack.jpg	2.0000	1.0528
120.0000	2.0000	528.0000	Taste	CannedArtichoke_2_2.jpg	4.0000	0.6829
120.0000	2.0000	529.0000	Taste	Caramilk_2_2pc.jpg	6.0000	0.9363
120.0000	2.0000	530.0000	Taste	Celery_4_0.5bunch.jpg	5.0000	1.1549
120.0000	2.0000	531.0000	Taste	LaysClassic_4_16Chips.jpg	6.0000	0.7107
120.0000	2.0000	532.0000	Taste	WelchsFruitSnacks_1_1bag.jpg	6.0000	1.1389
120.0000	2.0000	533.0000	Taste	RitzCrackers_5_15Crackers.jpg	5.0000	0.5497
120.0000	2.0000	534.0000	Taste	Broccoli_4_1.5c.jpg	6.0000	0.4241
120.0000	2.0000	535.0000	Taste	DriedApricots_2_2.jpg	4.0000	0.6948
120.0000	2.0000	536.0000	Taste	LaysClassic_3_8Chips.jpg	6.0000	0.7575
120.0000	2.0000	537.0000	Taste	PCChipCookie_2_0.5cookie.jpg	6.0000	0.5515
120.0000	2.0000	538.0000	Taste	OatmealSquares_7_2Cups.jpg	6.0000	0.7036
120.0000	2.0000	539.0000	Taste	GreenPepper_2_2pc.jpg	3.0000	0.7155
120.0000	2.0000	540.0000	Taste	Cauliflower_6_0.5bag.jpg	3.0000	1.3336
120.0000	2.0000	541.0000	Taste	Strawberries_3_0.5bag.jpg	4.0000	0.5515
120.0000	2.0000	542.0000	Taste	BabyFoodSweetPotatos_2_2T.jpg	2.0000	1.2822
120.0000	2.0000	543.0000	Taste	IceCreamChocolate_1_1tsp.jpg	6.0000	0.5748
120.0000	2.0000	544.0000	Taste	Onion_4_0.25.jpg	4.0000	0.0722
120.0000	2.0000	545.0000	Taste	Raspberries_4_.5c.jpg	6.0000	5.1488
120.0000	2.0000	546.0000	Taste	Nutella_1_0.5spoon.jpg	6.0000	0.5188
120.0000	2.0000	547.0000	Taste	Snickers_2_1Bar.jpg	6.0000	0.4581
120.0000	2.0000	548.0000	Taste	SunChips_4_20Chips.jpg	6.0000	0.5231
120.0000	2.0000	549.0000	Taste	FrozenPeaches_2_3Slices.jpg	6.0000	0.7748
120.0000	2.0000	550.0000	Taste	IceCreamVanilla_4_3scoops.jpg	6.0000	0.5040
120.0000	2.0000	551.0000	Taste	CornFlakes_3_2tbsps.jpg	6.0000	0.4388
120.0000	2.0000	552.0000	Taste	SpeltCakes_2_0.5.jpg	6.0000	0.5326
120.0000	2.0000	553.0000	Taste	RitzCrackers_2_3Crackers.jpg	6.0000	0.4959
120.0000	2.0000	554.0000	Taste	VegetableThins_2_5Chips.jpg	6.0000	0.4446
120.0000	2.0000	555.0000	Taste	Reese_4_5Cup.jpg	6.0000	0.3792
120.0000	2.0000	556.0000	Taste	EnglishCucumber_5_0.5cuc.JPG	6.0000	1.4685
120.0000	2.0000	557.0000	Taste	SevenGrain_1_1.jpg	5.0000	0.8906
120.0000	2.0000	558.0000	Taste	Mentos_2_3pc.jpg	6.0000	0.7112
120.0000	2.0000	559.0000	Taste	Nutella_4_3spoons.jpg	6.0000	0.5158
120.0000	2.0000	560.0000	Taste	GreenApple_4_1.jpg	6.0000	0.4159
120.0000	2.0000	561.0000	Taste	Shreddies_2_1T.jpg	6.0000	0.5900
120.0000	2.0000	562.0000	Taste	Broccoli_1_1pc.jpg	6.0000	0.6626
120.0000	2.0000	563.0000	Taste	Pringles_2_3Chips.jpg	6.0000	0.4285
120.0000	2.0000	564.0000	Taste	Cheetos_3_10pc.jpg	6.0000	0.4279
120.0000	2.0000	565.0000	Taste	Skittles_3_14pieces.jpg	6.0000	0.4039
120.0000	2.0000	566.0000	Taste	WaterChestnuts_3_8pc.jpg	3.0000	1.0678
120.0000	2.0000	567.0000	Taste	MnMPlain_5_1bag.jpg	6.0000	0.2251
120.0000	2.0000	568.0000	Taste	RiceKrispiesCereal_7_2cups.jpg	6.0000	0.3291
120.0000	2.0000	569.0000	Taste	OatmealSquares_3_2tbsp.jpg	6.0000	0.4419
120.0000	2.0000	570.0000	Taste	IceCreamChocolate_4_3scoops.jpg	6.0000	0.5205
120.0000	2.0000	571.0000	Taste	Starburst_6_18pieces.jpg	6.0000	0.9238
120.0000	2.0000	572.0000	Taste	RedPepper_2_2pc.jpg	3.0000	0.6792
120.0000	2.0000	573.0000	Taste	NatureValleyChocolate_4_2bars.jpg	6.0000	0.1885
120.0000	2.0000	574.0000	Taste	BabyFoodCarrots_3_2Tbsp.jpg	4.0000	0.7970
120.0000	2.0000	575.0000	Taste	MangoChunks_2_3.jpg	6.0000	0.2298
120.0000	2.0000	576.0000	Taste	Cheetos_6_2c.jpg	6.0000	0.8692
120.0000	2.0000	577.0000	Taste	Reese_1_1Cup.jpg	6.0000	0.4825
120.0000	2.0000	578.0000	Taste	Strawberries_2_0.5c.jpg	4.0000	1.3192
120.0000	2.0000	579.0000	Taste	WaterChestnuts_5_0.5can.jpg	4.0000	0.9144
120.0000	2.0000	580.0000	Taste	Orange_1_0.25orange.jpg	6.0000	0.6377
120.0000	2.0000	581.0000	Taste	BrusselsSprouts_4_1Box.jpg	4.0000	0.7324
120.0000	2.0000	582.0000	Taste	MangoChunks_5_1cup.jpg	6.0000	0.2152
120.0000	2.0000	583.0000	Taste	Smartfood_2_8Chips.jpg	6.0000	0.6323
120.0000	2.0000	584.0000	Taste	AppleChips_2_3chips.jpg	6.0000	0.7904
120.0000	2.0000	585.0000	Taste	FrozenBlueberries_1_1tbsp.jpg	6.0000	0.4395
120.0000	2.0000	586.0000	Taste	EnglishCucumber_2_2pc.jpg	6.0000	0.4223
120.0000	2.0000	587.0000	Taste	OatBran_4_1bowl.jpg	6.0000	0.5577
120.0000	2.0000	588.0000	Taste	Cheerios_2_2T.jpg	6.0000	0.7809
120.0000	2.0000	589.0000	Taste	PopTartStrawberry_5_3tarts.jpg	6.0000	0.7496
120.0000	2.0000	590.0000	Taste	ClamJuice_1_1T.jpg	6.0000	0.5043
120.0000	2.0000	591.0000	Taste	GreenApple_2_1slice.jpg	6.0000	0.2442
120.0000	2.0000	592.0000	Taste	SpeltCakes_5_4.jpg	6.0000	0.5396
120.0000	2.0000	593.0000	Taste	Cheerios_5_2c.jpg	6.0000	0.5004
120.0000	2.0000	594.0000	Taste	DriedHerring_1_1fish.jpg	1.0000	1.6642
120.0000	2.0000	595.0000	Taste	HoneyNutCheerios_2_2tbsp.jpg	6.0000	0.9554
120.0000	2.0000	596.0000	Taste	GreenPepper_6_1pepper.jpg	4.0000	0.9415
120.0000	2.0000	597.0000	Taste	Triscuit_2_2crackers.jpg	4.0000	1.4243
120.0000	2.0000	598.0000	Taste	Twizzlers_2_2.jpg	6.0000	0.7756
120.0000	2.0000	599.0000	Taste	BrusselsSprouts_2_3.jpg	4.0000	0.6409
120.0000	2.0000	600.0000	Taste	VanillaGreekYogurt_4_1cup.jpg	6.0000	1.1196
