Subject	Trial	Instruction	Food	Liking	Taste	Health	Amount	Choice	ChoiceRT	FirstDevTimeChoice	InitAngleChoice	NumChangeMindChoice	FinalDevTimeChoice	MaxVelocityChoice	DrxFirstDevChoice	TotalAUCChoice	AUCtoNonChosenChoice	AUCtoChosenChoice	MaxDevChoice
7.0000	1.0000	Decrease Desire	WaterChestnuts	4.0000	3.0000	1.0000	5	-1.0000	2.9244	1.7307	-0.0320	0.0000	1.7307	0.2029	-1.0000	0.5459	0.5459	-0.0000	0.9253
7.0000	2.0000	Decrease Desire	RaisinBran	2.0000	3.0000	1.0000	7	1.0000	1.9167	1.0589	0.0134	0.0000	1.0589	0.2541	1.0000	0.4623	0.4782	-0.0159	0.8423
7.0000	3.0000	Decrease Desire	Mars	5.0000	6.0000	2.0000	2	-1.0000	2.7051	1.8981	-0.0431	0.0000	1.8981	0.1413	-1.0000	0.4984	0.4984	-0.0000	0.6445
7.0000	4.0000	Decrease Desire	FrozenPeas	2.0000	6.0000	6.0000	2	1.0000	1.6969	0.8396	0.1216	0.0000	0.8396	0.1230	1.0000	0.3005	0.3056	-0.0051	0.5892
7.0000	5.0000	Decrease Desire	GreenGrapes	4.0000	5.0000	5.0000	4	1.0000	3.0265	1.8989	0.0073	0.0000	1.8989	0.1391	1.0000	0.3018	0.3135	-0.0117	0.4817
7.0000	6.0000	Decrease Desire	IceCreamChocolate	5.0000	5.0000	2.0000	4	-1.0000	3.6629	2.7887	0.0070	0.0000	2.7887	0.1391	-1.0000	0.2483	0.2483	-0.0000	0.3732
7.0000	7.0000	Decrease Desire	TofuDessert	2.0000	2.0000	5.0000	4	-1.0000	1.9654	0.8061	-0.1894	0.0000	0.8061	0.3375	-1.0000	0.2919	0.2939	-0.0019	0.6718
7.0000	8.0000	Decrease Desire	KashiBars	1.0000	5.0000	1.0000	1	-1.0000	1.9331	1.2943	-0.0000	0.0000	1.2943	0.1847	-1.0000	0.1974	0.1974	-0.0000	0.3285
7.0000	9.0000	Decrease Desire	Beets	1.0000	3.0000	4.0000	5	-1.0000	1.6146	0.7742	-0.8397	0.0000	0.7742	0.2259	-1.0000	0.1790	0.1861	-0.0071	0.4810
7.0000	10.0000	Decrease Desire	Starburst	2.0000	1.0000	1.0000	6	-1.0000	1.3955	0.8409	0.0105	0.0000	0.8409	0.2730	-1.0000	0.1890	0.1890	-0.0000	0.4873
7.0000	11.0000	Respond Naturally	GreenPepper	2.0000	2.0000	6.0000	2	-1.0000	1.6805	1.1426	-0.1944	0.0000	1.1426	0.1864	-1.0000	0.2557	0.2559	-0.0002	0.4310
7.0000	12.0000	Respond Naturally	BBQCrisps	4.0000	6.0000	2.0000	6	1.0000	2.3017	1.1928	-0.0866	0.0000	1.1928	0.1085	1.0000	0.1446	0.1818	-0.0373	0.3366
7.0000	13.0000	Respond Naturally	Tuna	1.0000	1.0000	1.0000	2	-1.0000	1.4463	0.7739	-0.3651	0.0000	0.7739	0.2921	-1.0000	0.1354	0.1369	-0.0015	0.2926
7.0000	14.0000	Respond Naturally	Reese	1.0000	1.0000	1.0000	4	-1.0000	1.6650	0.4206	-0.2716	1.0000	0.8075	0.2665	1.0000	0.2104	0.2326	-0.0222	0.9111
7.0000	15.0000	Respond Naturally	Doritos	5.0000	6.0000	1.0000	2	1.0000	1.5800	0.5372	0.0156	1.0000	0.7053	0.1831	-1.0000	0.3542	0.3681	-0.0138	1.1262
7.0000	16.0000	Respond Naturally	Orange	5.0000	6.0000	6.0000	1	1.0000	1.2270	0.5044	0.0493	0.0000	0.5044	0.1054	1.0000	0.2771	0.2777	-0.0005	0.4591
7.0000	17.0000	Respond Naturally	RufflesSourCreamOnion	5.0000	6.0000	2.0000	3	1.0000	1.5803	0.4368	0.0074	0.0000	0.4368	0.1631	1.0000	0.1181	0.1413	-0.0232	0.3958
7.0000	18.0000	Respond Naturally	FrozenCorn	4.0000	4.0000	6.0000	2	1.0000	2.0158	0.8056	-0.0890	1.0000	1.0579	0.2762	-1.0000	0.6784	0.6996	-0.0211	1.7544
7.0000	19.0000	Respond Naturally	FrootLoops	1.0000	2.0000	1.0000	2	-1.0000	1.6452	0.8395	0.0881	0.0000	0.8395	0.3205	-1.0000	0.2022	0.2190	-0.0168	0.4398
7.0000	20.0000	Respond Naturally	Butternut	1.0000	5.0000	5.0000	3	-1.0000	1.7473	0.6387	0.1910	0.0000	0.6387	0.1338	-1.0000	0.2030	0.2030	-0.0000	0.5371
7.0000	21.0000	Respond Naturally	BrusselsSprouts	1.0000	2.0000	6.0000	4	-1.0000	1.3272	0.7391	-0.0899	0.0000	0.7391	0.2463	-1.0000	0.2547	0.2547	-0.0000	0.4251
7.0000	22.0000	Respond Naturally	EnglishCucumber	5.0000	2.0000	6.0000	2	1.0000	1.1257	0.6718	-0.0428	0.0000	0.6718	0.2393	1.0000	0.4546	0.4575	-0.0029	0.7608
7.0000	23.0000	Respond Naturally	Smartfood	5.0000	1.0000	1.0000	4	1.0000	2.6046	0.7392	-0.1600	1.0000	0.9073	0.2916	-1.0000	0.8044	0.8044	-0.0000	1.5176
7.0000	24.0000	Respond Naturally	Tempeh	2.0000	1.0000	1.0000	4	-1.0000	1.6301	0.7899	-0.0067	0.0000	0.7899	0.1679	-1.0000	0.1907	0.1907	-0.0000	0.5370
7.0000	25.0000	Respond Naturally	VegetableThins	5.0000	5.0000	3.0000	5	1.0000	1.9161	0.6048	-0.1472	0.0000	0.6048	0.2063	1.0000	0.3618	0.3618	-0.0000	0.8208
7.0000	26.0000	Respond Naturally	Asparagus	1.0000	2.0000	6.0000	3	-1.0000	2.8058	0.8399	0.2220	2.0000	1.3610	0.3446	-1.0000	0.7290	0.7429	-0.0139	1.5210
7.0000	27.0000	Respond Naturally	Reese	2.0000	2.0000	1.0000	1	1.0000	2.9414	1.5964	0.0000	0.0000	1.5964	0.1019	1.0000	0.2550	0.2572	-0.0022	0.4005
7.0000	28.0000	Respond Naturally	OatBran	2.0000	1.0000	5.0000	2	-1.0000	1.3273	0.5210	-0.3065	0.0000	0.5210	0.2960	-1.0000	0.1890	0.1929	-0.0038	0.4793
7.0000	29.0000	Respond Naturally	HoneyNutCheerios	1.0000	2.0000	1.0000	2	-1.0000	1.5305	0.5381	-0.0616	1.0000	0.9250	0.3358	1.0000	0.4610	0.4610	-0.0000	1.3814
7.0000	30.0000	Respond Naturally	Celery	3.0000	4.0000	6.0000	4	1.0000	2.3691	1.1750	0.1256	1.0000	1.6797	0.3279	-1.0000	0.4105	0.4211	-0.0105	1.7717
7.0000	31.0000	Decrease Desire	RitzCrackers	5.0000	6.0000	1.0000	5	-1.0000	1.2272	0.6386	-0.2148	0.0000	0.6386	0.1693	-1.0000	0.0822	0.0823	-0.0001	0.2057
7.0000	32.0000	Decrease Desire	IceCreamVanilla	5.0000	5.0000	2.0000	1	1.0000	1.6136	0.7395	-0.0738	0.0000	0.7395	0.1760	1.0000	0.0736	0.0886	-0.0151	0.3926
7.0000	33.0000	Decrease Desire	SlicedTurkey	1.0000	1.0000	1.0000	5	-1.0000	2.1173	1.6297	-0.0951	0.0000	1.6297	0.1408	-1.0000	0.1438	0.1446	-0.0008	0.2756
7.0000	34.0000	Decrease Desire	FrootLoops	1.0000	2.0000	4.0000	6	-1.0000	1.3288	0.3867	-0.2592	1.0000	0.5718	0.2799	1.0000	0.1924	0.2170	-0.0246	0.6101
7.0000	35.0000	Decrease Desire	Raspberries	4.0000	6.0000	5.0000	5	1.0000	1.7134	1.1249	0.0421	0.0000	1.1249	0.1599	1.0000	0.1289	0.1452	-0.0163	0.2189
7.0000	36.0000	Decrease Desire	FrozenBroccoli	3.0000	3.0000	6.0000	6	-1.0000	1.4617	0.8567	-0.0988	0.0000	0.8567	0.2291	-1.0000	0.2717	0.2755	-0.0038	0.4520
7.0000	37.0000	Decrease Desire	Onion	2.0000	3.0000	4.0000	4	-1.0000	1.2770	0.6889	0.0657	0.0000	0.6889	0.3168	-1.0000	0.1569	0.1745	-0.0176	0.3454
7.0000	38.0000	Decrease Desire	GreenApple	3.0000	4.0000	6.0000	2	1.0000	2.0679	0.6386	-0.0085	1.0000	0.8742	0.3288	-1.0000	0.3126	0.3184	-0.0058	1.1578
7.0000	39.0000	Decrease Desire	EnglishCucumber	4.0000	4.0000	6.0000	5	-1.0000	1.2269	0.6218	-0.0043	0.0000	0.6218	0.1906	-1.0000	0.1205	0.1206	-0.0001	0.2446
7.0000	40.0000	Decrease Desire	Asparagus	3.0000	1.0000	6.0000	6	-1.0000	1.5626	0.6550	-0.0066	0.0000	0.6550	0.1074	-1.0000	0.1730	0.1730	-0.0000	0.3648
7.0000	41.0000	Decrease Desire	Avocado	3.0000	3.0000	6.0000	5	1.0000	2.2020	1.0250	-0.2402	1.0000	1.4791	0.3309	-1.0000	0.2760	0.3243	-0.0484	1.0324
7.0000	42.0000	Decrease Desire	Cauliflower	2.0000	3.0000	6.0000	6	-1.0000	1.0089	0.2523	-0.1934	0.0000	0.2523	0.2157	-1.0000	0.3972	0.3972	-0.0000	0.6984
7.0000	43.0000	Decrease Desire	RomaineLettuce	4.0000	2.0000	6.0000	2	1.0000	2.4706	0.4204	0.1592	1.0000	0.9081	0.2829	-1.0000	0.5190	0.5845	-0.0655	1.3588
7.0000	44.0000	Decrease Desire	Cheerios	2.0000	2.0000	4.0000	2	-1.0000	1.1588	0.5546	-0.0056	0.0000	0.5546	0.1899	-1.0000	0.2083	0.2160	-0.0077	0.4166
7.0000	45.0000	Decrease Desire	Cauliflower	4.0000	3.0000	6.0000	2	-1.0000	1.0074	0.3861	-0.0117	0.0000	0.3861	0.1571	-1.0000	0.0939	0.1202	-0.0263	0.3097
7.0000	46.0000	Decrease Desire	AllBranCereal	1.0000	2.0000	1.0000	2	-1.0000	1.2776	0.5045	-0.2179	1.0000	0.6895	0.2519	1.0000	0.1011	0.1419	-0.0408	0.4089
7.0000	47.0000	Decrease Desire	Bananas	2.0000	5.0000	6.0000	3	1.0000	1.5295	0.6384	0.1945	0.0000	0.6384	0.2407	1.0000	0.1028	0.1307	-0.0279	0.3158
7.0000	48.0000	Decrease Desire	DriedApricots	4.0000	5.0000	4.0000	2	1.0000	2.3028	1.3443	0.2059	1.0000	1.6469	0.2064	-1.0000	0.2697	0.2829	-0.0132	0.9611
7.0000	49.0000	Decrease Desire	Mackerel	1.0000	1.0000	1.0000	3	-1.0000	1.2611	0.6220	0.0235	0.0000	0.6220	0.2631	-1.0000	0.1796	0.1859	-0.0063	0.4940
7.0000	50.0000	Decrease Desire	WelchsFruitSnacks	1.0000	5.0000	1.0000	3	1.0000	2.0511	0.5885	-0.1965	0.0000	0.5885	0.1591	1.0000	0.0826	0.0855	-0.0029	0.2869
7.0000	51.0000	Respond Naturally	MnMPeanuts	2.0000	1.0000	1.0000	4	1.0000	1.0255	0.5211	0.1430	0.0000	0.5211	0.1740	1.0000	0.1949	0.1999	-0.0049	0.4037
7.0000	52.0000	Respond Naturally	AppleChips	5.0000	4.0000	5.0000	5	1.0000	1.4114	0.7725	0.0093	0.0000	0.7725	0.1372	1.0000	0.2406	0.2406	-0.0000	0.3922
7.0000	53.0000	Respond Naturally	AppleChips	4.0000	4.0000	4.0000	2	1.0000	1.2267	0.5204	0.0918	0.0000	0.5204	0.1416	1.0000	0.3080	0.3080	-0.0000	0.4615
7.0000	54.0000	Respond Naturally	Strawberries	4.0000	3.0000	4.0000	2	1.0000	1.3451	0.4875	0.1658	0.0000	0.4875	0.1148	1.0000	0.1017	0.1193	-0.0176	0.3190
7.0000	55.0000	Respond Naturally	RedPepper	4.0000	1.0000	6.0000	2	-1.0000	1.1600	0.7060	-0.1899	0.0000	0.7060	0.2165	-1.0000	0.1897	0.1897	-0.0000	0.3135
7.0000	56.0000	Respond Naturally	OikosYogurt	5.0000	4.0000	4.0000	6	1.0000	1.6978	0.3527	0.1052	0.0000	0.3527	0.1993	1.0000	0.1785	0.1798	-0.0013	0.4908
7.0000	57.0000	Respond Naturally	RaisinBran	2.0000	2.0000	6.0000	3	1.0000	1.9995	0.5876	0.0397	1.0000	0.9072	0.2649	-1.0000	0.5240	0.5348	-0.0109	1.3589
7.0000	58.0000	Respond Naturally	SpeltCakes	2.0000	1.0000	1.0000	5	-1.0000	1.3441	0.6550	-0.3273	0.0000	0.6550	0.2788	-1.0000	0.2242	0.2242	-0.0000	0.4198
7.0000	59.0000	Respond Naturally	Prunes	5.0000	5.0000	6.0000	5	-1.0000	2.6732	0.7729	0.1534	2.0000	1.7150	0.2865	-1.0000	0.4897	0.4951	-0.0054	1.2790
7.0000	60.0000	Respond Naturally	WelchsFruitSnacks	1.0000	1.0000	1.0000	1	-1.0000	1.6978	0.3363	-0.3267	1.0000	0.9421	0.5333	1.0000	0.2682	0.3170	-0.0489	1.0741
7.0000	61.0000	Decrease Desire	AllBranBar	1.0000	1.0000	4.0000	1	1.0000	1.8980	0.6373	0.1588	1.0000	0.7887	0.3163	-1.0000	0.2933	0.3229	-0.0296	1.3293
7.0000	62.0000	Decrease Desire	Butternut	1.0000	1.0000	5.0000	7	-1.0000	1.5126	0.8400	-0.4095	0.0000	0.8400	0.2069	-1.0000	0.1919	0.1923	-0.0004	0.3341
7.0000	63.0000	Decrease Desire	SunChips	4.0000	6.0000	1.0000	4	1.0000	1.4630	0.6723	0.2796	0.0000	0.6723	0.0859	1.0000	0.1451	0.1453	-0.0002	0.2748
7.0000	64.0000	Decrease Desire	Smarties	2.0000	1.0000	1.0000	5	1.0000	1.2263	0.4536	0.0708	0.0000	0.4536	0.1556	1.0000	0.0794	0.1052	-0.0258	0.2808
7.0000	65.0000	Decrease Desire	Starburst	2.0000	2.0000	1.0000	3	-1.0000	1.2940	0.7560	-0.2011	0.0000	0.7560	0.3503	-1.0000	0.2167	0.2254	-0.0087	0.3845
7.0000	66.0000	Decrease Desire	SunChips	5.0000	5.0000	1.0000	2	1.0000	1.1771	0.4205	0.0028	0.0000	0.4205	0.2259	1.0000	-0.0435	0.0935	-0.1369	-0.4779
7.0000	67.0000	Decrease Desire	VegetableThins	5.0000	5.0000	1.0000	2	1.0000	1.6644	0.5714	-0.1361	0.0000	0.5714	0.2816	1.0000	0.0280	0.0949	-0.0670	-0.3025
7.0000	68.0000	Decrease Desire	ClifBar	1.0000	1.0000	1.0000	2	-1.0000	2.0677	0.6385	-0.0747	1.0000	1.2101	0.5407	1.0000	0.3782	0.4357	-0.0574	1.2868
7.0000	69.0000	Decrease Desire	OikosYogurt	5.0000	6.0000	6.0000	3	1.0000	1.5133	0.4875	0.1746	0.0000	0.4875	0.1004	1.0000	0.0869	0.0965	-0.0096	0.2706
7.0000	70.0000	Decrease Desire	Snickers	4.0000	5.0000	2.0000	3	1.0000	2.2363	0.9076	-0.0175	1.0000	1.0759	0.1735	-1.0000	0.3259	0.3342	-0.0083	1.1122
7.0000	71.0000	Respond Naturally	DriedApricots	4.0000	6.0000	4.0000	5	1.0000	1.2438	0.5210	-0.1961	0.0000	0.5210	0.1541	1.0000	0.1833	0.1833	-0.0000	0.3708
7.0000	72.0000	Respond Naturally	ProMax	1.0000	1.0000	2.0000	2	-1.0000	1.1093	0.6892	0.2168	0.0000	0.6892	0.2555	-1.0000	0.2690	0.2690	-0.0000	0.5780
7.0000	73.0000	Respond Naturally	BrusselsSprouts	1.0000	2.0000	4.0000	2	-1.0000	0.9916	0.5376	0.1736	0.0000	0.5376	0.2103	-1.0000	0.1928	0.1928	-0.0000	0.3388
7.0000	74.0000	Respond Naturally	Spinach	5.0000	4.0000	5.0000	4	1.0000	1.0087	0.5211	-0.2734	0.0000	0.5211	0.1949	1.0000	0.0543	0.0667	-0.0125	0.1200
7.0000	75.0000	Respond Naturally	SlimStyles	1.0000	1.0000	1.0000	6	-1.0000	1.1432	0.5546	-0.1426	0.0000	0.5546	0.1690	-1.0000	0.1706	0.1706	-0.0000	0.3129
7.0000	76.0000	Respond Naturally	CoffeeCrisp	4.0000	4.0000	1.0000	1	1.0000	1.5132	0.4371	-0.2701	2.0000	0.9078	0.3345	1.0000	0.5349	0.5400	-0.0052	1.3889
7.0000	77.0000	Respond Naturally	Caramilk	4.0000	5.0000	2.0000	2	1.0000	1.1094	0.5377	0.1141	0.0000	0.5377	0.1791	1.0000	0.2467	0.2467	-0.0000	0.4367
7.0000	78.0000	Respond Naturally	DriedHerring	1.0000	1.0000	1.0000	3	-1.0000	1.0256	0.5715	-0.1060	0.0000	0.5715	0.1841	-1.0000	0.1306	0.1331	-0.0025	0.2364
7.0000	79.0000	Respond Naturally	FrozenOkra	2.0000	2.0000	6.0000	2	-1.0000	1.1935	0.2687	-0.5346	1.0000	0.6051	0.2882	1.0000	0.0406	0.0672	-0.0266	0.3735
7.0000	80.0000	Respond Naturally	BabyFoodCarrots	2.0000	1.0000	5.0000	5	-1.0000	1.1088	0.5206	-0.1072	0.0000	0.5206	0.1999	-1.0000	0.2100	0.2102	-0.0002	0.3976
7.0000	81.0000	Respond Naturally	CheeseNips	6.0000	6.0000	2.0000	2	1.0000	1.1602	0.5379	-0.2375	0.0000	0.5379	0.1943	1.0000	0.2266	0.2298	-0.0032	0.4726
7.0000	82.0000	Respond Naturally	CannedArtichoke	1.0000	1.0000	1.0000	5	-1.0000	1.1935	0.6891	0.0082	0.0000	0.6891	0.2947	-1.0000	0.2685	0.2685	-0.0000	0.4895
7.0000	83.0000	Respond Naturally	Smarties	2.0000	4.0000	1.0000	2	1.0000	1.1260	0.4201	0.1268	0.0000	0.4201	0.2136	1.0000	0.0807	0.1048	-0.0242	0.2713
7.0000	84.0000	Respond Naturally	BabyFoodSweetPotatos	1.0000	1.0000	1.0000	5	-1.0000	1.5128	0.8405	-0.0176	0.0000	0.8405	0.2313	-1.0000	0.2503	0.2720	-0.0218	0.7321
7.0000	85.0000	Respond Naturally	GreenGrapes	3.0000	5.0000	4.0000	1	-1.0000	1.1436	0.6227	-0.0891	0.0000	0.6227	0.3102	-1.0000	0.1821	0.1823	-0.0002	0.3760
7.0000	86.0000	Respond Naturally	Cheetos	4.0000	5.0000	1.0000	3	1.0000	1.2442	0.3867	-0.0135	0.0000	0.3867	0.1521	1.0000	0.1532	0.1594	-0.0062	0.4715
7.0000	87.0000	Respond Naturally	Nutella	5.0000	3.0000	2.0000	4	1.0000	1.7995	0.6564	-0.1842	1.0000	0.9592	0.2206	-1.0000	0.2903	0.2903	-0.0000	1.2032
7.0000	88.0000	Respond Naturally	AllBranCereal	1.0000	1.0000	1.0000	6	-1.0000	0.9751	0.3364	-0.0000	0.0000	0.3364	0.1861	-1.0000	0.1462	0.1462	-0.0000	0.4347
7.0000	89.0000	Respond Naturally	SlimStyles	1.0000	1.0000	1.0000	2	-1.0000	1.5801	0.4878	-0.0809	0.0000	0.4878	0.1910	-1.0000	0.0724	0.0841	-0.0117	0.3067
7.0000	90.0000	Respond Naturally	BabyFoodSweetPotatos	1.0000	1.0000	1.0000	2	-1.0000	1.4462	0.7738	0.7157	0.0000	0.7738	0.2786	-1.0000	0.1497	0.1766	-0.0268	0.6702
7.0000	91.0000	Decrease Desire	Avocado	2.0000	5.0000	6.0000	2	1.0000	1.6980	0.4373	0.0656	1.0000	0.5887	0.1474	-1.0000	0.1085	0.1321	-0.0236	0.6282
7.0000	92.0000	Decrease Desire	Prunes	4.0000	5.0000	6.0000	2	-1.0000	1.1933	0.7731	-0.0240	0.0000	0.7731	0.2845	-1.0000	0.2469	0.2469	-0.0000	0.4039
7.0000	93.0000	Decrease Desire	MnMPlain	1.0000	5.0000	1.0000	5	1.0000	1.6311	0.3363	0.1648	0.0000	0.3363	0.1466	1.0000	0.1161	0.1754	-0.0594	0.4177
7.0000	94.0000	Decrease Desire	CoffeeCrisp	5.0000	5.0000	1.0000	3	1.0000	1.1263	0.4202	-0.0078	0.0000	0.4202	0.2544	1.0000	0.1433	0.1433	-0.0000	0.2397
7.0000	95.0000	Decrease Desire	RedPepper	2.0000	1.0000	6.0000	5	-1.0000	0.8913	0.4036	0.1844	0.0000	0.4036	0.2554	-1.0000	0.1688	0.1981	-0.0293	0.5127
7.0000	96.0000	Decrease Desire	Mars	4.0000	4.0000	2.0000	4	1.0000	0.8749	0.2188	-0.1026	0.0000	0.2188	0.1526	1.0000	0.2564	0.2564	-0.0000	0.5154
7.0000	97.0000	Decrease Desire	OatmealSquares	1.0000	2.0000	1.0000	3	-1.0000	1.0091	0.5553	0.7190	0.0000	0.5553	0.1818	-1.0000	0.1000	0.1058	-0.0058	0.2394
7.0000	98.0000	Decrease Desire	SevenGrain	4.0000	1.0000	4.0000	1	-1.0000	1.0924	0.6555	0.0158	0.0000	0.6555	0.1658	-1.0000	0.1825	0.1825	-0.0000	0.3509
7.0000	99.0000	Decrease Desire	BabyFoodCarrots	2.0000	1.0000	3.0000	3	-1.0000	1.2268	0.7561	0.3579	0.0000	0.7561	0.2041	-1.0000	0.1535	0.1535	-0.0000	0.2453
7.0000	100.0000	Decrease Desire	CornFlakes	2.0000	2.0000	4.0000	3	-1.0000	1.2769	0.6050	0.4656	0.0000	0.6050	0.2747	-1.0000	0.1026	0.1179	-0.0153	0.2740
7.0000	101.0000	Respond Naturally	Mackerel	1.0000	1.0000	1.0000	1	-1.0000	0.9922	0.4877	0.0660	0.0000	0.4877	0.1944	-1.0000	0.1324	0.1324	-0.0000	0.2806
7.0000	102.0000	Respond Naturally	IceCreamChocolate	5.0000	6.0000	1.0000	1	1.0000	1.7656	0.2856	-0.5743	2.0000	0.9416	0.3403	1.0000	0.3791	0.3825	-0.0034	1.2416
7.0000	103.0000	Respond Naturally	SkimMilk	4.0000	1.0000	6.0000	4	-1.0000	1.6472	0.2523	-0.9723	0.0000	0.2523	0.0893	-1.0000	0.0635	0.0636	-0.0001	0.2118
7.0000	104.0000	Respond Naturally	Mentos	2.0000	2.0000	1.0000	2	1.0000	1.3454	0.3364	0.8299	0.0000	0.3364	0.2449	1.0000	0.0274	0.0860	-0.0586	0.3263
7.0000	105.0000	Respond Naturally	Bananas	2.0000	1.0000	5.0000	2	-1.0000	1.5630	0.4205	-0.2260	0.0000	0.4205	0.1582	-1.0000	0.0393	0.0559	-0.0166	0.2781
7.0000	106.0000	Respond Naturally	Snickers	4.0000	2.0000	2.0000	2	1.0000	1.1266	0.3868	0.1997	0.0000	0.3868	0.2172	1.0000	0.1169	0.1572	-0.0403	0.4666
7.0000	107.0000	Respond Naturally	HoneyNutCheerios	1.0000	2.0000	5.0000	5	-1.0000	1.7151	0.5383	-0.8093	1.0000	0.7569	0.2330	1.0000	0.2071	0.2241	-0.0170	0.8831
7.0000	108.0000	Respond Naturally	PureFit	1.0000	2.0000	1.0000	2	-1.0000	1.1592	0.5879	-0.0278	0.0000	0.5879	0.2299	-1.0000	0.2581	0.2581	-0.0000	0.4429
7.0000	109.0000	Respond Naturally	RiceKrispiesCereal	1.0000	2.0000	3.0000	3	-1.0000	1.6642	1.0591	0.1038	0.0000	1.0591	0.2871	-1.0000	0.2878	0.3153	-0.0275	0.7669
7.0000	110.0000	Respond Naturally	PopTartStrawberry	1.0000	1.0000	1.0000	2	1.0000	1.3782	0.5541	-0.3350	0.0000	0.5541	0.2178	1.0000	0.3140	0.3176	-0.0036	0.6284
7.0000	111.0000	Decrease Desire	ProMax	1.0000	1.0000	3.0000	4	-1.0000	1.3284	0.3194	0.2343	1.0000	0.6557	0.3539	1.0000	0.3552	0.3552	-0.0000	1.1601
7.0000	112.0000	Decrease Desire	IceCreamVanilla	5.0000	5.0000	2.0000	4	1.0000	1.2108	0.4876	-0.1231	0.0000	0.4876	0.1129	1.0000	0.2190	0.2377	-0.0187	0.5116
7.0000	113.0000	Decrease Desire	Twizzlers	1.0000	1.0000	1.0000	2	-1.0000	1.4113	0.4699	0.1196	1.0000	0.9406	0.2240	1.0000	0.3975	0.3998	-0.0023	0.9793
7.0000	114.0000	Decrease Desire	FrozenOkra	2.0000	2.0000	6.0000	5	-1.0000	1.1941	0.5212	0.0836	0.0000	0.5212	0.1486	-1.0000	0.1116	0.1118	-0.0002	0.2302
7.0000	115.0000	Decrease Desire	Orange	5.0000	6.0000	6.0000	5	-1.0000	2.0680	0.6217	-0.0201	1.0000	0.9078	0.2274	1.0000	0.5231	0.5443	-0.0212	1.4265
7.0000	116.0000	Decrease Desire	SkittlesSour	1.0000	5.0000	1.0000	6	1.0000	1.2773	0.3527	-0.0742	0.0000	0.3527	0.1713	1.0000	0.0954	0.1308	-0.0354	0.3711
7.0000	117.0000	Decrease Desire	FrozenBlueberries	4.0000	4.0000	5.0000	1	1.0000	1.2442	0.7060	0.0298	0.0000	0.7060	0.2065	1.0000	0.2462	0.2476	-0.0014	0.4385
7.0000	118.0000	Decrease Desire	GreenPepper	2.0000	1.0000	6.0000	6	-1.0000	1.0929	0.3194	-0.0716	1.0000	0.5212	0.2533	1.0000	0.1581	0.1952	-0.0371	0.5606
7.0000	119.0000	Decrease Desire	Skittles	2.0000	5.0000	1.0000	3	1.0000	1.0760	0.4873	0.1801	0.0000	0.4873	0.1984	1.0000	0.0905	0.1158	-0.0253	0.2673
7.0000	120.0000	Decrease Desire	TofuDessert	2.0000	1.0000	5.0000	2	-1.0000	2.2686	0.8396	-0.3408	2.0000	1.7139	0.2444	-1.0000	0.1165	0.1325	-0.0160	0.3225
7.0000	121.0000	Decrease Desire	Celery	5.0000	4.0000	6.0000	2	1.0000	1.7317	0.4706	0.0142	1.0000	0.8910	0.2902	-1.0000	0.4924	0.5011	-0.0088	1.3157
7.0000	122.0000	Decrease Desire	Mentos	1.0000	1.0000	1.0000	5	1.0000	0.9751	0.3698	-0.3382	0.0000	0.3698	0.0974	1.0000	0.1820	0.1820	-0.0000	0.3924
7.0000	123.0000	Decrease Desire	BBQCrisps	4.0000	6.0000	3.0000	2	1.0000	1.8322	0.8404	0.1925	0.0000	0.8404	0.0978	1.0000	0.1215	0.1290	-0.0076	0.3143
7.0000	124.0000	Decrease Desire	WaterChestnuts	1.0000	1.0000	1.0000	3	-1.0000	1.2942	0.6218	0.0529	0.0000	0.6218	0.1984	-1.0000	0.1608	0.1608	-0.0000	0.2797
7.0000	125.0000	Decrease Desire	Onion	2.0000	4.0000	4.0000	2	-1.0000	1.5633	0.3195	0.1259	1.0000	0.6391	0.3095	1.0000	0.0494	0.1240	-0.0746	0.6359
7.0000	126.0000	Decrease Desire	OatBran	3.0000	2.0000	3.0000	4	-1.0000	2.2190	1.1598	-0.0000	1.0000	1.4457	0.2672	1.0000	0.3089	0.3123	-0.0034	0.9488
7.0000	127.0000	Decrease Desire	Nutella	4.0000	3.0000	2.0000	1	1.0000	1.1436	0.4203	-0.0016	0.0000	0.4203	0.1298	1.0000	0.2011	0.2112	-0.0101	0.5196
7.0000	128.0000	Decrease Desire	Fritos	4.0000	6.0000	1.0000	2	1.0000	1.6309	0.5041	-0.1155	0.0000	0.5041	0.1208	1.0000	0.1335	0.1369	-0.0034	0.3518
7.0000	129.0000	Decrease Desire	Triscuit	5.0000	6.0000	4.0000	5	-1.0000	1.1945	0.3702	0.2670	1.0000	0.6393	0.1658	1.0000	0.1702	0.1951	-0.0248	0.5360
7.0000	130.0000	Decrease Desire	MnMPeanuts	3.0000	5.0000	1.0000	2	1.0000	0.9586	0.2524	-0.1804	0.0000	0.2524	0.1745	1.0000	0.1070	0.1070	-0.0000	0.2424
7.0000	131.0000	Respond Naturally	Fritos	5.0000	6.0000	1.0000	5	1.0000	1.0260	0.3196	0.2002	0.0000	0.3196	0.1367	1.0000	-0.0011	0.0770	-0.0780	-0.3074
7.0000	132.0000	Respond Naturally	MangoChunks	5.0000	5.0000	4.0000	2	1.0000	1.2105	0.3526	-0.0708	0.0000	0.3526	0.2194	1.0000	0.0328	0.1348	-0.1019	-0.4106
7.0000	133.0000	Respond Naturally	NatureValleyChocolate	4.0000	4.0000	4.0000	4	1.0000	1.5627	0.9406	-0.0023	0.0000	0.9406	0.2759	1.0000	0.2251	0.2251	-0.0000	0.3421
7.0000	134.0000	Respond Naturally	OatmealSquares	1.0000	1.0000	4.0000	7	-1.0000	1.3275	0.6383	-0.2915	0.0000	0.6383	0.3817	-1.0000	0.2617	0.2617	-0.0000	0.4771
7.0000	135.0000	Respond Naturally	AllBranBar	1.0000	2.0000	4.0000	3	-1.0000	1.0250	0.5207	0.1501	0.0000	0.5207	0.1645	-1.0000	0.1560	0.1560	-0.0000	0.2801
7.0000	136.0000	Respond Naturally	MangoChunks	4.0000	6.0000	6.0000	5	1.0000	1.5967	0.6550	-0.0760	1.0000	0.9577	0.4354	-1.0000	0.3481	0.3836	-0.0354	1.2901
7.0000	137.0000	Respond Naturally	Pringles	5.0000	5.0000	2.0000	5	1.0000	1.7985	0.9409	-0.0877	0.0000	0.9409	0.1203	1.0000	0.1460	0.1600	-0.0140	0.2579
7.0000	138.0000	Respond Naturally	Beets	3.0000	1.0000	5.0000	2	-1.0000	1.0246	0.5708	0.0500	0.0000	0.5708	0.2206	-1.0000	0.2026	0.2026	-0.0000	0.3334
7.0000	139.0000	Respond Naturally	VanillaGreekYogurt	5.0000	6.0000	5.0000	2	1.0000	1.5470	0.4202	-0.1148	0.0000	0.4202	0.0966	1.0000	-0.0064	0.0575	-0.0638	0.1905
7.0000	140.0000	Respond Naturally	ClamJuice	1.0000	2.0000	1.0000	1	-1.0000	1.8492	0.7230	0.0503	0.0000	0.7230	0.0959	-1.0000	0.1748	0.1748	-0.0000	0.4398
7.0000	141.0000	Respond Naturally	AlmondMilk	5.0000	6.0000	6.0000	2	-1.0000	1.3615	0.5210	-0.0646	0.0000	0.5210	0.1564	-1.0000	0.1510	0.1510	-0.0000	0.3005
7.0000	142.0000	Respond Naturally	Caramilk	4.0000	6.0000	1.0000	5	1.0000	0.9574	0.3194	-0.2252	0.0000	0.3194	0.1597	1.0000	0.1618	0.1747	-0.0129	0.3893
7.0000	143.0000	Respond Naturally	Aero	2.0000	3.0000	1.0000	1	1.0000	1.3274	0.4871	0.1814	0.0000	0.4871	0.2120	1.0000	0.1295	0.1311	-0.0016	0.2678
7.0000	144.0000	Respond Naturally	Shreddies	1.0000	2.0000	3.0000	5	-1.0000	0.8570	0.4536	-0.0867	0.0000	0.4536	0.2658	-1.0000	0.1109	0.1136	-0.0026	0.2381
7.0000	145.0000	Respond Naturally	Smartfood	3.0000	1.0000	2.0000	2	1.0000	1.3116	0.4708	0.1094	0.0000	0.4708	0.0687	1.0000	0.1870	0.1870	-0.0000	0.3323
7.0000	146.0000	Respond Naturally	PCChipCookie	4.0000	5.0000	2.0000	5	1.0000	1.0921	0.5203	0.3261	0.0000	0.5203	0.2332	1.0000	0.0898	0.1256	-0.0358	0.2380
7.0000	147.0000	Respond Naturally	ClifBar	2.0000	1.0000	2.0000	4	-1.0000	1.6139	0.1850	-0.9638	1.0000	0.6897	0.3620	1.0000	0.3132	0.3271	-0.0139	1.4536
7.0000	148.0000	Respond Naturally	AlmondMilk	5.0000	4.0000	6.0000	4	1.0000	1.5970	0.3023	0.4695	2.0000	0.7900	0.3186	1.0000	0.4371	0.4426	-0.0054	1.5936
7.0000	149.0000	Respond Naturally	KashiBars	2.0000	1.0000	4.0000	4	-1.0000	1.4799	0.2355	-0.5795	0.0000	0.2355	0.1792	-1.0000	0.1382	0.1382	-0.0000	0.3958
7.0000	150.0000	Respond Naturally	RiceKrispiesCereal	2.0000	1.0000	4.0000	7	-1.0000	2.0178	0.4541	0.0279	1.0000	0.8578	0.2675	1.0000	0.6544	0.6599	-0.0055	1.3915
7.0000	151.0000	Decrease Desire	Cheetos	6.0000	5.0000	1.0000	6	1.0000	1.0090	0.2354	-0.2720	0.0000	0.2354	0.1463	1.0000	0.1532	0.1631	-0.0098	0.4283
7.0000	152.0000	Decrease Desire	CornFlakes	1.0000	2.0000	4.0000	6	-1.0000	1.2774	0.2690	-0.2864	1.0000	0.5213	0.3374	1.0000	0.2186	0.2224	-0.0038	0.7790
7.0000	153.0000	Decrease Desire	PopTartStrawberry	1.0000	1.0000	1.0000	5	1.0000	1.0761	0.3868	-0.2109	0.0000	0.3868	0.1334	1.0000	0.1740	0.2035	-0.0295	0.5440
7.0000	154.0000	Decrease Desire	GreenBeans	1.0000	6.0000	6.0000	2	-1.0000	0.9758	0.3869	-0.4482	0.0000	0.3869	0.1530	-1.0000	0.1867	0.1872	-0.0005	0.3957
7.0000	155.0000	Decrease Desire	Raspberries	4.0000	6.0000	4.0000	4	1.0000	1.6810	0.3866	-0.1726	0.0000	0.3866	0.1483	1.0000	0.0991	0.1081	-0.0090	0.4666
7.0000	156.0000	Decrease Desire	RomaineLettuce	3.0000	3.0000	6.0000	4	-1.0000	1.4962	0.4373	-0.0630	2.0000	0.9416	0.2060	-1.0000	0.1063	0.1289	-0.0225	0.3384
7.0000	157.0000	Decrease Desire	SkimMilk	5.0000	2.0000	6.0000	1	-1.0000	1.9996	0.4535	-0.2992	2.0000	1.6468	0.1954	-1.0000	0.0807	0.1288	-0.0482	0.5351
7.0000	158.0000	Decrease Desire	Broccoli	4.0000	4.0000	6.0000	4	-1.0000	1.5637	0.1848	0.0340	1.0000	0.8072	0.2369	1.0000	0.5855	0.5978	-0.0123	1.2816
7.0000	159.0000	Decrease Desire	Twizzlers	2.0000	1.0000	1.0000	4	-1.0000	2.8735	0.4708	-0.2286	1.0000	0.8577	0.3697	1.0000	1.0621	1.0621	-0.0000	1.5116
7.0000	160.0000	Decrease Desire	DriedHerring	1.0000	1.0000	1.0000	1	-1.0000	1.1093	0.6053	-0.0000	0.0000	0.6053	0.2514	-1.0000	0.1876	0.2278	-0.0403	0.4616
7.0000	161.0000	Decrease Desire	CannedArtichoke	1.0000	1.0000	1.0000	2	-1.0000	0.8911	0.4876	0.2482	0.0000	0.4876	0.2092	-1.0000	0.3079	0.3081	-0.0003	0.6255
7.0000	162.0000	Decrease Desire	FrozenCorn	5.0000	6.0000	6.0000	4	-1.0000	1.1769	0.4372	-0.0975	0.0000	0.4372	0.1575	-1.0000	0.3138	0.3150	-0.0012	0.8362
7.0000	163.0000	Decrease Desire	FrozenBlueberries	5.0000	5.0000	6.0000	3	1.0000	1.8329	0.6221	0.0248	1.0000	0.9921	0.4104	-1.0000	0.3713	0.4357	-0.0643	1.6341
7.0000	164.0000	Decrease Desire	Tuna	1.0000	1.0000	1.0000	4	-1.0000	1.4284	0.5206	-0.1055	0.0000	0.5206	0.1959	-1.0000	0.2554	0.2554	-0.0000	0.4705
7.0000	165.0000	Decrease Desire	PureFit	2.0000	2.0000	1.0000	4	-1.0000	1.7521	0.3865	-0.0555	1.0000	0.7227	0.2517	1.0000	0.3110	0.3110	-0.0000	1.4913
7.0000	166.0000	Decrease Desire	RufflesSourCreamOnion	4.0000	6.0000	2.0000	5	1.0000	1.1941	0.5046	0.1124	0.0000	0.5046	0.2693	1.0000	0.0539	0.0580	-0.0041	0.1171
7.0000	167.0000	Decrease Desire	MnMPlain	3.0000	5.0000	2.0000	3	1.0000	0.9250	0.4204	0.4242	0.0000	0.4204	0.1184	1.0000	0.0391	0.0633	-0.0242	0.1484
7.0000	168.0000	Decrease Desire	FrozenPeaches	5.0000	4.0000	6.0000	5	1.0000	1.6650	0.1513	0.8775	1.0000	0.6056	0.4987	-1.0000	0.7569	0.7730	-0.0161	2.1488
7.0000	169.0000	Decrease Desire	Triscuit	4.0000	3.0000	4.0000	2	-1.0000	1.1098	0.5885	-0.3137	0.0000	0.5885	0.2756	-1.0000	0.1736	0.1821	-0.0085	0.4722
7.0000	170.0000	Decrease Desire	Doritos	5.0000	5.0000	2.0000	5	1.0000	1.0762	0.3866	0.5313	0.0000	0.3866	0.0975	1.0000	0.1031	0.1076	-0.0045	0.2213
7.0000	171.0000	Respond Naturally	Strawberries	4.0000	4.0000	5.0000	3	1.0000	1.1432	0.3360	0.2005	0.0000	0.3360	0.2001	1.0000	0.0914	0.1123	-0.0209	0.2946
7.0000	172.0000	Respond Naturally	SevenGrain	1.0000	1.0000	4.0000	3	-1.0000	1.2441	0.5214	-0.1606	0.0000	0.5214	0.3163	-1.0000	0.1981	0.2111	-0.0129	0.5976
7.0000	173.0000	Respond Naturally	YorkPeppermintPatties	5.0000	3.0000	1.0000	2	-1.0000	1.5804	0.6555	-0.1302	0.0000	0.6555	0.3079	-1.0000	0.2144	0.2221	-0.0078	0.6165
7.0000	174.0000	Respond Naturally	FrozenPeas	2.0000	1.0000	6.0000	6	-1.0000	1.7644	0.5040	0.0713	4.0000	1.3779	0.2165	-1.0000	0.1035	0.1046	-0.0012	0.2209
7.0000	175.0000	Respond Naturally	Skittles	3.0000	6.0000	1.0000	6	1.0000	1.8149	0.4531	-0.2136	0.0000	0.4531	0.1002	1.0000	0.1419	0.1567	-0.0148	0.3186
7.0000	176.0000	Respond Naturally	Almonds	5.0000	5.0000	5.0000	4	1.0000	1.7317	0.5716	0.0000	1.0000	0.7062	0.1421	-1.0000	0.1231	0.1245	-0.0014	0.5112
7.0000	177.0000	Respond Naturally	SlicedTurkey	1.0000	1.0000	2.0000	2	-1.0000	1.2106	0.1683	-0.5697	1.0000	0.4879	0.2496	1.0000	0.3548	0.3548	-0.0000	1.0930
7.0000	178.0000	Respond Naturally	FrozenPeaches	5.0000	4.0000	6.0000	2	1.0000	1.8157	0.4874	-0.2307	1.0000	0.7566	0.5068	-1.0000	0.2582	0.2770	-0.0188	1.4658
7.0000	179.0000	Respond Naturally	SkittlesSour	1.0000	5.0000	2.0000	3	1.0000	2.1677	1.5625	-0.0687	0.0000	1.5625	0.1074	1.0000	0.2228	0.2228	-0.0000	0.3408
7.0000	180.0000	Respond Naturally	LaysClassic	4.0000	6.0000	3.0000	3	1.0000	1.4125	0.5382	0.3897	0.0000	0.5382	0.2863	1.0000	0.0962	0.1606	-0.0644	0.4683
7.0000	181.0000	Respond Naturally	FrozenBroccoli	4.0000	3.0000	2.0000	2	-1.0000	1.0757	0.4871	-0.3312	0.0000	0.4871	0.1843	-1.0000	0.4333	0.4333	-0.0000	0.7354
7.0000	182.0000	Respond Naturally	SpeltCakes	1.0000	1.0000	1.0000	2	-1.0000	1.1431	0.5713	0.0422	0.0000	0.5713	0.1910	-1.0000	0.2353	0.2353	-0.0000	0.4300
7.0000	183.0000	Respond Naturally	Almonds	4.0000	5.0000	6.0000	2	1.0000	1.2613	0.4708	-0.1023	1.0000	0.6726	0.2347	-1.0000	0.2133	0.2265	-0.0132	0.7990
7.0000	184.0000	Respond Naturally	Aero	4.0000	3.0000	2.0000	3	1.0000	1.5636	0.4033	0.4745	1.0000	0.6387	0.2304	1.0000	0.0817	0.1077	-0.0260	0.2701
7.0000	185.0000	Respond Naturally	CheeseNips	5.0000	6.0000	1.0000	5	1.0000	1.0936	0.2857	0.1216	0.0000	0.2857	0.1971	1.0000	0.1420	0.1421	-0.0001	0.2725
7.0000	186.0000	Respond Naturally	Broccoli	3.0000	3.0000	6.0000	1	-1.0000	1.1942	0.3028	-0.8597	0.0000	0.3028	0.2222	-1.0000	0.1608	0.2391	-0.0783	0.7286
7.0000	187.0000	Respond Naturally	GreenApple	4.0000	1.0000	6.0000	4	1.0000	1.1604	0.4542	0.3940	0.0000	0.4542	0.1245	1.0000	0.0979	0.0979	-0.0000	0.2308
7.0000	188.0000	Respond Naturally	LaysClassic	4.0000	6.0000	2.0000	4	1.0000	1.9004	0.3527	-0.0671	1.0000	0.5712	0.1830	-1.0000	0.3856	0.3984	-0.0128	1.1933
7.0000	189.0000	Respond Naturally	NatureValleyChocolate	4.0000	3.0000	4.0000	1	1.0000	1.0251	0.3866	0.3844	1.0000	0.5713	0.3307	-1.0000	0.3058	0.3058	-0.0000	0.9629
7.0000	190.0000	Respond Naturally	VanillaGreekYogurt	4.0000	6.0000	5.0000	4	1.0000	1.3786	0.4537	0.3746	0.0000	0.4537	0.1130	1.0000	0.1495	0.1497	-0.0002	0.3735
7.0000	191.0000	Decrease Desire	RitzCrackers	4.0000	5.0000	3.0000	2	1.0000	1.0594	0.3531	-0.0894	0.0000	0.3531	0.2650	1.0000	0.0634	0.0979	-0.0344	0.2805
7.0000	192.0000	Decrease Desire	Cheerios	1.0000	2.0000	4.0000	5	-1.0000	1.0429	0.2355	0.2718	1.0000	0.5385	0.2490	1.0000	0.2073	0.2073	-0.0000	0.6686
7.0000	193.0000	Decrease Desire	Pringles	5.0000	6.0000	1.0000	2	1.0000	0.9920	0.3194	0.3982	0.0000	0.3194	0.1877	1.0000	0.1025	0.1028	-0.0002	0.2987
7.0000	194.0000	Decrease Desire	ClamJuice	1.0000	1.0000	1.0000	3	-1.0000	1.4633	0.4542	0.6298	2.0000	0.8243	0.3462	-1.0000	0.1665	0.1936	-0.0272	0.5409
7.0000	195.0000	Decrease Desire	Spinach	3.0000	2.0000	6.0000	2	1.0000	2.2026	0.3530	-0.2096	2.0000	1.5466	0.4277	1.0000	0.3662	0.3670	-0.0008	1.6983
7.0000	196.0000	Decrease Desire	YorkPeppermintPatties	1.0000	3.0000	2.0000	4	-1.0000	0.9586	0.4877	0.3377	0.0000	0.4877	0.2158	-1.0000	0.1762	0.1762	-0.0000	0.4780
7.0000	197.0000	Decrease Desire	GreenBeans	3.0000	1.0000	6.0000	4	-1.0000	1.0932	0.4037	-0.8005	0.0000	0.4037	0.3004	-1.0000	0.4410	0.4410	-0.0000	1.1293
7.0000	198.0000	Decrease Desire	PCChipCookie	4.0000	4.0000	2.0000	2	1.0000	0.9746	0.3858	0.1427	0.0000	0.3858	0.1400	1.0000	0.1856	0.1996	-0.0140	0.4150
7.0000	199.0000	Decrease Desire	Shreddies	1.0000	2.0000	3.0000	2	-1.0000	1.1087	0.5039	-0.5089	0.0000	0.5039	0.2417	-1.0000	0.2839	0.2839	-0.0000	0.5723
7.0000	200.0000	Decrease Desire	Tempeh	2.0000	1.0000	1.0000	2	-1.0000	1.2270	0.6217	0.0025	0.0000	0.6217	0.1670	-1.0000	0.1909	0.1909	-0.0000	0.3505
