Subject	Trial	Instruction	Food	Liking	Taste	Health	Amount	Choice	ChoiceRT	FirstDevTimeChoice	InitAngleChoice	NumChangeMindChoice	FinalDevTimeChoice	MaxVelocityChoice	DrxFirstDevChoice	TotalAUCChoice	AUCtoNonChosenChoice	AUCtoChosenChoice	MaxDevChoice
57.0000	1.0000	Decrease Desire	RomaineLettuce	5.0000	4.0000	6.0000	2	1.0000	1.1256	0.5375	0.1667	0.0000	0.5375	0.2228	1.0000	0.1880	0.1880	-0.0000	0.3154
57.0000	2.0000	Decrease Desire	FrozenPeas	2.0000	3.0000	6.0000	2	-1.0000	1.3439	0.7054	-0.0151	0.0000	0.7054	0.2067	-1.0000	0.1512	0.1786	-0.0274	0.3470
57.0000	3.0000	Decrease Desire	Aero	4.0000	5.0000	2.0000	1	-1.0000	0.9740	0.5707	-0.1647	0.0000	0.5707	0.2194	-1.0000	0.1303	0.1362	-0.0060	0.2237
57.0000	4.0000	Decrease Desire	Aero	3.0000	4.0000	2.0000	3	-1.0000	0.9073	0.4032	0.1558	0.0000	0.4032	0.1993	-1.0000	0.0628	0.0637	-0.0009	0.1461
57.0000	5.0000	Decrease Desire	DriedHerring	1.0000	1.0000	5.0000	3	-1.0000	1.0080	0.4367	0.0028	0.0000	0.4367	0.2786	-1.0000	0.0927	0.1022	-0.0094	0.2066
57.0000	6.0000	Decrease Desire	SpeltCakes	4.0000	4.0000	2.0000	2	-1.0000	0.9576	0.4535	-0.0451	0.0000	0.4535	0.1785	-1.0000	0.1212	0.1213	-0.0001	0.1910
57.0000	7.0000	Decrease Desire	Smartfood	6.0000	6.0000	1.0000	2	1.0000	1.1423	0.5542	0.1991	0.0000	0.5542	0.3280	1.0000	0.1036	0.1272	-0.0235	0.5548
57.0000	8.0000	Decrease Desire	GreenPepper	6.0000	6.0000	6.0000	6	1.0000	1.1598	0.6052	0.0280	0.0000	0.6052	0.2572	1.0000	0.0497	0.0694	-0.0197	0.2162
57.0000	9.0000	Decrease Desire	Beets	5.0000	6.0000	6.0000	2	1.0000	1.0578	0.4867	-0.0154	0.0000	0.4867	0.2655	1.0000	0.0819	0.0819	-0.0000	0.1484
57.0000	10.0000	Decrease Desire	MangoChunks	6.0000	6.0000	6.0000	2	1.0000	0.9913	0.4704	0.0000	0.0000	0.4704	0.2446	1.0000	0.0570	0.0571	-0.0000	0.0933
57.0000	11.0000	Respond Naturally	Raspberries	6.0000	6.0000	6.0000	5	1.0000	0.9407	0.4200	-0.0157	0.0000	0.4200	0.2742	1.0000	0.1754	0.1754	-0.0000	0.2592
57.0000	12.0000	Respond Naturally	Mentos	6.0000	6.0000	1.0000	2	1.0000	1.0245	0.5707	0.1253	0.0000	0.5707	0.1696	1.0000	0.1455	0.1455	-0.0000	0.2189
57.0000	13.0000	Respond Naturally	Tuna	5.0000	5.0000	5.0000	4	-1.0000	1.3100	0.8059	-0.1116	0.0000	0.8059	0.2012	-1.0000	0.0323	0.0498	-0.0175	-0.1355
57.0000	14.0000	Respond Naturally	Asparagus	6.0000	5.0000	6.0000	3	-1.0000	1.0919	0.5374	-0.0342	0.0000	0.5374	0.1693	-1.0000	0.0617	0.0732	-0.0115	0.1409
57.0000	15.0000	Respond Naturally	SunChips	5.0000	6.0000	3.0000	4	1.0000	1.0413	0.4869	-0.2248	0.0000	0.4869	0.2288	1.0000	0.0686	0.0691	-0.0005	0.1716
57.0000	16.0000	Respond Naturally	AppleChips	5.0000	5.0000	6.0000	5	1.0000	0.8735	0.4871	0.0352	0.0000	0.4871	0.2849	1.0000	0.0700	0.0735	-0.0036	0.1364
57.0000	17.0000	Respond Naturally	AlmondMilk	5.0000	4.0000	5.0000	2	-1.0000	1.4112	0.4871	-0.1522	1.0000	0.9240	0.2305	1.0000	0.5258	0.5258	-0.0000	1.3933
57.0000	18.0000	Respond Naturally	BBQCrisps	6.0000	6.0000	2.0000	2	-1.0000	1.1586	0.6042	-0.1739	0.0000	0.6042	0.3472	-1.0000	0.0721	0.0723	-0.0002	0.1488
57.0000	19.0000	Respond Naturally	Nutella	4.0000	5.0000	3.0000	1	-1.0000	0.9577	0.4199	-0.1157	0.0000	0.4199	0.2128	-1.0000	0.0180	0.0475	-0.0296	-0.1143
57.0000	20.0000	Respond Naturally	Triscuit	3.0000	3.0000	3.0000	5	-1.0000	1.0919	0.5541	0.0796	0.0000	0.5541	0.1981	-1.0000	0.0510	0.0634	-0.0124	0.1177
57.0000	21.0000	Decrease Desire	Almonds	5.0000	5.0000	6.0000	4	1.0000	1.3270	0.7221	-0.0036	0.0000	0.7221	0.1776	1.0000	0.0871	0.1052	-0.0181	0.2266
57.0000	22.0000	Decrease Desire	Spinach	6.0000	5.0000	6.0000	2	1.0000	1.1422	0.4870	0.2577	0.0000	0.4870	0.2030	1.0000	0.0380	0.0382	-0.0002	0.0965
57.0000	23.0000	Decrease Desire	Broccoli	5.0000	5.0000	6.0000	1	-1.0000	1.0245	0.6045	-0.0760	0.0000	0.6045	0.2067	-1.0000	0.0689	0.0689	-0.0000	0.1117
57.0000	24.0000	Decrease Desire	Cauliflower	4.0000	4.0000	5.0000	6	-1.0000	1.1253	0.7557	-0.0000	0.0000	0.7557	0.2927	-1.0000	0.1126	0.1138	-0.0011	0.1907
57.0000	25.0000	Decrease Desire	SpeltCakes	4.0000	4.0000	4.0000	5	-1.0000	0.8901	0.5037	0.2229	0.0000	0.5037	0.2208	-1.0000	0.0303	0.0304	-0.0000	0.0785
57.0000	26.0000	Decrease Desire	IceCreamVanilla	5.0000	5.0000	4.0000	4	1.0000	1.3776	0.5375	0.0000	1.0000	0.7056	0.4361	-1.0000	0.3209	0.3337	-0.0129	1.0866
57.0000	27.0000	Decrease Desire	RedPepper	6.0000	6.0000	6.0000	5	1.0000	1.0246	0.5542	-0.0708	0.0000	0.5542	0.2119	1.0000	0.1392	0.1392	-0.0000	0.2408
57.0000	28.0000	Decrease Desire	FrozenBroccoli	5.0000	4.0000	6.0000	6	-1.0000	1.4107	0.7051	-0.1379	1.0000	0.8395	0.3012	1.0000	0.3075	0.3126	-0.0051	1.0940
57.0000	29.0000	Decrease Desire	Cheetos	5.0000	6.0000	1.0000	3	-1.0000	1.2595	0.8058	-0.0420	0.0000	0.8058	0.2285	-1.0000	0.1304	0.1304	-0.0000	0.1945
57.0000	30.0000	Decrease Desire	RitzCrackers	5.0000	5.0000	3.0000	5	-1.0000	1.0076	0.5204	0.1495	0.0000	0.5204	0.2381	-1.0000	0.0642	0.0652	-0.0010	0.1324
57.0000	31.0000	Respond Naturally	Reese	4.0000	5.0000	2.0000	4	-1.0000	1.3774	0.8228	-0.0680	0.0000	0.8228	0.1517	-1.0000	0.1252	0.1283	-0.0031	0.2049
57.0000	32.0000	Respond Naturally	FrozenBlueberries	6.0000	6.0000	6.0000	3	1.0000	0.9069	0.4366	-0.2708	0.0000	0.4366	0.2286	1.0000	0.1463	0.1469	-0.0006	0.2903
57.0000	33.0000	Respond Naturally	ClamJuice	1.0000	1.0000	5.0000	3	-1.0000	1.0755	0.5882	0.0018	0.0000	0.5882	0.1651	-1.0000	0.1267	0.1289	-0.0022	0.2604
57.0000	34.0000	Respond Naturally	Twizzlers	2.0000	2.0000	1.0000	4	-1.0000	0.9407	0.4870	-0.0451	0.0000	0.4870	0.2791	-1.0000	0.0861	0.0958	-0.0097	0.1923
57.0000	35.0000	Respond Naturally	Doritos	4.0000	6.0000	1.0000	2	-1.0000	1.0580	0.5709	0.0615	0.0000	0.5709	0.2783	-1.0000	0.0818	0.0818	-0.0000	0.1471
57.0000	36.0000	Respond Naturally	DriedApricots	6.0000	6.0000	6.0000	5	1.0000	1.2934	0.5710	0.0000	1.0000	0.8231	0.5813	-1.0000	0.3358	0.3358	-0.0000	1.3483
57.0000	37.0000	Respond Naturally	AllBranCereal	4.0000	4.0000	4.0000	6	-1.0000	0.8905	0.4032	0.0298	0.0000	0.4032	0.1922	-1.0000	0.1176	0.1304	-0.0128	0.2436
57.0000	38.0000	Respond Naturally	Orange	6.0000	6.0000	6.0000	5	1.0000	1.0079	0.4871	-0.1216	0.0000	0.4871	0.2155	1.0000	0.0508	0.0713	-0.0205	0.1411
57.0000	39.0000	Respond Naturally	RiceKrispiesCereal	5.0000	5.0000	4.0000	7	1.0000	1.4612	0.8059	-0.0153	0.0000	0.8059	0.2680	1.0000	0.0548	0.0909	-0.0362	-0.1853
57.0000	40.0000	Respond Naturally	Mars	3.0000	4.0000	2.0000	2	-1.0000	0.9742	0.5037	-0.0254	0.0000	0.5037	0.2416	-1.0000	0.1308	0.1308	-0.0000	0.2205
57.0000	41.0000	Decrease Desire	Starburst	6.0000	6.0000	1.0000	3	-1.0000	1.1085	0.6884	-0.0055	0.0000	0.6884	0.2370	-1.0000	0.0731	0.0846	-0.0115	0.1338
57.0000	42.0000	Decrease Desire	GreenApple	6.0000	6.0000	6.0000	4	1.0000	0.9744	0.4535	-0.3010	0.0000	0.4535	0.3246	1.0000	0.0125	0.1079	-0.0954	-0.3919
57.0000	43.0000	Decrease Desire	OatBran	4.0000	3.0000	6.0000	2	-1.0000	1.1253	0.7221	-0.0000	0.0000	0.7221	0.2770	-1.0000	0.0822	0.0822	-0.0000	0.1300
57.0000	44.0000	Decrease Desire	Fritos	2.0000	3.0000	2.0000	5	-1.0000	1.0580	0.5540	0.1930	0.0000	0.5540	0.3085	-1.0000	0.0857	0.0857	-0.0000	0.1701
57.0000	45.0000	Decrease Desire	Doritos	5.0000	5.0000	1.0000	5	-1.0000	2.0498	0.4534	-0.1520	2.0000	0.9407	0.6107	-1.0000	0.4247	0.4257	-0.0010	1.6142
57.0000	46.0000	Decrease Desire	BrusselsSprouts	6.0000	3.0000	6.0000	4	1.0000	2.7045	0.7052	-0.2051	3.0000	2.0999	0.3621	-1.0000	0.5954	0.5954	-0.0000	1.5204
57.0000	47.0000	Decrease Desire	KashiBars	4.0000	4.0000	4.0000	4	-1.0000	1.1422	0.6214	0.0489	0.0000	0.6214	0.2036	-1.0000	0.0244	0.0581	-0.0337	-0.1670
57.0000	48.0000	Decrease Desire	SlicedTurkey	3.0000	5.0000	4.0000	2	-1.0000	1.1254	0.5541	-0.2666	0.0000	0.5541	0.1971	-1.0000	0.1666	0.1680	-0.0014	0.2682
57.0000	49.0000	Decrease Desire	Skittles	3.0000	5.0000	1.0000	6	-1.0000	1.0410	0.5033	0.0516	0.0000	0.5033	0.2910	-1.0000	0.1115	0.1115	-0.0000	0.1721
57.0000	50.0000	Decrease Desire	GreenGrapes	4.0000	5.0000	6.0000	1	-1.0000	1.4443	0.9738	0.0937	0.0000	0.9738	0.1830	-1.0000	0.0919	0.0919	-0.0000	0.1819
57.0000	51.0000	Respond Naturally	Cheerios	5.0000	5.0000	4.0000	5	1.0000	1.0079	0.4031	0.1295	0.0000	0.4031	0.3417	1.0000	0.0146	0.0227	-0.0081	-0.1006
57.0000	52.0000	Respond Naturally	PCChipCookie	6.0000	6.0000	2.0000	2	-1.0000	1.3270	0.8565	-0.0000	0.0000	0.8565	0.2653	-1.0000	0.0803	0.0805	-0.0002	0.1312
57.0000	53.0000	Respond Naturally	OatmealSquares	5.0000	5.0000	5.0000	3	-1.0000	1.3103	0.7221	-0.4723	0.0000	0.7221	0.1931	-1.0000	0.1666	0.1757	-0.0091	0.4741
57.0000	54.0000	Respond Naturally	RufflesSourCreamOnion	5.0000	6.0000	2.0000	5	1.0000	1.1424	0.6383	0.2206	0.0000	0.6383	0.3156	1.0000	0.0217	0.0481	-0.0264	-0.1355
57.0000	55.0000	Respond Naturally	SkimMilk	5.0000	5.0000	6.0000	4	1.0000	1.5617	0.9567	0.0000	0.0000	0.9567	0.1740	1.0000	0.0202	0.0289	-0.0086	-0.0675
57.0000	56.0000	Respond Naturally	SkittlesSour	3.0000	3.0000	1.0000	3	-1.0000	0.8063	0.4534	-0.0000	0.0000	0.4534	0.2582	-1.0000	0.0754	0.0769	-0.0015	0.1270
57.0000	57.0000	Respond Naturally	SkittlesSour	2.0000	4.0000	1.0000	6	-1.0000	0.8228	0.4531	-0.1364	0.0000	0.4531	0.3148	-1.0000	0.0728	0.0728	-0.0000	0.1016
57.0000	58.0000	Respond Naturally	WaterChestnuts	4.0000	5.0000	5.0000	3	1.0000	1.1923	0.4867	0.0723	1.0000	0.7555	0.4729	-1.0000	0.4010	0.4010	-0.0000	1.2424
57.0000	59.0000	Respond Naturally	Mars	3.0000	4.0000	2.0000	4	-1.0000	0.8736	0.4199	-0.1551	0.0000	0.4199	0.2763	-1.0000	0.1264	0.1276	-0.0012	0.2522
57.0000	60.0000	Respond Naturally	Bananas	5.0000	6.0000	6.0000	3	1.0000	1.0919	0.5709	-0.0262	0.0000	0.5709	0.3652	1.0000	0.0288	0.0643	-0.0354	-0.1811
57.0000	61.0000	Respond Naturally	BabyFoodCarrots	4.0000	5.0000	6.0000	5	-1.0000	1.4947	0.6214	0.0074	0.0000	0.6214	0.2735	-1.0000	0.0917	0.0917	-0.0000	0.1338
57.0000	62.0000	Respond Naturally	EnglishCucumber	5.0000	5.0000	6.0000	2	-1.0000	1.5116	1.0747	-0.1258	0.0000	1.0747	0.3168	-1.0000	0.1985	0.2017	-0.0032	0.2764
57.0000	63.0000	Respond Naturally	AlmondMilk	5.0000	4.0000	5.0000	4	1.0000	1.4614	0.7557	0.0000	0.0000	0.7557	0.1788	1.0000	0.1032	0.1032	-0.0000	0.1688
57.0000	64.0000	Respond Naturally	Orange	6.0000	6.0000	6.0000	1	-1.0000	1.3106	0.4367	-0.0300	1.0000	0.6215	0.3496	1.0000	0.2615	0.2824	-0.0210	1.1908
57.0000	65.0000	Respond Naturally	GreenBeans	4.0000	4.0000	6.0000	4	-1.0000	1.0083	0.4874	0.1428	0.0000	0.4874	0.1960	-1.0000	0.0886	0.1004	-0.0119	0.2077
57.0000	66.0000	Respond Naturally	Strawberries	6.0000	6.0000	6.0000	2	-1.0000	1.0254	0.5880	0.1625	0.0000	0.5880	0.1895	-1.0000	0.0628	0.0650	-0.0022	0.1715
57.0000	67.0000	Respond Naturally	WelchsFruitSnacks	5.0000	6.0000	4.0000	1	1.0000	1.2601	0.4872	-0.6635	1.0000	0.6384	0.2500	-1.0000	0.0425	0.0661	-0.0236	0.3629
57.0000	68.0000	Respond Naturally	FrozenBroccoli	5.0000	5.0000	6.0000	2	-1.0000	1.0080	0.4535	0.0194	0.0000	0.4535	0.2584	-1.0000	0.0863	0.1057	-0.0193	0.2241
57.0000	69.0000	Respond Naturally	FrootLoops	6.0000	6.0000	2.0000	2	-1.0000	1.3105	0.6888	-0.0000	1.0000	0.8400	0.2225	1.0000	0.1431	0.1440	-0.0009	0.6315
57.0000	70.0000	Respond Naturally	CoffeeCrisp	4.0000	6.0000	1.0000	1	-1.0000	0.9241	0.4535	-0.0000	0.0000	0.4535	0.2607	-1.0000	0.0420	0.0498	-0.0078	0.0932
57.0000	71.0000	Decrease Desire	FrootLoops	6.0000	6.0000	1.0000	6	-1.0000	2.0159	1.2932	-0.1872	0.0000	1.2932	0.2258	-1.0000	0.4386	0.4386	-0.0000	0.6757
57.0000	72.0000	Decrease Desire	BabyFoodSweetPotatos	4.0000	5.0000	4.0000	2	-1.0000	2.5864	1.4440	-0.0593	0.0000	1.4440	0.2240	-1.0000	0.1253	0.1327	-0.0074	0.2321
57.0000	73.0000	Decrease Desire	PureFit	2.0000	2.0000	2.0000	4	-1.0000	1.7801	0.8898	0.1871	0.0000	0.8898	0.1781	-1.0000	0.0150	0.0463	-0.0313	-0.1976
57.0000	74.0000	Decrease Desire	SlimStyles	3.0000	2.0000	2.0000	2	-1.0000	2.1666	0.6045	-0.0805	0.0000	0.6045	0.0695	-1.0000	0.0493	0.0501	-0.0008	0.1853
57.0000	75.0000	Decrease Desire	Tempeh	2.0000	1.0000	4.0000	4	-1.0000	1.1422	0.5877	-0.1796	0.0000	0.5877	0.2373	-1.0000	0.1458	0.1458	-0.0000	0.2485
57.0000	76.0000	Decrease Desire	Mackerel	1.0000	1.0000	5.0000	1	-1.0000	0.9406	0.5204	0.2648	0.0000	0.5204	0.2191	-1.0000	0.0828	0.0865	-0.0037	0.1445
57.0000	77.0000	Decrease Desire	CoffeeCrisp	4.0000	6.0000	1.0000	3	-1.0000	0.9914	0.3696	-0.0942	0.0000	0.3696	0.2223	-1.0000	0.0884	0.1492	-0.0609	0.3707
57.0000	78.0000	Decrease Desire	OikosYogurt	6.0000	6.0000	6.0000	6	-1.0000	1.8815	0.8570	0.3087	0.0000	0.8570	0.2518	-1.0000	0.0460	0.0560	-0.0100	0.1291
57.0000	79.0000	Decrease Desire	Pringles	4.0000	5.0000	2.0000	5	-1.0000	1.2430	0.5876	0.1006	0.0000	0.5876	0.1883	-1.0000	0.0007	0.0628	-0.0621	-0.2775
57.0000	80.0000	Decrease Desire	HoneyNutCheerios	5.0000	5.0000	3.0000	2	-1.0000	1.1758	0.5373	-0.1519	0.0000	0.5373	0.2159	-1.0000	0.1240	0.1240	-0.0000	0.2003
57.0000	81.0000	Respond Naturally	Prunes	5.0000	6.0000	6.0000	5	1.0000	1.1594	0.5205	0.0333	0.0000	0.5205	0.1505	1.0000	0.2159	0.2160	-0.0001	0.3245
57.0000	82.0000	Respond Naturally	SkimMilk	5.0000	5.0000	6.0000	1	-1.0000	1.3104	0.5878	-0.0310	0.0000	0.5878	0.3781	-1.0000	-0.0126	0.0389	-0.0515	-0.2321
57.0000	83.0000	Respond Naturally	ProMax	2.0000	2.0000	2.0000	4	-1.0000	0.9574	0.4537	0.9596	0.0000	0.4537	0.2458	-1.0000	-0.0245	0.0008	-0.0253	-0.1232
57.0000	84.0000	Respond Naturally	MnMPlain	5.0000	5.0000	2.0000	5	-1.0000	0.9914	0.4033	-0.0789	0.0000	0.4033	0.2428	-1.0000	0.0245	0.0474	-0.0229	0.1798
57.0000	85.0000	Respond Naturally	CornFlakes	3.0000	4.0000	3.0000	3	-1.0000	0.8899	0.4531	0.1373	0.0000	0.4531	0.2053	-1.0000	0.0913	0.0913	-0.0000	0.2042
57.0000	86.0000	Respond Naturally	GreenPepper	6.0000	6.0000	6.0000	2	-1.0000	1.4446	0.4869	-0.0000	1.0000	0.6213	0.3146	1.0000	0.0816	0.1413	-0.0598	0.6351
57.0000	87.0000	Respond Naturally	TofuDessert	3.0000	3.0000	4.0000	4	-1.0000	1.3439	0.7726	-0.0000	0.0000	0.7726	0.2461	-1.0000	0.0675	0.0687	-0.0013	0.0936
57.0000	88.0000	Respond Naturally	CornFlakes	3.0000	3.0000	3.0000	6	-1.0000	1.1254	0.5206	0.5828	0.0000	0.5206	0.1856	-1.0000	0.0264	0.0281	-0.0017	0.0816
57.0000	89.0000	Respond Naturally	KashiBars	4.0000	3.0000	3.0000	1	-1.0000	1.0076	0.4699	0.1302	0.0000	0.4699	0.2123	-1.0000	0.0757	0.0757	-0.0000	0.1351
57.0000	90.0000	Respond Naturally	Prunes	6.0000	6.0000	6.0000	2	-1.0000	1.2430	0.7221	0.1830	0.0000	0.7221	0.2178	-1.0000	0.1000	0.1005	-0.0005	0.1843
57.0000	91.0000	Decrease Desire	BrusselsSprouts	5.0000	3.0000	6.0000	2	-1.0000	1.1420	0.6043	0.1200	0.0000	0.6043	0.2392	-1.0000	0.1394	0.1403	-0.0009	0.2465
57.0000	92.0000	Decrease Desire	Spinach	5.0000	5.0000	6.0000	4	1.0000	2.0161	0.9073	0.0641	1.0000	1.1090	0.2748	-1.0000	0.5715	0.5736	-0.0021	1.6802
57.0000	93.0000	Decrease Desire	Strawberries	6.0000	6.0000	6.0000	3	-1.0000	1.0584	0.5709	0.1342	0.0000	0.5709	0.2026	-1.0000	0.0299	0.0456	-0.0157	-0.0870
57.0000	94.0000	Decrease Desire	SunChips	5.0000	6.0000	3.0000	2	-1.0000	2.3348	1.0750	-0.0000	0.0000	1.0750	0.1061	-1.0000	0.0787	0.0796	-0.0009	0.2299
57.0000	95.0000	Decrease Desire	FrozenPeas	2.0000	3.0000	6.0000	6	-1.0000	1.0583	0.5878	0.1947	0.0000	0.5878	0.3249	-1.0000	0.0648	0.0814	-0.0166	0.1510
57.0000	96.0000	Decrease Desire	Avocado	6.0000	6.0000	6.0000	2	1.0000	2.5532	0.8897	-0.2716	1.0000	1.5787	0.1944	-1.0000	0.5280	0.5379	-0.0099	1.2947
57.0000	97.0000	Decrease Desire	SevenGrain	4.0000	4.0000	4.0000	1	-1.0000	1.1587	0.4364	-0.0000	0.0000	0.4364	0.2630	-1.0000	0.0489	0.0489	-0.0000	0.1037
57.0000	98.0000	Decrease Desire	Snickers	3.0000	3.0000	1.0000	3	-1.0000	0.9074	0.3866	0.0694	0.0000	0.3866	0.2058	-1.0000	0.0933	0.0934	-0.0000	0.1799
57.0000	99.0000	Decrease Desire	Twizzlers	2.0000	2.0000	1.0000	2	-1.0000	0.9075	0.4201	0.2079	0.0000	0.4201	0.2820	-1.0000	0.0132	0.0312	-0.0180	-0.1012
57.0000	100.0000	Decrease Desire	SlimStyles	2.0000	2.0000	2.0000	6	-1.0000	0.9240	0.4200	0.1655	0.0000	0.4200	0.2707	-1.0000	0.0546	0.0598	-0.0051	0.1216
57.0000	101.0000	Respond Naturally	Cheerios	5.0000	5.0000	5.0000	2	-1.0000	1.2768	0.7224	-0.1822	0.0000	0.7224	0.2453	-1.0000	0.1487	0.1487	-0.0000	0.2740
57.0000	102.0000	Respond Naturally	RaisinBran	5.0000	5.0000	5.0000	7	-1.0000	2.7388	0.4367	-0.0560	2.0000	1.8316	0.3677	-1.0000	0.1920	0.2124	-0.0204	1.1966
57.0000	103.0000	Respond Naturally	IceCreamVanilla	5.0000	5.0000	4.0000	1	1.0000	1.4954	0.5880	0.1494	0.0000	0.5880	0.1560	1.0000	0.0495	0.0617	-0.0122	0.1915
57.0000	104.0000	Respond Naturally	IceCreamChocolate	6.0000	6.0000	4.0000	1	1.0000	0.7894	0.3862	0.0025	0.0000	0.3862	0.2659	1.0000	0.0286	0.0464	-0.0178	-0.1421
57.0000	105.0000	Respond Naturally	NatureValleyChocolate	3.0000	3.0000	2.0000	4	-1.0000	1.1592	0.6214	0.0702	0.0000	0.6214	0.1531	-1.0000	0.0824	0.0896	-0.0072	0.1871
57.0000	106.0000	Respond Naturally	BBQCrisps	6.0000	6.0000	2.0000	6	1.0000	0.9743	0.5038	0.0000	0.0000	0.5038	0.2286	1.0000	0.0867	0.0867	-0.0000	0.1437
57.0000	107.0000	Respond Naturally	Starburst	6.0000	6.0000	1.0000	6	1.0000	1.0078	0.5205	0.1782	0.0000	0.5205	0.2382	1.0000	0.0348	0.0417	-0.0069	0.0812
57.0000	108.0000	Respond Naturally	Smarties	2.0000	1.0000	2.0000	5	-1.0000	1.1082	0.5538	-0.0240	0.0000	0.5538	0.2318	-1.0000	0.0395	0.0431	-0.0036	0.0825
57.0000	109.0000	Respond Naturally	GreenBeans	4.0000	4.0000	5.0000	2	-1.0000	1.0581	0.4700	-0.0094	0.0000	0.4700	0.2190	-1.0000	0.0051	0.0394	-0.0342	-0.1732
57.0000	110.0000	Respond Naturally	Shreddies	4.0000	5.0000	4.0000	5	-1.0000	1.0247	0.5038	0.3584	0.0000	0.5038	0.2828	-1.0000	0.0445	0.0452	-0.0007	0.0970
57.0000	111.0000	Decrease Desire	FrozenOkra	4.0000	4.0000	6.0000	5	-1.0000	1.2942	0.3192	-0.2172	0.0000	0.3192	0.2475	-1.0000	0.0994	0.1156	-0.0162	0.3775
57.0000	112.0000	Decrease Desire	RiceKrispiesCereal	5.0000	4.0000	4.0000	3	-1.0000	1.2094	0.5205	-0.0022	0.0000	0.5205	0.1582	-1.0000	0.0892	0.0892	-0.0000	0.1417
57.0000	113.0000	Decrease Desire	SevenGrain	4.0000	3.0000	4.0000	3	-1.0000	1.0245	0.4702	0.2201	0.0000	0.4702	0.2413	-1.0000	0.1146	0.1146	-0.0000	0.1865
57.0000	114.0000	Decrease Desire	AllBranCereal	4.0000	4.0000	5.0000	2	-1.0000	0.9240	0.4536	0.0357	0.0000	0.4536	0.1876	-1.0000	0.0783	0.0783	-0.0000	0.1758
57.0000	115.0000	Decrease Desire	Bananas	6.0000	6.0000	6.0000	2	-1.0000	1.1926	0.7053	-0.0537	0.0000	0.7053	0.1967	-1.0000	0.1038	0.1045	-0.0007	0.1761
57.0000	116.0000	Decrease Desire	SlicedTurkey	3.0000	4.0000	4.0000	5	-1.0000	1.4790	0.9581	-0.0022	0.0000	0.9581	0.3114	-1.0000	0.0940	0.1032	-0.0093	0.1562
57.0000	117.0000	Decrease Desire	MangoChunks	6.0000	6.0000	6.0000	5	-1.0000	5.4260	0.7385	-0.1628	7.0000	4.3845	0.2907	1.0000	0.2906	0.2916	-0.0010	1.0132
57.0000	118.0000	Decrease Desire	AllBranBar	2.0000	3.0000	4.0000	1	-1.0000	1.1423	0.5035	-0.0929	0.0000	0.5035	0.1968	-1.0000	0.0212	0.0381	-0.0169	0.0854
57.0000	119.0000	Decrease Desire	LaysClassic	5.0000	6.0000	3.0000	4	-1.0000	2.2340	0.9569	-0.2252	0.0000	0.9569	0.1695	-1.0000	0.0634	0.0972	-0.0338	0.2695
57.0000	120.0000	Decrease Desire	FrozenCorn	4.0000	4.0000	5.0000	2	-1.0000	3.2073	1.4773	-0.0000	0.0000	1.4773	0.1901	-1.0000	0.0799	0.0832	-0.0034	0.1150
57.0000	121.0000	Decrease Desire	BabyFoodCarrots	5.0000	5.0000	6.0000	3	-1.0000	1.1415	0.6709	0.6016	0.0000	0.6709	0.1928	-1.0000	0.0806	0.0806	-0.0000	0.3537
57.0000	122.0000	Decrease Desire	VanillaGreekYogurt	6.0000	6.0000	6.0000	2	-1.0000	1.2595	0.7050	0.1238	0.0000	0.7050	0.1581	-1.0000	0.0384	0.0384	-0.0000	0.1514
57.0000	123.0000	Decrease Desire	AllBranBar	3.0000	3.0000	4.0000	3	-1.0000	0.8734	0.3694	-0.0000	0.0000	0.3694	0.1556	-1.0000	0.0597	0.0599	-0.0002	0.1413
57.0000	124.0000	Decrease Desire	Butternut	6.0000	6.0000	6.0000	7	-1.0000	1.2939	0.3529	0.5944	0.0000	0.3529	0.2254	-1.0000	0.0980	0.1068	-0.0088	0.3247
57.0000	125.0000	Decrease Desire	Raspberries	6.0000	6.0000	6.0000	4	-1.0000	4.4679	2.3336	0.2410	3.0000	3.5942	0.3140	1.0000	0.3868	0.3868	-0.0000	1.7070
57.0000	126.0000	Decrease Desire	Cheetos	5.0000	6.0000	1.0000	6	-1.0000	6.1655	1.8970	-0.0000	8.0000	5.7287	0.6250	-1.0000	0.3940	0.4137	-0.0197	1.7864
57.0000	127.0000	Decrease Desire	VegetableThins	4.0000	5.0000	4.0000	2	-1.0000	1.1252	0.6383	-0.2200	0.0000	0.6383	0.2488	-1.0000	0.0305	0.0663	-0.0358	0.2306
57.0000	128.0000	Decrease Desire	DriedHerring	1.0000	1.0000	4.0000	1	-1.0000	1.1257	0.5206	-0.2448	0.0000	0.5206	0.2294	-1.0000	0.0396	0.0449	-0.0053	0.1172
57.0000	129.0000	Decrease Desire	MnMPeanuts	5.0000	5.0000	3.0000	2	-1.0000	1.1092	0.4535	0.4169	0.0000	0.4535	0.1936	-1.0000	0.1224	0.1225	-0.0001	0.3159
57.0000	130.0000	Decrease Desire	Snickers	2.0000	3.0000	1.0000	2	-1.0000	1.1263	0.4538	0.1671	0.0000	0.4538	0.1695	-1.0000	0.0647	0.0772	-0.0124	0.2840
57.0000	131.0000	Respond Naturally	Triscuit	2.0000	2.0000	4.0000	2	-1.0000	0.9573	0.4196	NA	0.0000	0.4196	0.2599	-1.0000	-0.0140	0.0082	-0.0222	0.1083
57.0000	132.0000	Respond Naturally	Beets	5.0000	6.0000	6.0000	5	-1.0000	1.1254	0.3525	0.2502	0.0000	0.3525	0.0961	-1.0000	0.0360	0.0364	-0.0004	0.1143
57.0000	133.0000	Respond Naturally	ProMax	2.0000	2.0000	2.0000	2	-1.0000	1.0583	0.2857	0.0760	0.0000	0.2857	0.1822	-1.0000	0.0831	0.0831	-0.0000	0.1497
57.0000	134.0000	Respond Naturally	Celery	6.0000	5.0000	6.0000	4	-1.0000	1.5290	0.7896	0.2334	0.0000	0.7896	0.1226	-1.0000	0.1269	0.1388	-0.0119	0.2997
57.0000	135.0000	Respond Naturally	CannedArtichoke	5.0000	5.0000	5.0000	2	-1.0000	1.1756	0.7055	0.2958	0.0000	0.7055	0.1284	-1.0000	0.1143	0.1143	-0.0000	0.4659
57.0000	136.0000	Respond Naturally	FrozenPeaches	6.0000	6.0000	6.0000	2	-1.0000	1.1594	0.4032	0.0679	0.0000	0.4032	0.1781	-1.0000	0.0982	0.0998	-0.0016	0.2180
57.0000	137.0000	Respond Naturally	RaisinBran	4.0000	5.0000	5.0000	3	-1.0000	1.1088	0.4533	0.2254	0.0000	0.4533	0.1986	-1.0000	0.0367	0.0549	-0.0182	0.1536
57.0000	138.0000	Respond Naturally	PopTartStrawberry	3.0000	4.0000	1.0000	5	-1.0000	1.0416	0.4535	-0.3333	0.0000	0.4535	0.2404	-1.0000	0.1340	0.1340	-0.0000	0.2543
57.0000	139.0000	Respond Naturally	GreenGrapes	6.0000	5.0000	6.0000	4	1.0000	0.9574	0.5205	-0.0834	0.0000	0.5205	0.1971	1.0000	0.2278	0.2337	-0.0059	0.4167
57.0000	140.0000	Respond Naturally	NatureValleyChocolate	3.0000	3.0000	2.0000	1	-1.0000	0.8737	0.4534	-0.0749	0.0000	0.4534	0.3316	-1.0000	0.0613	0.0673	-0.0060	0.1283
57.0000	141.0000	Decrease Desire	PureFit	2.0000	2.0000	2.0000	2	-1.0000	0.8566	0.4029	0.3337	0.0000	0.4029	0.2102	-1.0000	0.0676	0.0791	-0.0115	0.1589
57.0000	142.0000	Decrease Desire	Almonds	5.0000	5.0000	6.0000	2	-1.0000	0.7560	0.3358	0.5052	0.0000	0.3358	0.1773	-1.0000	0.0545	0.0735	-0.0190	0.1649
57.0000	143.0000	Decrease Desire	Onion	4.0000	4.0000	6.0000	4	-1.0000	1.0081	0.2017	0.0697	0.0000	0.2017	0.2447	-1.0000	0.0566	0.0566	-0.0000	0.1651
57.0000	144.0000	Decrease Desire	ClamJuice	1.0000	1.0000	5.0000	1	-1.0000	1.0245	0.4364	0.1247	0.0000	0.4364	0.1681	-1.0000	0.1101	0.1101	-0.0000	0.1744
57.0000	145.0000	Decrease Desire	MnMPlain	5.0000	5.0000	3.0000	3	-1.0000	0.9405	0.3525	0.2487	0.0000	0.3525	0.1919	-1.0000	0.0512	0.0671	-0.0158	0.1647
57.0000	146.0000	Decrease Desire	FrozenBlueberries	6.0000	6.0000	6.0000	1	-1.0000	1.7804	0.3528	0.2590	0.0000	0.3528	0.1186	-1.0000	0.0345	0.0350	-0.0006	0.1134
57.0000	147.0000	Decrease Desire	FrozenCorn	4.0000	4.0000	5.0000	4	-1.0000	1.0584	0.4369	0.0876	0.0000	0.4369	0.2897	-1.0000	0.0347	0.0443	-0.0096	0.1205
57.0000	148.0000	Decrease Desire	FrozenOkra	4.0000	4.0000	6.0000	2	-1.0000	0.8905	0.3528	0.6370	0.0000	0.3528	0.2357	-1.0000	0.0752	0.0752	-0.0000	0.1828
57.0000	149.0000	Decrease Desire	Mentos	5.0000	6.0000	1.0000	5	-1.0000	4.9224	0.9400	0.0630	5.0000	3.8473	0.4377	1.0000	0.4185	0.4333	-0.0148	1.2517
57.0000	150.0000	Decrease Desire	RitzCrackers	6.0000	5.0000	3.0000	2	-1.0000	1.5788	0.4198	0.0302	0.0000	0.4198	0.2196	-1.0000	0.0446	0.0524	-0.0078	0.0923
57.0000	151.0000	Respond Naturally	Onion	4.0000	4.0000	6.0000	2	-1.0000	1.0077	0.4868	-0.2809	0.0000	0.4868	0.3990	-1.0000	0.1201	0.1201	-0.0000	0.3114
57.0000	152.0000	Respond Naturally	CannedArtichoke	5.0000	5.0000	5.0000	5	-1.0000	1.4446	0.3528	0.1362	0.0000	0.3528	0.1486	-1.0000	-0.0214	0.0151	-0.0366	-0.2597
57.0000	153.0000	Respond Naturally	Broccoli	6.0000	4.0000	6.0000	4	-1.0000	1.1083	0.4028	0.2155	0.0000	0.4028	0.2588	-1.0000	0.0080	0.0240	-0.0160	-0.1213
57.0000	154.0000	Respond Naturally	WelchsFruitSnacks	5.0000	5.0000	4.0000	3	1.0000	1.5789	0.7724	-0.2242	0.0000	0.7724	0.1953	1.0000	0.0995	0.1102	-0.0107	0.2173
57.0000	155.0000	Respond Naturally	Pringles	4.0000	4.0000	3.0000	2	-1.0000	1.0918	0.5878	-0.0000	0.0000	0.5878	0.2367	-1.0000	0.0635	0.0834	-0.0199	0.1632
57.0000	156.0000	Respond Naturally	PCChipCookie	5.0000	6.0000	2.0000	5	1.0000	1.1922	0.4194	-0.0697	1.0000	0.5370	0.2824	-1.0000	0.0683	0.0979	-0.0295	0.3943
57.0000	157.0000	Respond Naturally	Butternut	5.0000	6.0000	6.0000	3	-1.0000	1.6966	0.5880	-0.2389	0.0000	0.5880	0.1259	-1.0000	0.0526	0.0531	-0.0005	0.1715
57.0000	158.0000	Respond Naturally	Smarties	2.0000	1.0000	2.0000	2	-1.0000	1.0584	0.4703	-0.0000	0.0000	0.4703	0.1808	-1.0000	0.0854	0.0854	-0.0000	0.1471
57.0000	159.0000	Respond Naturally	Nutella	4.0000	5.0000	3.0000	4	-1.0000	1.0920	0.4870	0.0487	0.0000	0.4870	0.1916	-1.0000	0.0463	0.0747	-0.0283	-0.1767
57.0000	160.0000	Respond Naturally	HoneyNutCheerios	5.0000	5.0000	3.0000	5	-1.0000	1.1086	0.6045	0.0935	0.0000	0.6045	0.2256	-1.0000	0.0601	0.0690	-0.0089	0.1850
57.0000	161.0000	Respond Naturally	Cauliflower	4.0000	4.0000	5.0000	2	-1.0000	0.9578	0.4537	0.0608	0.0000	0.4537	0.2510	-1.0000	0.0915	0.0915	-0.0000	0.1786
57.0000	162.0000	Respond Naturally	Asparagus	5.0000	5.0000	6.0000	6	-1.0000	0.9077	0.3196	0.1476	0.0000	0.3196	0.1505	-1.0000	0.0813	0.0813	-0.0000	0.1485
57.0000	163.0000	Respond Naturally	RedPepper	6.0000	6.0000	6.0000	2	-1.0000	1.6801	0.4367	0.5075	2.0000	1.0920	0.2280	-1.0000	0.2550	0.2550	-0.0000	0.9491
57.0000	164.0000	Respond Naturally	RomaineLettuce	4.0000	4.0000	6.0000	4	-1.0000	0.8567	0.4704	0.4656	0.0000	0.4704	0.3955	-1.0000	0.0403	0.0408	-0.0005	0.1531
57.0000	165.0000	Respond Naturally	Reese	4.0000	5.0000	2.0000	1	-1.0000	0.9744	0.4535	0.2132	0.0000	0.4535	0.1978	-1.0000	0.1067	0.1070	-0.0003	0.1905
57.0000	166.0000	Respond Naturally	EnglishCucumber	6.0000	5.0000	6.0000	5	-1.0000	0.8395	0.3358	0.2069	0.0000	0.3358	0.1492	-1.0000	0.1259	0.1259	-0.0000	0.2390
57.0000	167.0000	Respond Naturally	DriedApricots	6.0000	6.0000	6.0000	2	-1.0000	0.9412	0.3027	0.1314	0.0000	0.3027	0.2116	-1.0000	0.0480	0.0725	-0.0245	0.1765
57.0000	168.0000	Respond Naturally	Tuna	5.0000	4.0000	5.0000	2	-1.0000	1.0248	0.3863	0.0946	0.0000	0.3863	0.3568	-1.0000	0.0561	0.0865	-0.0304	0.2163
57.0000	169.0000	Respond Naturally	Caramilk	3.0000	3.0000	1.0000	5	-1.0000	0.8731	0.4530	0.2062	0.0000	0.4530	0.3353	-1.0000	0.0429	0.0514	-0.0084	0.1167
57.0000	170.0000	Respond Naturally	VanillaGreekYogurt	6.0000	6.0000	6.0000	4	1.0000	1.4612	0.9067	-0.2982	0.0000	0.9067	0.3053	1.0000	0.2075	0.2104	-0.0030	0.3382
57.0000	171.0000	Decrease Desire	Avocado	6.0000	6.0000	6.0000	5	-1.0000	1.2093	0.8228	0.4158	0.0000	0.8228	0.2445	-1.0000	0.1242	0.1245	-0.0003	0.1784
57.0000	172.0000	Decrease Desire	LaysClassic	5.0000	6.0000	3.0000	3	-1.0000	1.5785	0.7722	0.3747	0.0000	0.7722	0.1896	-1.0000	0.0839	0.0840	-0.0001	0.1311
57.0000	173.0000	Decrease Desire	Mackerel	1.0000	1.0000	5.0000	3	-1.0000	1.2429	0.4530	0.1279	0.0000	0.4530	0.2017	-1.0000	0.0619	0.0638	-0.0020	0.1477
57.0000	174.0000	Decrease Desire	Shreddies	4.0000	4.0000	4.0000	2	-1.0000	0.8060	0.3861	0.1093	0.0000	0.3861	0.2218	-1.0000	0.0824	0.0831	-0.0007	0.2242
57.0000	175.0000	Decrease Desire	Smartfood	6.0000	6.0000	1.0000	4	1.0000	2.1659	0.5536	-0.4101	0.0000	0.5536	0.2336	1.0000	0.0628	0.0647	-0.0018	0.2286
57.0000	176.0000	Decrease Desire	CheeseNips	4.0000	4.0000	1.0000	5	-1.0000	1.1086	0.6044	-0.0000	0.0000	0.6044	0.1740	-1.0000	0.0254	0.0288	-0.0033	0.1083
57.0000	177.0000	Decrease Desire	MnMPeanuts	5.0000	5.0000	3.0000	4	-1.0000	1.2599	0.2856	0.0412	0.0000	0.2856	0.1912	-1.0000	0.0643	0.0643	-0.0000	0.1576
57.0000	178.0000	Decrease Desire	OatBran	4.0000	3.0000	6.0000	4	-1.0000	0.9909	0.5371	0.0750	0.0000	0.5371	0.2508	-1.0000	0.1226	0.1226	-0.0000	0.2010
57.0000	179.0000	Decrease Desire	GreenApple	6.0000	6.0000	6.0000	2	-1.0000	1.4279	0.4198	0.0125	0.0000	0.4198	0.1510	-1.0000	0.0827	0.0842	-0.0015	0.2910
57.0000	180.0000	Decrease Desire	WaterChestnuts	4.0000	5.0000	6.0000	5	-1.0000	1.2597	0.4868	0.3577	0.0000	0.4868	0.1244	-1.0000	0.1160	0.1160	-0.0000	0.1921
57.0000	181.0000	Decrease Desire	TofuDessert	3.0000	2.0000	5.0000	2	-1.0000	1.1589	0.6548	0.0321	0.0000	0.6548	0.3104	-1.0000	0.2034	0.2034	-0.0000	0.4484
57.0000	182.0000	Decrease Desire	Skittles	3.0000	4.0000	1.0000	3	-1.0000	0.9070	0.4029	0.2334	0.0000	0.4029	0.2011	-1.0000	0.0993	0.0993	-0.0000	0.2141
57.0000	183.0000	Decrease Desire	VegetableThins	4.0000	5.0000	4.0000	5	-1.0000	1.7802	1.2257	0.3463	0.0000	1.2257	0.1503	-1.0000	0.1273	0.1276	-0.0003	0.1955
57.0000	184.0000	Decrease Desire	PopTartStrawberry	3.0000	4.0000	1.0000	2	-1.0000	1.0411	0.5200	0.0346	0.0000	0.5200	0.2025	-1.0000	0.1118	0.1120	-0.0002	0.2237
57.0000	185.0000	Decrease Desire	Celery	6.0000	5.0000	6.0000	2	-1.0000	1.1255	0.5541	-0.0000	0.0000	0.5541	0.3322	-1.0000	0.0269	0.0604	-0.0334	-0.1605
57.0000	186.0000	Decrease Desire	Fritos	3.0000	3.0000	4.0000	2	-1.0000	0.9402	0.5202	0.2435	0.0000	0.5202	0.2842	-1.0000	0.0470	0.0470	-0.0000	0.2159
57.0000	187.0000	Decrease Desire	OikosYogurt	6.0000	5.0000	6.0000	3	-1.0000	0.9408	0.4199	0.2589	0.0000	0.4199	0.1624	-1.0000	0.0502	0.0505	-0.0002	0.2052
57.0000	188.0000	Decrease Desire	IceCreamChocolate	6.0000	6.0000	6.0000	4	1.0000	2.9224	1.5278	-0.5524	0.0000	1.5278	0.0811	1.0000	0.1553	0.1553	-0.0000	0.2329
57.0000	189.0000	Decrease Desire	RufflesSourCreamOnion	5.0000	6.0000	3.0000	3	-1.0000	1.2093	0.7555	-0.2822	0.0000	0.7555	0.2565	-1.0000	0.0750	0.0811	-0.0061	0.1524
57.0000	190.0000	Decrease Desire	Tempeh	2.0000	1.0000	4.0000	2	-1.0000	1.0421	0.4870	0.0071	0.0000	0.4870	0.2253	-1.0000	0.0092	0.0347	-0.0255	-0.1162
57.0000	191.0000	Respond Naturally	ClifBar	6.0000	6.0000	5.0000	4	-1.0000	1.1588	0.7556	-0.3903	0.0000	0.7556	0.2615	-1.0000	0.1401	0.1401	-0.0000	0.2347
57.0000	192.0000	Respond Naturally	YorkPeppermintPatties	5.0000	5.0000	2.0000	2	-1.0000	0.9743	0.4198	-0.0000	0.0000	0.4198	0.2097	-1.0000	0.0280	0.0630	-0.0350	-0.1684
57.0000	193.0000	Respond Naturally	AppleChips	5.0000	5.0000	6.0000	2	-1.0000	1.3265	0.8559	0.0814	0.0000	0.8559	0.1615	-1.0000	0.1041	0.1043	-0.0002	0.1959
57.0000	194.0000	Respond Naturally	FrozenPeaches	6.0000	6.0000	6.0000	5	1.0000	1.8480	1.1760	0.1686	0.0000	1.1760	0.2514	1.0000	0.1272	0.1338	-0.0067	0.2577
57.0000	195.0000	Respond Naturally	BabyFoodSweetPotatos	4.0000	5.0000	5.0000	5	-1.0000	0.9913	0.4872	0.0137	0.0000	0.4872	0.2202	-1.0000	0.0689	0.0692	-0.0003	0.1197
57.0000	196.0000	Respond Naturally	ClifBar	5.0000	5.0000	5.0000	2	-1.0000	0.9577	0.4366	0.0762	0.0000	0.4366	0.2363	-1.0000	0.0364	0.0701	-0.0337	0.1480
57.0000	197.0000	Respond Naturally	Caramilk	3.0000	3.0000	2.0000	2	-1.0000	0.9740	0.4534	0.0276	0.0000	0.4534	0.3313	-1.0000	0.0088	0.0505	-0.0417	-0.1848
57.0000	198.0000	Respond Naturally	CheeseNips	4.0000	5.0000	1.0000	2	-1.0000	1.0420	0.5208	0.0614	0.0000	0.5208	0.2141	-1.0000	0.0743	0.0744	-0.0001	0.1216
57.0000	199.0000	Respond Naturally	YorkPeppermintPatties	5.0000	5.0000	2.0000	4	-1.0000	1.3442	0.3696	0.2660	0.0000	0.3696	0.2237	-1.0000	-0.0094	0.0373	-0.0467	-0.1713
57.0000	200.0000	Respond Naturally	OatmealSquares	5.0000	5.0000	5.0000	7	-1.0000	3.3761	0.7389	0.3860	2.0000	2.0492	0.2563	-1.0000	0.1384	0.1459	-0.0075	0.4104
