Subject	Trial	Instruction	Food	Liking	Taste	Health	Amount	Choice	ChoiceRT	FirstDevTimeChoice	InitAngleChoice	NumChangeMindChoice	FinalDevTimeChoice	MaxVelocityChoice	DrxFirstDevChoice	TotalAUCChoice	AUCtoNonChosenChoice	AUCtoChosenChoice	MaxDevChoice
56.0000	1.0000	Respond Naturally	VegetableThins	4.0000	5.0000	2.0000	5	1.0000	1.0247	0.3022	0.9239	0.0000	0.3022	0.3257	1.0000	-0.0629	0.0181	-0.0810	0.3402
56.0000	2.0000	Respond Naturally	SevenGrain	3.0000	4.0000	4.0000	3	-1.0000	1.2766	0.2014	0.0047	3.0000	0.9742	0.5008	1.0000	0.2039	0.2761	-0.0722	1.0969
56.0000	3.0000	Respond Naturally	TofuDessert	5.0000	5.0000	6.0000	4	-1.0000	0.9907	0.2017	0.9564	2.0000	0.5373	0.4226	1.0000	0.2017	0.2735	-0.0718	1.5691
56.0000	4.0000	Respond Naturally	PureFit	2.0000	2.0000	4.0000	2	-1.0000	0.9914	0.2184	-1.2051	0.0000	0.2184	0.4469	-1.0000	0.2510	0.3049	-0.0538	0.9374
56.0000	5.0000	Respond Naturally	MnMPeanuts	6.0000	6.0000	1.0000	4	1.0000	0.8735	0.1682	-0.4772	0.0000	0.1682	0.3603	1.0000	0.5219	0.5219	-0.0000	1.2223
56.0000	6.0000	Respond Naturally	SlimStyles	1.0000	2.0000	3.0000	2	-1.0000	1.0245	0.2017	-0.3727	0.0000	0.2017	0.1884	-1.0000	0.1903	0.2134	-0.0231	0.6550
56.0000	7.0000	Respond Naturally	Asparagus	4.0000	5.0000	5.0000	3	1.0000	0.8399	0.1848	0.2575	0.0000	0.1848	0.2932	1.0000	0.2060	0.2886	-0.0827	0.9135
56.0000	8.0000	Respond Naturally	AllBranBar	3.0000	3.0000	3.0000	3	-1.0000	0.9743	0.3021	0.9300	0.0000	0.3021	0.2478	-1.0000	-0.1778	0.0293	-0.2070	-0.7871
56.0000	9.0000	Respond Naturally	Triscuit	3.0000	3.0000	3.0000	5	1.0000	0.8053	0.1679	0.4167	1.0000	0.3524	0.3689	-1.0000	0.2954	0.2999	-0.0045	0.6663
56.0000	10.0000	Respond Naturally	RaisinBran	4.0000	4.0000	4.0000	3	-1.0000	0.8059	0.1512	0.0232	1.0000	0.3359	0.2371	1.0000	0.3354	0.3359	-0.0005	0.8500
56.0000	11.0000	Focus on Health	SevenGrain	3.0000	3.0000	4.0000	1	-1.0000	1.0079	0.3021	0.1401	1.0000	0.4871	0.3732	1.0000	0.3283	0.3283	-0.0000	1.3993
56.0000	12.0000	Focus on Health	Prunes	2.0000	2.0000	6.0000	2	1.0000	0.9072	0.1512	1.0015	1.0000	0.4369	0.6075	-1.0000	0.3053	0.3233	-0.0180	1.1098
56.0000	13.0000	Focus on Health	Cheerios	5.0000	5.0000	5.0000	2	1.0000	1.0078	0.1511	0.3717	1.0000	0.4199	0.4033	-1.0000	0.6312	0.6312	-0.0000	1.5069
56.0000	14.0000	Focus on Health	Mackerel	1.0000	1.0000	4.0000	3	-1.0000	0.8735	0.3863	-0.5325	0.0000	0.3863	0.2783	-1.0000	0.2326	0.2874	-0.0548	0.6106
56.0000	15.0000	Focus on Health	CoffeeCrisp	3.0000	3.0000	2.0000	3	-1.0000	1.0080	0.3698	-0.4218	1.0000	0.5211	0.3988	1.0000	0.4956	0.4956	-0.0000	1.5625
56.0000	16.0000	Focus on Health	OatBran	2.0000	2.0000	4.0000	2	-1.0000	0.8735	0.1680	-0.4663	0.0000	0.1680	0.1851	-1.0000	0.1027	0.1111	-0.0085	0.2781
56.0000	17.0000	Focus on Health	FrozenBroccoli	5.0000	5.0000	6.0000	6	1.0000	0.7051	0.1680	1.0977	0.0000	0.1680	0.4193	1.0000	0.0220	0.0363	-0.0143	0.2315
56.0000	18.0000	Focus on Health	IceCreamChocolate	6.0000	6.0000	3.0000	1	1.0000	0.9562	0.1509	1.0028	1.0000	0.4530	0.4056	-1.0000	0.2130	0.2402	-0.0272	1.0468
56.0000	19.0000	Focus on Health	RaisinBran	4.0000	3.0000	4.0000	7	1.0000	1.3779	0.2016	0.6651	1.0000	0.5209	0.4260	-1.0000	0.7914	0.7943	-0.0029	1.8587
56.0000	20.0000	Focus on Health	MnMPlain	6.0000	5.0000	3.0000	3	-1.0000	1.3268	0.3692	-0.0449	1.0000	0.5541	0.2339	1.0000	0.4426	0.4567	-0.0141	1.3945
56.0000	21.0000	Focus on Health	Orange	5.0000	6.0000	5.0000	5	1.0000	1.1590	0.2687	-0.3316	1.0000	0.3863	0.3272	-1.0000	0.1012	0.1277	-0.0265	0.8812
56.0000	22.0000	Focus on Health	FrozenCorn	6.0000	6.0000	6.0000	2	1.0000	0.6040	0.1844	0.5102	0.0000	0.1844	0.2002	1.0000	0.0937	0.0941	-0.0004	0.1987
56.0000	23.0000	Focus on Health	BabyFoodCarrots	4.0000	2.0000	5.0000	5	-1.0000	1.2763	0.1681	-0.1615	1.0000	0.6887	0.3460	1.0000	0.6277	0.6277	-0.0000	1.2756
56.0000	24.0000	Focus on Health	LaysClassic	6.0000	5.0000	2.0000	3	-1.0000	1.0924	0.2184	-0.1651	1.0000	0.5040	0.3109	1.0000	0.4908	0.4908	-0.0000	1.1479
56.0000	25.0000	Focus on Health	KashiBars	4.0000	6.0000	4.0000	4	1.0000	1.6454	0.2346	0.5827	2.0000	1.1248	0.3084	1.0000	0.4353	0.4452	-0.0098	1.4886
56.0000	26.0000	Focus on Health	CornFlakes	4.0000	3.0000	3.0000	3	-1.0000	1.0573	0.2348	-0.5344	0.0000	0.2348	0.1902	-1.0000	0.2055	0.2333	-0.0278	0.7530
56.0000	27.0000	Focus on Health	Butternut	4.0000	5.0000	5.0000	3	1.0000	1.0414	0.3361	0.6830	2.0000	0.6889	0.3964	1.0000	0.0304	0.0600	-0.0297	-0.1884
56.0000	28.0000	Focus on Health	CoffeeCrisp	3.0000	3.0000	1.0000	1	-1.0000	1.4780	0.1512	-0.1292	1.0000	0.4028	0.3135	1.0000	0.2027	0.2710	-0.0683	1.3306
56.0000	29.0000	Focus on Health	AllBranCereal	2.0000	2.0000	4.0000	6	-1.0000	0.9577	0.1848	-0.3940	0.0000	0.1848	0.1969	-1.0000	0.3383	0.3403	-0.0019	0.8112
56.0000	30.0000	Focus on Health	BabyFoodCarrots	3.0000	1.0000	5.0000	3	-1.0000	1.1924	0.3524	-0.8226	1.0000	0.5205	0.2157	1.0000	0.4097	0.4109	-0.0013	1.2838
56.0000	31.0000	Respond Naturally	Fritos	5.0000	4.0000	1.0000	2	1.0000	0.7222	0.1848	0.0000	0.0000	0.1848	0.2648	1.0000	0.0849	0.0849	-0.0000	0.1849
56.0000	32.0000	Respond Naturally	RufflesSourCreamOnion	3.0000	4.0000	2.0000	5	-1.0000	1.5110	0.2853	-0.0000	1.0000	0.5206	0.3908	1.0000	0.2243	0.2672	-0.0428	1.2579
56.0000	33.0000	Respond Naturally	Onion	4.0000	2.0000	4.0000	4	-1.0000	0.9226	0.1847	-0.2072	1.0000	0.3187	0.2151	1.0000	0.2240	0.2365	-0.0125	0.6845
56.0000	34.0000	Respond Naturally	Asparagus	4.0000	4.0000	6.0000	6	1.0000	1.1417	0.2184	0.5129	1.0000	0.5041	0.3307	-1.0000	0.3334	0.3335	-0.0001	1.2209
56.0000	35.0000	Respond Naturally	EnglishCucumber	6.0000	2.0000	4.0000	2	1.0000	0.8218	0.3354	-0.0128	0.0000	0.3354	0.2295	1.0000	0.1112	0.1122	-0.0010	0.3028
56.0000	36.0000	Respond Naturally	RedPepper	4.0000	6.0000	4.0000	2	1.0000	0.8057	0.3695	0.4521	0.0000	0.3695	0.2254	1.0000	0.0547	0.0906	-0.0359	0.2665
56.0000	37.0000	Respond Naturally	KashiBars	4.0000	4.0000	4.0000	1	1.0000	1.4776	0.3524	0.5042	1.0000	0.8730	0.2300	-1.0000	0.5612	0.5694	-0.0081	1.3916
56.0000	38.0000	Respond Naturally	NatureValleyChocolate	5.0000	4.0000	2.0000	4	1.0000	1.4948	0.6547	0.5506	0.0000	0.6547	0.1179	1.0000	0.0604	0.0781	-0.0177	0.2761
56.0000	39.0000	Respond Naturally	Strawberries	6.0000	6.0000	5.0000	2	1.0000	0.8059	0.1848	0.7409	1.0000	0.3696	0.3494	-1.0000	0.0255	0.0260	-0.0005	0.0509
56.0000	40.0000	Respond Naturally	Nutella	6.0000	6.0000	1.0000	4	1.0000	0.9406	0.4202	0.8955	0.0000	0.4202	0.2364	1.0000	0.0286	0.0408	-0.0122	0.2229
56.0000	41.0000	Respond Naturally	TofuDessert	5.0000	5.0000	5.0000	2	-1.0000	0.9744	0.2352	-0.8224	0.0000	0.2352	0.2532	-1.0000	0.1321	0.1321	-0.0000	0.3010
56.0000	42.0000	Respond Naturally	IceCreamChocolate	6.0000	6.0000	1.0000	4	1.0000	0.7392	0.1679	0.8535	1.0000	0.3527	0.4052	-1.0000	0.0142	0.0279	-0.0136	0.1797
56.0000	43.0000	Respond Naturally	Mentos	6.0000	5.0000	2.0000	2	1.0000	1.1922	0.1681	0.5025	1.0000	0.7894	0.6128	-1.0000	0.4357	0.4357	-0.0000	1.5525
56.0000	44.0000	Respond Naturally	Reese	6.0000	6.0000	1.0000	4	-1.0000	1.5116	0.1513	-0.3377	2.0000	0.6550	0.2565	-1.0000	0.6313	0.6313	-0.0000	1.5888
56.0000	45.0000	Respond Naturally	OikosYogurt	2.0000	2.0000	4.0000	3	-1.0000	1.4444	0.2015	-0.5858	2.0000	0.6719	0.2300	-1.0000	0.4110	0.4376	-0.0266	1.4105
56.0000	46.0000	Respond Naturally	Spinach	5.0000	4.0000	4.0000	2	1.0000	0.8062	0.1511	0.7771	1.0000	0.3862	0.2773	-1.0000	0.0742	0.0753	-0.0010	0.2632
56.0000	47.0000	Respond Naturally	SkimMilk	1.0000	2.0000	3.0000	1	-1.0000	0.8738	0.2690	-0.3977	1.0000	0.4202	0.2334	1.0000	0.2487	0.2487	-0.0000	0.7977
56.0000	48.0000	Respond Naturally	ClamJuice	1.0000	1.0000	1.0000	3	-1.0000	0.8904	0.2185	-0.5929	0.0000	0.2185	0.1966	-1.0000	0.1115	0.1263	-0.0148	0.3546
56.0000	49.0000	Respond Naturally	SunChips	6.0000	6.0000	1.0000	4	1.0000	1.2261	0.3862	0.8439	0.0000	0.3862	0.2213	1.0000	0.0534	0.0583	-0.0049	0.4675
56.0000	50.0000	Respond Naturally	Tempeh	4.0000	2.0000	4.0000	4	-1.0000	0.9071	0.2016	-0.6758	0.0000	0.2016	0.2190	-1.0000	0.2325	0.2880	-0.0555	0.9938
56.0000	51.0000	Focus on Health	SlicedTurkey	1.0000	2.0000	3.0000	5	-1.0000	1.0582	0.1509	-0.7196	0.0000	0.1509	0.2054	-1.0000	0.1323	0.1595	-0.0272	0.5795
56.0000	52.0000	Focus on Health	OatmealSquares	2.0000	3.0000	5.0000	7	-1.0000	1.4948	0.1678	-0.9036	2.0000	0.7387	0.3743	-1.0000	0.6704	0.6977	-0.0273	1.7582
56.0000	53.0000	Focus on Health	WaterChestnuts	2.0000	2.0000	4.0000	3	-1.0000	0.9740	0.3191	-0.3477	1.0000	0.4533	0.2744	1.0000	0.4936	0.4937	-0.0000	0.9800
56.0000	54.0000	Focus on Health	Smartfood	6.0000	5.0000	1.0000	2	1.0000	0.8400	0.2185	0.6375	1.0000	0.3529	0.2749	-1.0000	0.0570	0.0570	-0.0000	0.2670
56.0000	55.0000	Focus on Health	BabyFoodSweetPotatos	2.0000	1.0000	5.0000	5	-1.0000	1.2429	0.1845	-0.7205	2.0000	0.8229	0.2636	-1.0000	0.3342	0.3358	-0.0016	1.0632
56.0000	56.0000	Focus on Health	GreenGrapes	6.0000	6.0000	5.0000	4	1.0000	0.9237	0.2351	0.7469	1.0000	0.3527	0.3443	-1.0000	0.0540	0.0601	-0.0062	0.2238
56.0000	57.0000	Focus on Health	Fritos	6.0000	6.0000	1.0000	5	-1.0000	1.0074	0.2014	-1.1564	2.0000	0.6045	0.4111	-1.0000	0.4882	0.4884	-0.0002	1.1765
56.0000	58.0000	Focus on Health	OatmealSquares	3.0000	2.0000	3.0000	3	1.0000	0.8898	0.1510	0.8405	1.0000	0.4364	0.3353	-1.0000	0.0456	0.0808	-0.0353	0.4306
56.0000	59.0000	Focus on Health	BrusselsSprouts	5.0000	5.0000	6.0000	4	1.0000	0.7554	0.3526	0.6265	0.0000	0.3526	0.2518	1.0000	0.0989	0.0989	-0.0000	0.3202
56.0000	60.0000	Focus on Health	Mars	6.0000	6.0000	1.0000	2	-1.0000	0.8226	0.2015	-0.2760	0.0000	0.2015	0.1707	-1.0000	0.2089	0.2095	-0.0006	0.6436
56.0000	61.0000	Focus on Health	GreenPepper	6.0000	5.0000	5.0000	2	1.0000	0.8230	0.1512	0.2140	0.0000	0.1512	0.1640	1.0000	0.0578	0.0612	-0.0034	0.2434
56.0000	62.0000	Focus on Health	FrozenPeaches	6.0000	6.0000	6.0000	5	1.0000	0.7394	0.1681	0.1808	0.0000	0.1681	0.2370	1.0000	0.1224	0.1224	-0.0000	0.3171
56.0000	63.0000	Focus on Health	WelchsFruitSnacks	6.0000	6.0000	3.0000	3	-1.0000	1.0081	0.2018	-1.0534	1.0000	0.4369	0.3505	1.0000	0.5080	0.5129	-0.0049	1.2180
56.0000	64.0000	Focus on Health	SpeltCakes	6.0000	4.0000	2.0000	5	1.0000	0.9234	0.1678	0.5736	1.0000	0.4028	0.4922	-1.0000	0.0598	0.1245	-0.0647	0.4744
56.0000	65.0000	Focus on Health	IceCreamVanilla	5.0000	6.0000	2.0000	1	-1.0000	0.7224	0.1512	-0.9316	0.0000	0.1512	0.1410	-1.0000	0.0903	0.0903	-0.0000	0.3122
56.0000	66.0000	Focus on Health	DriedHerring	1.0000	1.0000	4.0000	3	-1.0000	1.1420	0.1847	-0.5443	0.0000	0.1847	0.1750	-1.0000	0.1795	0.1988	-0.0193	0.5348
56.0000	67.0000	Focus on Health	Reese	6.0000	6.0000	1.0000	1	1.0000	1.5961	0.3022	-0.0193	0.0000	0.3022	0.3516	1.0000	0.0110	0.0163	-0.0053	0.0776
56.0000	68.0000	Focus on Health	DriedApricots	6.0000	6.0000	4.0000	2	1.0000	1.2600	0.1680	0.8284	1.0000	0.6889	0.3792	-1.0000	0.4132	0.4140	-0.0008	1.2869
56.0000	69.0000	Focus on Health	Cheetos	6.0000	6.0000	1.0000	6	-1.0000	0.9910	0.2687	-0.2418	1.0000	0.4535	0.2845	1.0000	0.4624	0.4624	-0.0000	1.2292
56.0000	70.0000	Focus on Health	DriedHerring	1.0000	1.0000	4.0000	1	-1.0000	1.0918	0.2517	-0.1554	1.0000	0.4030	0.2719	1.0000	0.2052	0.2053	-0.0001	0.8476
56.0000	71.0000	Respond Naturally	SlicedTurkey	1.0000	2.0000	4.0000	2	-1.0000	0.9914	0.2014	0.0094	1.0000	0.4704	0.3217	1.0000	0.5183	0.5235	-0.0052	1.4931
56.0000	72.0000	Respond Naturally	Mackerel	1.0000	6.0000	4.0000	1	-1.0000	0.8395	0.4363	-0.5536	0.0000	0.4363	0.1978	-1.0000	0.1569	0.1569	-0.0000	0.3530
56.0000	73.0000	Respond Naturally	Almonds	6.0000	6.0000	2.0000	4	1.0000	1.0580	0.1512	0.6971	2.0000	0.6217	0.3669	1.0000	0.2372	0.2373	-0.0001	1.2300
56.0000	74.0000	Respond Naturally	BBQCrisps	5.0000	6.0000	1.0000	2	1.0000	0.8231	0.2351	-0.1543	0.0000	0.2351	0.2406	1.0000	-0.0391	0.0986	-0.1377	0.4570
56.0000	75.0000	Respond Naturally	Pringles	6.0000	6.0000	1.0000	5	1.0000	0.9067	0.3694	0.4468	0.0000	0.3694	0.2848	1.0000	-0.0479	0.0368	-0.0847	-0.3289
56.0000	76.0000	Respond Naturally	Twizzlers	6.0000	5.0000	1.0000	2	1.0000	1.4771	0.2854	0.4982	1.0000	0.4535	0.2890	-1.0000	0.0797	0.1001	-0.0204	0.8077
56.0000	77.0000	Respond Naturally	Aero	4.0000	3.0000	2.0000	3	-1.0000	1.0750	0.3526	-0.4597	1.0000	0.5374	0.3874	1.0000	0.2986	0.2986	-0.0000	1.3432
56.0000	78.0000	Respond Naturally	Cauliflower	2.0000	3.0000	5.0000	2	1.0000	1.2588	0.4530	0.6467	2.0000	0.7384	0.5564	1.0000	0.3098	0.3098	-0.0000	1.4818
56.0000	79.0000	Respond Naturally	RiceKrispiesCereal	6.0000	6.0000	2.0000	7	-1.0000	0.9740	0.5541	-0.0749	0.0000	0.5541	0.2091	-1.0000	0.1841	0.1934	-0.0093	0.6611
56.0000	80.0000	Respond Naturally	FrozenPeas	5.0000	6.0000	6.0000	6	1.0000	0.8392	0.3192	0.0850	0.0000	0.3192	0.4096	1.0000	0.0025	0.0711	-0.0686	-0.3471
56.0000	81.0000	Focus on Health	BrusselsSprouts	5.0000	5.0000	4.0000	2	1.0000	1.0916	0.2181	-0.1720	1.0000	0.3860	0.3752	-1.0000	0.1242	0.1383	-0.0141	0.4638
56.0000	82.0000	Focus on Health	Doritos	6.0000	6.0000	1.0000	2	-1.0000	1.0578	0.2011	-0.5384	2.0000	0.5034	0.3159	-1.0000	0.3626	0.3735	-0.0109	1.3872
56.0000	83.0000	Focus on Health	Snickers	6.0000	6.0000	1.0000	2	-1.0000	0.9409	0.2017	-0.1743	1.0000	0.4872	0.3217	1.0000	0.3444	0.3444	-0.0000	1.1578
56.0000	84.0000	Focus on Health	Nutella	6.0000	6.0000	1.0000	1	1.0000	0.8228	0.3525	0.1178	0.0000	0.3525	0.2470	1.0000	0.1410	0.1624	-0.0214	0.4430
56.0000	85.0000	Focus on Health	SlimStyles	1.0000	2.0000	1.0000	6	-1.0000	0.7221	0.2184	-0.0186	0.0000	0.2184	0.2682	-1.0000	0.1235	0.1236	-0.0001	0.3777
56.0000	86.0000	Focus on Health	GreenApple	6.0000	6.0000	6.0000	2	1.0000	0.8396	0.2853	0.0406	0.0000	0.2853	0.3256	1.0000	0.0396	0.1027	-0.0631	0.4085
56.0000	87.0000	Focus on Health	Raspberries	6.0000	6.0000	5.0000	4	1.0000	0.9238	0.1681	0.1074	1.0000	0.3193	0.3429	-1.0000	0.1009	0.1323	-0.0314	0.3451
56.0000	88.0000	Focus on Health	FrootLoops	6.0000	5.0000	1.0000	2	-1.0000	0.9911	0.2183	-0.0741	2.0000	0.5712	0.3167	-1.0000	0.4500	0.4500	-0.0000	1.2326
56.0000	89.0000	Focus on Health	Pringles	6.0000	5.0000	3.0000	2	-1.0000	1.5444	0.3862	-0.0890	1.0000	0.5205	0.3302	1.0000	0.6230	0.6230	-0.0000	1.5941
56.0000	90.0000	Focus on Health	Cauliflower	3.0000	5.0000	6.0000	6	1.0000	1.1084	0.4368	-0.0488	0.0000	0.4368	0.1722	1.0000	0.1479	0.1581	-0.0102	0.3908
56.0000	91.0000	Respond Naturally	MangoChunks	6.0000	6.0000	5.0000	5	1.0000	0.6884	0.1510	0.0881	0.0000	0.1510	0.1619	1.0000	0.0609	0.0963	-0.0354	0.3681
56.0000	92.0000	Respond Naturally	Prunes	2.0000	2.0000	5.0000	5	-1.0000	0.9238	0.1848	-0.2916	2.0000	0.5211	0.3138	-1.0000	0.4836	0.4839	-0.0004	1.3069
56.0000	93.0000	Respond Naturally	Cheetos	6.0000	6.0000	2.0000	3	1.0000	0.7898	0.4033	0.1359	0.0000	0.4033	0.3440	1.0000	0.1278	0.1297	-0.0019	0.3389
56.0000	94.0000	Respond Naturally	FrozenBroccoli	5.0000	5.0000	5.0000	2	1.0000	0.7561	0.3361	0.1910	0.0000	0.3361	0.3329	1.0000	0.0241	0.1064	-0.0823	0.4327
56.0000	95.0000	Respond Naturally	Shreddies	2.0000	3.0000	3.0000	5	-1.0000	0.7561	0.2015	-0.4763	0.0000	0.2015	0.2017	-1.0000	0.1787	0.1787	-0.0000	0.6002
56.0000	96.0000	Respond Naturally	Twizzlers	6.0000	6.0000	1.0000	4	1.0000	0.6718	0.3023	0.2284	0.0000	0.3023	0.3455	1.0000	0.0921	0.0965	-0.0044	0.3063
56.0000	97.0000	Respond Naturally	SunChips	6.0000	6.0000	1.0000	2	1.0000	0.8229	0.1679	0.1571	1.0000	0.4030	0.4863	-1.0000	0.2111	0.2233	-0.0122	0.8083
56.0000	98.0000	Respond Naturally	FrozenOkra	6.0000	6.0000	6.0000	5	1.0000	1.2435	0.2017	0.3621	1.0000	0.7394	0.2731	-1.0000	0.6459	0.6459	-0.0000	1.6801
56.0000	99.0000	Respond Naturally	Broccoli	6.0000	6.0000	6.0000	4	1.0000	0.7722	0.3522	0.3009	0.0000	0.3522	0.2749	1.0000	0.0264	0.0962	-0.0697	0.3298
56.0000	100.0000	Respond Naturally	PopTartStrawberry	6.0000	5.0000	1.0000	2	1.0000	1.4617	0.4034	0.4361	1.0000	0.6218	0.3596	-1.0000	0.7710	0.7710	-0.0000	1.7117
56.0000	101.0000	Respond Naturally	AllBranBar	3.0000	4.0000	2.0000	1	-1.0000	1.1590	0.1847	0.0752	1.0000	0.3696	0.3404	1.0000	0.2700	0.2701	-0.0002	1.3719
56.0000	102.0000	Respond Naturally	SpeltCakes	6.0000	5.0000	4.0000	2	1.0000	1.1422	0.1849	0.2470	1.0000	0.6218	0.3075	-1.0000	0.2837	0.2837	-0.0000	1.0851
56.0000	103.0000	Respond Naturally	Starburst	6.0000	6.0000	1.0000	6	1.0000	0.8558	0.2014	0.0000	0.0000	0.2014	0.1579	1.0000	0.0408	0.0469	-0.0061	0.2168
56.0000	104.0000	Respond Naturally	FrozenPeaches	6.0000	5.0000	5.0000	2	1.0000	0.6384	0.2857	0.6761	0.0000	0.2857	0.1397	1.0000	0.0437	0.0443	-0.0006	0.1816
56.0000	105.0000	Respond Naturally	Tuna	5.0000	5.0000	4.0000	2	1.0000	0.8065	0.2351	0.0733	0.0000	0.2351	0.2356	1.0000	0.0951	0.0975	-0.0024	0.2656
56.0000	106.0000	Respond Naturally	AppleChips	6.0000	6.0000	4.0000	5	1.0000	0.9904	0.2016	0.1632	1.0000	0.4701	0.2770	-1.0000	0.2615	0.2857	-0.0242	0.9544
56.0000	107.0000	Respond Naturally	Cheerios	5.0000	5.0000	5.0000	5	-1.0000	1.7457	0.3695	-0.0115	2.0000	0.9237	0.5038	-1.0000	0.5192	0.5192	-0.0000	1.4538
56.0000	108.0000	Respond Naturally	Strawberries	6.0000	6.0000	5.0000	3	1.0000	0.8396	0.1847	0.0730	0.0000	0.1847	0.2142	1.0000	0.1215	0.1521	-0.0306	0.4717
56.0000	109.0000	Respond Naturally	FrootLoops	6.0000	6.0000	1.0000	6	1.0000	1.0246	0.2182	0.2823	1.0000	0.6214	0.3754	-1.0000	0.5216	0.5216	-0.0000	1.4921
56.0000	110.0000	Respond Naturally	Orange	6.0000	5.0000	6.0000	1	1.0000	0.9909	0.1845	0.2412	1.0000	0.4869	0.3480	-1.0000	0.2584	0.2928	-0.0344	1.0107
56.0000	111.0000	Focus on Health	VanillaGreekYogurt	3.0000	2.0000	4.0000	2	-1.0000	0.9575	0.3864	-0.3100	0.0000	0.3864	0.2441	-1.0000	0.3928	0.3936	-0.0007	0.8198
56.0000	112.0000	Focus on Health	Snickers	6.0000	6.0000	1.0000	3	-1.0000	1.2088	0.1680	-0.2893	2.0000	0.6042	0.3491	-1.0000	0.5824	0.5824	-0.0000	1.6421
56.0000	113.0000	Focus on Health	AlmondMilk	6.0000	5.0000	4.0000	4	1.0000	1.0749	0.1680	0.7000	1.0000	0.6386	0.3778	-1.0000	0.5669	0.5669	-0.0000	1.6385
56.0000	114.0000	Focus on Health	Caramilk	6.0000	5.0000	3.0000	2	1.0000	1.2098	0.1512	0.3331	1.0000	0.6384	0.2690	-1.0000	0.3808	0.4162	-0.0354	1.3680
56.0000	115.0000	Focus on Health	BBQCrisps	6.0000	6.0000	1.0000	6	-1.0000	0.8733	0.1509	-0.4270	0.0000	0.1509	0.3478	-1.0000	0.2338	0.2397	-0.0059	0.7802
56.0000	116.0000	Focus on Health	CheeseNips	4.0000	5.0000	2.0000	2	1.0000	0.7558	0.1512	0.1203	1.0000	0.2688	0.3578	-1.0000	0.1037	0.1568	-0.0531	0.5129
56.0000	117.0000	Focus on Health	MnMPeanuts	6.0000	5.0000	1.0000	2	1.0000	0.8233	0.2353	0.2615	0.0000	0.2353	0.2612	1.0000	0.1504	0.1504	-0.0000	0.4467
56.0000	118.0000	Focus on Health	ClifBar	6.0000	6.0000	4.0000	2	1.0000	1.2600	0.3190	0.2803	1.0000	0.7224	0.3469	-1.0000	0.4883	0.4883	-0.0000	1.5070
56.0000	119.0000	Focus on Health	Shreddies	3.0000	2.0000	2.0000	2	-1.0000	1.0248	0.2351	-0.1530	1.0000	0.3528	0.2584	1.0000	0.0929	0.1324	-0.0395	0.4550
56.0000	120.0000	Focus on Health	Butternut	5.0000	6.0000	6.0000	7	1.0000	1.0413	0.1512	0.2712	2.0000	0.5040	0.2465	-1.0000	0.1194	0.1555	-0.0362	0.5482
56.0000	121.0000	Focus on Health	SkimMilk	1.0000	1.0000	4.0000	4	-1.0000	1.1088	0.2014	-0.0858	1.0000	0.3694	0.3673	1.0000	0.6649	0.6649	-0.0000	1.5095
56.0000	122.0000	Focus on Health	RiceKrispiesCereal	4.0000	3.0000	3.0000	3	1.0000	1.0070	0.1677	0.2956	1.0000	0.3519	0.2695	-1.0000	0.1241	0.1430	-0.0189	0.4138
56.0000	123.0000	Focus on Health	Almonds	6.0000	4.0000	4.0000	2	1.0000	1.5785	0.2521	-0.1637	2.0000	1.0249	0.4038	1.0000	0.6656	0.6993	-0.0337	1.6274
56.0000	124.0000	Focus on Health	CannedArtichoke	1.0000	1.0000	1.0000	5	-1.0000	2.3689	0.1849	-0.2142	2.0000	1.1932	0.4151	-1.0000	0.7337	0.7338	-0.0000	1.5977
56.0000	125.0000	Focus on Health	CornFlakes	5.0000	3.0000	4.0000	6	-1.0000	1.0071	0.3018	0.0569	1.0000	0.4866	0.1500	1.0000	0.1473	0.1551	-0.0078	0.4235
56.0000	126.0000	Focus on Health	Tempeh	4.0000	2.0000	4.0000	2	-1.0000	0.9739	0.1681	-0.8603	2.0000	0.5714	0.2594	-1.0000	0.4475	0.4475	-0.0000	0.9596
56.0000	127.0000	Focus on Health	PopTartStrawberry	6.0000	5.0000	1.0000	5	-1.0000	0.9399	0.1848	0.0024	1.0000	0.4536	0.1697	1.0000	0.2966	0.2966	-0.0000	0.5954
56.0000	128.0000	Focus on Health	Bananas	5.0000	6.0000	5.0000	2	1.0000	0.8393	0.2353	0.2424	0.0000	0.2353	0.1890	1.0000	0.2031	0.2032	-0.0000	0.5102
56.0000	129.0000	Focus on Health	ProMax	5.0000	4.0000	3.0000	2	1.0000	0.9232	0.1675	0.6426	1.0000	0.3690	0.2168	-1.0000	0.1108	0.1281	-0.0173	0.6165
56.0000	130.0000	Focus on Health	OatBran	2.0000	4.0000	4.0000	4	-1.0000	0.8567	0.1512	-0.6308	0.0000	0.1512	0.1746	-1.0000	0.1596	0.1696	-0.0101	0.6081
56.0000	131.0000	Respond Naturally	OikosYogurt	2.0000	2.0000	3.0000	6	-1.0000	0.9743	0.2352	-0.2858	1.0000	0.4033	0.3333	1.0000	0.5898	0.5898	-0.0000	1.2854
56.0000	132.0000	Respond Naturally	RedPepper	6.0000	5.0000	5.0000	5	1.0000	0.7560	0.1849	0.5443	1.0000	0.3697	0.2243	-1.0000	0.0958	0.0986	-0.0028	0.3957
56.0000	133.0000	Respond Naturally	Smarties	6.0000	3.0000	2.0000	2	-1.0000	0.9573	0.1679	-0.4745	2.0000	0.5539	0.3136	-1.0000	0.6181	0.6181	-0.0000	1.3821
56.0000	134.0000	Respond Naturally	NatureValleyChocolate	4.0000	4.0000	2.0000	1	1.0000	0.8570	0.1680	-0.0083	0.0000	0.1680	0.1543	1.0000	0.2449	0.2449	-0.0000	0.4855
56.0000	135.0000	Respond Naturally	SkittlesSour	5.0000	4.0000	3.0000	3	1.0000	1.1079	0.1511	0.4129	1.0000	0.6712	0.6106	-1.0000	0.6610	0.6615	-0.0005	1.5411
56.0000	136.0000	Respond Naturally	MnMPlain	6.0000	6.0000	1.0000	5	1.0000	1.3599	0.2014	0.2975	1.0000	0.4029	0.1656	-1.0000	0.1108	0.1234	-0.0126	0.4309
56.0000	137.0000	Respond Naturally	Mentos	6.0000	5.0000	2.0000	5	1.0000	1.8301	0.3689	0.2524	3.0000	1.4270	0.3121	-1.0000	0.1995	0.2068	-0.0073	1.3201
56.0000	138.0000	Respond Naturally	WelchsFruitSnacks	6.0000	6.0000	2.0000	1	1.0000	1.0582	0.2185	-0.0017	2.0000	0.5545	0.4819	1.0000	0.3655	0.4033	-0.0378	1.3235
56.0000	139.0000	Respond Naturally	YorkPeppermintPatties	6.0000	6.0000	2.0000	2	-1.0000	1.0241	0.2185	-0.3121	3.0000	0.6551	0.2588	1.0000	0.3203	0.3203	-0.0000	0.6379
56.0000	140.0000	Respond Naturally	RitzCrackers	6.0000	4.0000	3.0000	2	1.0000	0.8726	0.1678	0.4579	1.0000	0.3356	0.2919	-1.0000	0.1062	0.1599	-0.0538	0.6281
56.0000	141.0000	Respond Naturally	RomaineLettuce	5.0000	3.0000	5.0000	2	1.0000	0.8740	0.2187	0.0655	0.0000	0.2187	0.2609	1.0000	0.1236	0.1237	-0.0001	0.3818
56.0000	142.0000	Respond Naturally	AlmondMilk	6.0000	6.0000	4.0000	2	1.0000	0.9240	0.1681	0.6272	1.0000	0.5716	0.2842	-1.0000	0.2350	0.2350	-0.0000	0.9052
56.0000	143.0000	Respond Naturally	PureFit	4.0000	3.0000	4.0000	4	-1.0000	1.1588	0.2520	-0.0141	1.0000	0.4200	0.1969	1.0000	0.0959	0.1303	-0.0344	0.5003
56.0000	144.0000	Respond Naturally	ClamJuice	1.0000	1.0000	4.0000	1	-1.0000	0.8060	0.3691	-0.3162	0.0000	0.3691	0.1478	-1.0000	0.1396	0.1453	-0.0057	0.3527
56.0000	145.0000	Respond Naturally	WaterChestnuts	2.0000	2.0000	4.0000	5	-1.0000	1.0578	0.2349	-0.6777	1.0000	0.4866	0.2298	1.0000	0.3074	0.3269	-0.0195	0.9450
56.0000	146.0000	Respond Naturally	Celery	6.0000	5.0000	5.0000	4	1.0000	0.7559	0.3022	0.2827	0.0000	0.3022	0.1818	1.0000	0.1335	0.1503	-0.0168	0.4026
56.0000	147.0000	Respond Naturally	Skittles	6.0000	6.0000	1.0000	6	-1.0000	0.8398	0.3525	0.0095	0.0000	0.3525	0.1795	-1.0000	0.0013	0.0222	-0.0209	0.1249
56.0000	148.0000	Respond Naturally	PCChipCookie	2.0000	4.0000	1.0000	5	-1.0000	1.2937	0.5546	-0.5260	0.0000	0.5546	0.2257	-1.0000	0.1682	0.2160	-0.0478	0.6965
56.0000	149.0000	Respond Naturally	SkittlesSour	4.0000	4.0000	1.0000	6	-1.0000	0.9575	0.2184	-0.1241	1.0000	0.5712	0.2880	1.0000	0.3573	0.3573	-0.0000	1.0603
56.0000	150.0000	Respond Naturally	GreenGrapes	3.0000	5.0000	4.0000	1	1.0000	0.7391	0.1848	0.0834	0.0000	0.1848	0.2324	1.0000	0.0755	0.0755	-0.0000	0.1409
56.0000	151.0000	Focus on Health	Raspberries	6.0000	6.0000	5.0000	5	1.0000	1.0751	0.4537	0.8439	1.0000	0.7057	0.3396	-1.0000	0.5458	0.5479	-0.0021	1.4679
56.0000	152.0000	Focus on Health	EnglishCucumber	6.0000	5.0000	5.0000	5	1.0000	0.6721	0.2857	0.3255	0.0000	0.2857	0.1909	1.0000	0.1179	0.1234	-0.0055	0.3341
56.0000	153.0000	Focus on Health	Caramilk	6.0000	6.0000	2.0000	5	-1.0000	1.1593	0.2014	-0.0472	1.0000	0.5542	0.2780	1.0000	0.5728	0.5728	-0.0000	1.4701
56.0000	154.0000	Focus on Health	Starburst	6.0000	6.0000	3.0000	3	1.0000	0.9577	0.4033	0.4518	1.0000	0.5209	0.3142	-1.0000	0.1311	0.1496	-0.0185	0.5877
56.0000	155.0000	Focus on Health	MangoChunks	6.0000	6.0000	4.0000	2	1.0000	0.8233	0.1513	0.6211	1.0000	0.3025	0.2795	-1.0000	0.0381	0.1159	-0.0777	0.4780
56.0000	156.0000	Focus on Health	Beets	4.0000	3.0000	5.0000	2	-1.0000	0.9911	0.3192	-0.6029	1.0000	0.4707	0.2923	1.0000	0.4309	0.4309	-0.0000	0.9943
56.0000	157.0000	Focus on Health	AllBranCereal	1.0000	3.0000	3.0000	2	1.0000	1.1086	0.2016	0.3507	2.0000	0.5211	0.1866	1.0000	0.1072	0.1533	-0.0461	0.5757
56.0000	158.0000	Focus on Health	VegetableThins	4.0000	4.0000	2.0000	2	-1.0000	2.1166	0.2352	-0.7295	3.0000	0.7394	0.2163	1.0000	0.5226	0.5377	-0.0151	1.3150
56.0000	159.0000	Focus on Health	Avocado	6.0000	6.0000	6.0000	5	1.0000	0.7225	0.2015	0.1227	0.0000	0.2015	0.1422	1.0000	0.2346	0.2346	-0.0000	0.5312
56.0000	160.0000	Focus on Health	Beets	4.0000	5.0000	6.0000	5	-1.0000	1.0584	0.2183	-0.2395	1.0000	0.4538	0.3197	1.0000	0.2232	0.2439	-0.0207	0.8800
56.0000	161.0000	Focus on Health	Broccoli	5.0000	4.0000	4.0000	1	1.0000	0.7728	0.1681	0.2764	0.0000	0.1681	0.1789	1.0000	0.0868	0.0878	-0.0010	0.2140
56.0000	162.0000	Focus on Health	ProMax	5.0000	5.0000	3.0000	4	-1.0000	1.1257	0.2352	-0.0580	1.0000	0.5041	0.3285	1.0000	0.4135	0.4135	-0.0000	1.0030
56.0000	163.0000	Focus on Health	GreenApple	4.0000	6.0000	6.0000	4	1.0000	0.6888	0.1847	-0.5333	0.0000	0.1847	0.3149	1.0000	-0.0878	0.0000	-0.0878	-0.2061
56.0000	164.0000	Focus on Health	HoneyNutCheerios	6.0000	6.0000	3.0000	2	1.0000	0.7384	0.2682	0.4186	0.0000	0.2682	0.2373	1.0000	0.1253	0.1263	-0.0010	0.3511
56.0000	165.0000	Focus on Health	RitzCrackers	6.0000	6.0000	2.0000	5	-1.0000	1.0916	0.3364	-0.2208	0.0000	0.3364	0.1474	-1.0000	0.1494	0.1692	-0.0198	0.5565
56.0000	166.0000	Focus on Health	GreenBeans	5.0000	5.0000	5.0000	4	1.0000	0.7560	0.2184	0.1535	0.0000	0.2184	0.2614	1.0000	-0.0290	0.0611	-0.0901	0.2667
56.0000	167.0000	Focus on Health	Smarties	4.0000	3.0000	1.0000	5	-1.0000	0.8227	0.2347	-0.6459	0.0000	0.2347	0.1831	-1.0000	0.1627	0.1634	-0.0007	0.4125
56.0000	168.0000	Focus on Health	VanillaGreekYogurt	3.0000	2.0000	2.0000	4	-1.0000	1.2261	0.2181	-0.5985	1.0000	0.3861	0.2379	1.0000	0.0883	0.0976	-0.0092	0.4538
56.0000	169.0000	Focus on Health	Avocado	6.0000	5.0000	4.0000	2	1.0000	0.9238	0.1677	-0.2754	0.0000	0.1677	0.2717	1.0000	0.0761	0.1992	-0.1231	0.7113
56.0000	170.0000	Focus on Health	DriedApricots	6.0000	6.0000	4.0000	5	1.0000	0.8906	0.3697	-0.4423	0.0000	0.3697	0.2581	1.0000	0.2044	0.2263	-0.0219	0.6150
56.0000	171.0000	Respond Naturally	AppleChips	5.0000	5.0000	4.0000	2	1.0000	0.8401	0.2016	0.4888	0.0000	0.2016	0.1354	1.0000	-0.0245	0.0296	-0.0541	-0.2113
56.0000	172.0000	Respond Naturally	Triscuit	3.0000	2.0000	3.0000	2	1.0000	0.7226	0.2520	0.3653	0.0000	0.2520	0.1923	1.0000	0.0595	0.0779	-0.0185	0.2207
56.0000	173.0000	Respond Naturally	Skittles	6.0000	6.0000	2.0000	3	1.0000	0.8737	0.1680	0.0924	0.0000	0.1680	0.1940	1.0000	0.0405	0.0543	-0.0138	0.1968
56.0000	174.0000	Respond Naturally	Tuna	5.0000	5.0000	5.0000	4	-1.0000	1.0914	0.1680	0.6207	1.0000	0.3193	0.2022	1.0000	0.0516	0.1138	-0.0622	0.4314
56.0000	175.0000	Respond Naturally	Onion	4.0000	2.0000	4.0000	2	-1.0000	0.9235	0.1847	0.0539	1.0000	0.4199	0.2201	1.0000	0.2520	0.2579	-0.0059	0.9618
56.0000	176.0000	Respond Naturally	Doritos	6.0000	6.0000	1.0000	5	1.0000	0.7727	0.1512	-0.5328	0.0000	0.1512	0.2651	1.0000	0.0814	0.0834	-0.0021	0.2467
56.0000	177.0000	Respond Naturally	Spinach	4.0000	3.0000	4.0000	4	1.0000	0.7057	0.1513	-1.2355	0.0000	0.1513	0.2247	1.0000	-0.0083	0.0508	-0.0591	-0.3054
56.0000	178.0000	Respond Naturally	Celery	6.0000	4.0000	5.0000	2	1.0000	0.6886	0.1850	0.2078	0.0000	0.1850	0.1517	1.0000	0.0550	0.0895	-0.0345	0.3641
56.0000	179.0000	Respond Naturally	FrozenPeas	5.0000	6.0000	6.0000	2	1.0000	0.7384	0.2683	0.1150	0.0000	0.2683	0.3531	1.0000	0.0854	0.1024	-0.0170	0.3501
56.0000	180.0000	Respond Naturally	Bananas	6.0000	6.0000	5.0000	3	1.0000	0.6881	0.2518	0.3712	0.0000	0.2518	0.2326	1.0000	0.0774	0.0865	-0.0091	0.2423
56.0000	181.0000	Respond Naturally	GreenPepper	4.0000	3.0000	5.0000	6	-1.0000	1.0753	0.2352	-0.3522	1.0000	0.6553	0.3348	1.0000	0.6353	0.6353	-0.0000	1.3591
56.0000	182.0000	Respond Naturally	RomaineLettuce	5.0000	3.0000	6.0000	4	1.0000	0.7894	0.2856	0.2816	0.0000	0.2856	0.2285	1.0000	0.1119	0.1119	-0.0000	0.2721
56.0000	183.0000	Respond Naturally	FrozenBlueberries	6.0000	6.0000	5.0000	1	1.0000	0.8226	0.3861	0.1372	0.0000	0.3861	0.2345	1.0000	0.1919	0.2012	-0.0093	0.4314
56.0000	184.0000	Respond Naturally	FrozenBlueberries	6.0000	6.0000	6.0000	3	1.0000	0.6885	0.2183	0.1421	0.0000	0.2183	0.2176	1.0000	0.0787	0.0881	-0.0093	0.2590
56.0000	185.0000	Respond Naturally	Smartfood	6.0000	6.0000	1.0000	4	1.0000	1.0576	0.6715	0.1153	0.0000	0.6715	0.2951	1.0000	0.2510	0.2510	-0.0000	0.4787
56.0000	186.0000	Respond Naturally	FrozenCorn	6.0000	6.0000	6.0000	4	1.0000	0.7729	0.2185	-0.2137	0.0000	0.2185	0.2415	1.0000	-0.0384	0.0651	-0.1034	-0.3108
56.0000	187.0000	Respond Naturally	YorkPeppermintPatties	6.0000	6.0000	1.0000	4	-1.0000	0.8733	0.3528	-0.0974	0.0000	0.3528	0.1513	-1.0000	0.1889	0.1889	-0.0000	0.4059
56.0000	188.0000	Respond Naturally	LaysClassic	6.0000	5.0000	1.0000	4	1.0000	0.6889	0.2184	0.0836	0.0000	0.2184	0.3325	1.0000	0.0384	0.0964	-0.0580	0.2917
56.0000	189.0000	Respond Naturally	BabyFoodSweetPotatos	2.0000	2.0000	2.0000	2	-1.0000	1.0585	0.2016	0.0036	1.0000	0.4537	0.2182	1.0000	0.3693	0.3693	-0.0000	1.0238
56.0000	190.0000	Respond Naturally	FrozenOkra	5.0000	5.0000	6.0000	2	1.0000	0.7393	0.1846	0.1114	0.0000	0.1846	0.1825	1.0000	0.0492	0.0809	-0.0317	0.3408
56.0000	191.0000	Focus on Health	Mars	6.0000	6.0000	1.0000	4	-1.0000	0.8065	0.3696	0.0707	0.0000	0.3696	0.2496	-1.0000	0.0924	0.1016	-0.0092	0.4146
56.0000	192.0000	Focus on Health	Aero	4.0000	2.0000	3.0000	1	-1.0000	0.7056	0.1680	-0.0182	1.0000	0.3024	0.1766	1.0000	0.0674	0.0687	-0.0013	0.2112
56.0000	193.0000	Focus on Health	PCChipCookie	2.0000	2.0000	3.0000	2	-1.0000	0.8389	0.2347	0.5624	0.0000	0.2347	0.1510	-1.0000	-0.0120	0.0144	-0.0264	-0.1006
56.0000	194.0000	Focus on Health	IceCreamVanilla	5.0000	6.0000	1.0000	4	-1.0000	0.9904	0.3193	-0.0975	1.0000	0.5037	0.1709	1.0000	0.2540	0.2540	-0.0000	0.8399
56.0000	195.0000	Focus on Health	GreenBeans	5.0000	4.0000	6.0000	2	1.0000	1.1078	0.2690	-0.7706	1.0000	0.4703	0.2948	-1.0000	0.4221	0.4430	-0.0209	1.1963
56.0000	196.0000	Focus on Health	HoneyNutCheerios	6.0000	5.0000	2.0000	5	1.0000	0.7894	0.1848	0.2516	0.0000	0.1848	0.1477	1.0000	0.1066	0.1163	-0.0097	0.4102
56.0000	197.0000	Focus on Health	CannedArtichoke	1.0000	1.0000	5.0000	2	-1.0000	0.7723	0.2015	0.3233	1.0000	0.3696	0.1633	1.0000	0.1784	0.1785	-0.0001	0.5925
56.0000	198.0000	Focus on Health	ClifBar	6.0000	6.0000	4.0000	4	1.0000	1.0917	0.1511	-0.5125	2.0000	0.6048	0.2271	1.0000	0.2610	0.2645	-0.0035	0.8476
56.0000	199.0000	Focus on Health	RufflesSourCreamOnion	6.0000	3.0000	3.0000	3	-1.0000	0.9240	0.3193	-0.2080	0.0000	0.3193	0.1799	-1.0000	0.0933	0.0981	-0.0048	0.3093
56.0000	200.0000	Focus on Health	CheeseNips	4.0000	6.0000	2.0000	5	-1.0000	1.0916	0.1846	-0.1763	1.0000	0.6215	0.2485	1.0000	0.4357	0.4357	-0.0000	1.2543
