Subject	Trial	Instruction	Food	Liking	Taste	Health	Amount	Choice	ChoiceRT	FirstDevTimeChoice	InitAngleChoice	NumChangeMindChoice	FinalDevTimeChoice	MaxVelocityChoice	DrxFirstDevChoice	TotalAUCChoice	AUCtoNonChosenChoice	AUCtoChosenChoice	MaxDevChoice
72.0000	1.0000	Respond Naturally	Beets	2.0000	1.0000	5.0000	5	-1.0000	1.0080	0.4035	-0.4057	0.0000	0.4035	0.1506	-1.0000	0.1012	0.1012	-0.0000	0.2692
72.0000	2.0000	Respond Naturally	SpeltCakes	6.0000	4.0000	5.0000	2	1.0000	1.1420	0.1850	-0.1461	1.0000	0.6052	0.3487	-1.0000	0.1186	0.1447	-0.0260	0.4634
72.0000	3.0000	Respond Naturally	MangoChunks	6.0000	5.0000	4.0000	2	1.0000	1.1761	0.5041	-0.4213	0.0000	0.5041	0.1470	1.0000	0.0189	0.0266	-0.0077	0.0569
72.0000	4.0000	Respond Naturally	ClifBar	4.0000	4.0000	5.0000	2	-1.0000	1.7468	0.4196	-0.6238	0.0000	0.4196	0.2395	-1.0000	0.1509	0.1524	-0.0015	0.2765
72.0000	5.0000	Respond Naturally	FrozenCorn	3.0000	4.0000	6.0000	2	-1.0000	1.2268	0.1848	-0.6672	1.0000	0.4874	0.1562	1.0000	0.2299	0.2299	-0.0000	0.6524
72.0000	6.0000	Respond Naturally	Cauliflower	5.0000	4.0000	5.0000	6	-1.0000	1.1091	0.2857	-0.4168	0.0000	0.2857	0.1850	-1.0000	0.1111	0.1111	-0.0000	0.2316
72.0000	7.0000	Respond Naturally	Nutella	3.0000	5.0000	1.0000	4	-1.0000	1.0082	0.1679	-0.0000	0.0000	0.1679	0.1625	-1.0000	0.0607	0.0607	-0.0000	0.1468
72.0000	8.0000	Respond Naturally	RufflesSourCreamOnion	3.0000	2.0000	1.0000	3	-1.0000	1.2100	0.1349	0.1817	0.0000	0.1349	0.1550	-1.0000	0.0512	0.0581	-0.0069	0.1467
72.0000	9.0000	Respond Naturally	Tuna	5.0000	4.0000	5.0000	2	1.0000	1.1247	0.6208	-0.4199	0.0000	0.6208	0.3978	1.0000	0.0066	0.0506	-0.0440	-0.1990
72.0000	10.0000	Respond Naturally	Raspberries	1.0000	5.0000	5.0000	4	1.0000	2.4696	0.3021	0.8746	5.0000	2.0160	0.6358	-1.0000	0.8856	0.8927	-0.0071	1.5908
72.0000	11.0000	Focus on Health	ClifBar	4.0000	4.0000	5.0000	4	-1.0000	0.9916	0.4709	-0.2582	0.0000	0.4709	0.1752	-1.0000	0.1506	0.1506	-0.0000	0.3921
72.0000	12.0000	Focus on Health	SlicedTurkey	4.0000	4.0000	3.0000	5	-1.0000	1.2264	0.4533	0.4840	0.0000	0.4533	0.1634	-1.0000	0.0084	0.0305	-0.0221	0.1176
72.0000	13.0000	Focus on Health	FrozenBlueberries	6.0000	6.0000	5.0000	3	1.0000	1.5457	0.1177	-0.3459	1.0000	0.8738	0.3757	-1.0000	0.4489	0.4500	-0.0011	1.2264
72.0000	14.0000	Focus on Health	OikosYogurt	5.0000	5.0000	5.0000	3	1.0000	1.5457	0.7222	-0.0045	1.0000	0.9911	0.2733	-1.0000	0.3372	0.3372	-0.0000	1.3728
72.0000	15.0000	Focus on Health	SevenGrain	3.0000	3.0000	4.0000	1	1.0000	1.0418	0.2351	0.6820	1.0000	0.4369	0.2451	-1.0000	0.1499	0.1499	-0.0000	0.5781
72.0000	16.0000	Focus on Health	Aero	2.0000	3.0000	1.0000	3	-1.0000	1.6112	0.1009	-0.0000	0.0000	0.1009	0.1340	-1.0000	0.1953	0.1953	-0.0000	0.3744
72.0000	17.0000	Focus on Health	Mars	3.0000	3.0000	2.0000	4	-1.0000	0.9243	0.1848	-0.4683	0.0000	0.1848	0.2404	-1.0000	0.0496	0.0735	-0.0239	0.2651
72.0000	18.0000	Focus on Health	IceCreamVanilla	3.0000	2.0000	2.0000	4	-1.0000	1.0079	0.3022	-0.0000	0.0000	0.3022	0.1137	-1.0000	0.0951	0.0951	-0.0000	0.1841
72.0000	19.0000	Focus on Health	SkittlesSour	6.0000	4.0000	3.0000	6	-1.0000	0.9242	0.1176	0.1595	0.0000	0.1176	0.0861	-1.0000	0.0528	0.0528	-0.0000	0.1287
72.0000	20.0000	Focus on Health	PCChipCookie	1.0000	4.0000	2.0000	2	-1.0000	1.0920	0.1009	0.2865	0.0000	0.1009	0.1112	-1.0000	0.0723	0.0723	-0.0000	0.1949
72.0000	21.0000	Focus on Health	FrozenOkra	1.0000	2.0000	5.0000	5	-1.0000	1.3270	0.1007	0.1803	0.0000	0.1007	0.1649	-1.0000	0.0250	0.0310	-0.0060	0.0884
72.0000	22.0000	Focus on Health	Shreddies	1.0000	1.0000	2.0000	5	-1.0000	0.8565	0.3692	0.8058	0.0000	0.3692	0.2352	-1.0000	0.0176	0.0177	-0.0001	0.1019
72.0000	23.0000	Focus on Health	CoffeeCrisp	1.0000	2.0000	2.0000	1	-1.0000	0.9578	0.2521	-0.7982	1.0000	0.5042	0.3046	1.0000	0.2926	0.2926	-0.0000	1.0409
72.0000	24.0000	Focus on Health	FrozenBlueberries	1.0000	5.0000	6.0000	1	1.0000	0.9913	0.1007	-0.4258	1.0000	0.4537	0.3439	-1.0000	0.3368	0.3378	-0.0010	1.1354
72.0000	25.0000	Focus on Health	Triscuit	1.0000	4.0000	4.0000	2	-1.0000	1.0250	0.2688	-0.3226	0.0000	0.2688	0.1909	-1.0000	0.0060	0.0160	-0.0100	0.0673
72.0000	26.0000	Focus on Health	SevenGrain	1.0000	4.0000	5.0000	3	-1.0000	0.9911	0.3359	-0.3554	0.0000	0.3359	0.1850	-1.0000	0.0311	0.0384	-0.0073	0.0933
72.0000	27.0000	Focus on Health	GreenGrapes	5.0000	5.0000	6.0000	4	1.0000	0.9577	0.1175	-0.2138	1.0000	0.3864	0.2655	-1.0000	0.0621	0.0797	-0.0175	0.2704
72.0000	28.0000	Focus on Health	Smarties	1.0000	3.0000	2.0000	2	-1.0000	1.1086	0.4029	0.1621	0.0000	0.4029	0.4076	-1.0000	0.0067	0.0442	-0.0375	0.1893
72.0000	29.0000	Focus on Health	HoneyNutCheerios	1.0000	1.0000	1.0000	5	-1.0000	1.0079	0.1173	0.3819	0.0000	0.1173	0.1572	-1.0000	0.1166	0.1166	-0.0000	0.3964
72.0000	30.0000	Focus on Health	DriedHerring	1.0000	1.0000	6.0000	1	-1.0000	1.0079	0.4370	0.5115	0.0000	0.4370	0.2232	-1.0000	0.0928	0.0928	-0.0000	0.3929
72.0000	31.0000	Respond Naturally	Snickers	1.0000	4.0000	2.0000	2	-1.0000	0.8901	0.3863	-0.1436	0.0000	0.3863	0.3600	-1.0000	0.0849	0.0849	-0.0000	0.2601
72.0000	32.0000	Respond Naturally	ProMax	1.0000	2.0000	1.0000	2	-1.0000	0.9575	0.2686	0.2828	0.0000	0.2686	0.2598	-1.0000	0.0194	0.0291	-0.0097	-0.0643
72.0000	33.0000	Respond Naturally	FrozenPeas	1.0000	4.0000	5.0000	2	1.0000	1.0241	0.4029	-0.3694	0.0000	0.4029	0.1428	1.0000	0.1680	0.1688	-0.0007	0.3684
72.0000	34.0000	Respond Naturally	LaysClassic	1.0000	4.0000	2.0000	3	-1.0000	0.9743	0.3023	-0.2723	0.0000	0.3023	0.2085	-1.0000	-0.0399	0.0131	-0.0530	-0.2485
72.0000	35.0000	Respond Naturally	RiceKrispiesCereal	5.0000	4.0000	5.0000	7	-1.0000	1.0252	0.3530	-0.4885	0.0000	0.3530	0.3227	-1.0000	0.0110	0.0578	-0.0468	0.1966
72.0000	36.0000	Respond Naturally	Skittles	4.0000	4.0000	1.0000	6	-1.0000	0.9746	0.1681	-0.0000	0.0000	0.1681	0.1796	-1.0000	-0.0133	0.0206	-0.0339	-0.1478
72.0000	37.0000	Respond Naturally	Reese	3.0000	1.0000	2.0000	1	-1.0000	0.7899	0.1006	0.1497	0.0000	0.1006	0.1582	-1.0000	0.0274	0.0368	-0.0094	0.1100
72.0000	38.0000	Respond Naturally	BBQCrisps	2.0000	5.0000	2.0000	2	-1.0000	0.8903	0.1341	0.1210	0.0000	0.1341	0.1182	-1.0000	0.0050	0.0421	-0.0371	0.1601
72.0000	39.0000	Respond Naturally	Cheerios	1.0000	1.0000	4.0000	2	1.0000	1.5792	0.3862	0.4433	1.0000	0.5711	0.4262	-1.0000	0.3419	0.4117	-0.0698	1.3554
72.0000	40.0000	Respond Naturally	IceCreamChocolate	5.0000	1.0000	2.0000	1	-1.0000	0.9069	0.1006	-0.0251	0.0000	0.1006	0.1761	-1.0000	-0.0081	0.0205	-0.0285	-0.1884
72.0000	41.0000	Focus on Health	MnMPlain	2.0000	4.0000	2.0000	5	-1.0000	0.7558	0.1344	-0.1655	0.0000	0.1344	0.1243	-1.0000	0.0553	0.0588	-0.0035	0.1712
72.0000	42.0000	Focus on Health	RitzCrackers	5.0000	2.0000	2.0000	2	-1.0000	1.2931	0.1344	0.2519	0.0000	0.1344	0.1210	-1.0000	0.1254	0.1254	-0.0000	0.2391
72.0000	43.0000	Focus on Health	DriedApricots	4.0000	3.0000	5.0000	2	1.0000	1.4109	0.1006	-0.7756	1.0000	0.9068	0.3301	-1.0000	0.6586	0.6586	-0.0000	1.3383
72.0000	44.0000	Focus on Health	CoffeeCrisp	1.0000	2.0000	1.0000	3	-1.0000	0.8060	0.1345	0.0793	0.0000	0.1345	0.1760	-1.0000	0.0266	0.0326	-0.0061	0.1300
72.0000	45.0000	Focus on Health	VegetableThins	2.0000	3.0000	5.0000	5	-1.0000	1.5289	0.1346	0.5543	0.0000	0.1346	0.1739	-1.0000	0.0427	0.0427	-0.0000	0.1678
72.0000	46.0000	Focus on Health	EnglishCucumber	5.0000	5.0000	5.0000	5	1.0000	0.8398	0.3694	0.4026	0.0000	0.3694	0.3046	1.0000	-0.0025	0.0269	-0.0294	-0.1056
72.0000	47.0000	Focus on Health	Reese	2.0000	4.0000	2.0000	4	-1.0000	1.0749	0.1341	0.1584	0.0000	0.1341	0.1914	-1.0000	0.0451	0.0451	-0.0000	0.1583
72.0000	48.0000	Focus on Health	Shreddies	3.0000	1.0000	2.0000	2	-1.0000	0.7547	0.1009	0.8923	0.0000	0.1009	0.1139	-1.0000	0.0326	0.0346	-0.0020	0.1075
72.0000	49.0000	Focus on Health	Avocado	5.0000	3.0000	6.0000	5	-1.0000	1.1588	0.1342	-0.0000	2.0000	0.6548	0.2407	-1.0000	0.3711	0.3762	-0.0051	1.3167
72.0000	50.0000	Focus on Health	CornFlakes	1.0000	1.0000	1.0000	3	-1.0000	0.8902	0.2518	0.2686	0.0000	0.2518	0.2624	-1.0000	0.0307	0.0307	-0.0000	0.0624
72.0000	51.0000	Respond Naturally	Tempeh	1.0000	1.0000	1.0000	4	-1.0000	0.9746	0.2689	0.1996	0.0000	0.2689	0.2094	-1.0000	0.1101	0.1101	-0.0000	0.2183
72.0000	52.0000	Respond Naturally	PureFit	1.0000	1.0000	3.0000	4	-1.0000	0.8904	0.1176	0.7140	0.0000	0.1176	0.1422	-1.0000	-0.1158	0.0007	-0.1164	-0.2537
72.0000	53.0000	Respond Naturally	Beets	1.0000	1.0000	4.0000	2	-1.0000	1.0078	0.4370	0.5981	1.0000	0.6050	0.3070	1.0000	0.2237	0.2237	-0.0000	1.1772
72.0000	54.0000	Respond Naturally	Asparagus	3.0000	2.0000	5.0000	3	-1.0000	1.0750	0.1345	0.2786	0.0000	0.1345	0.1397	-1.0000	0.0176	0.0289	-0.0113	0.1426
72.0000	55.0000	Respond Naturally	Fritos	3.0000	3.0000	2.0000	5	-1.0000	0.9411	0.1176	0.6444	0.0000	0.1176	0.1085	-1.0000	-0.0425	0.0026	-0.0451	-0.1394
72.0000	56.0000	Respond Naturally	Orange	4.0000	6.0000	6.0000	1	1.0000	0.7561	0.3361	-0.3718	0.0000	0.3361	0.2608	1.0000	0.2172	0.2173	-0.0001	0.4916
72.0000	57.0000	Respond Naturally	ClamJuice	1.0000	4.0000	4.0000	3	-1.0000	1.2097	0.2353	0.5579	0.0000	0.2353	0.1693	-1.0000	0.1026	0.1030	-0.0004	0.2229
72.0000	58.0000	Respond Naturally	Celery	4.0000	3.0000	6.0000	4	-1.0000	1.0583	0.2521	0.5802	0.0000	0.2521	0.1505	-1.0000	0.0345	0.0345	-0.0000	0.1203
72.0000	59.0000	Respond Naturally	Tuna	6.0000	6.0000	6.0000	4	1.0000	1.1426	0.1345	-0.4209	1.0000	0.4538	0.3226	-1.0000	0.5455	0.5455	-0.0000	1.3635
72.0000	60.0000	Respond Naturally	YorkPeppermintPatties	3.0000	3.0000	2.0000	4	-1.0000	0.8234	0.2016	-0.1882	0.0000	0.2016	0.1501	-1.0000	0.0103	0.0270	-0.0167	0.1105
72.0000	61.0000	Respond Naturally	HoneyNutCheerios	2.0000	2.0000	2.0000	2	-1.0000	0.7562	0.1849	-0.3840	0.0000	0.1849	0.1106	-1.0000	0.1410	0.1410	-0.0000	0.2840
72.0000	62.0000	Respond Naturally	NatureValleyChocolate	2.0000	2.0000	2.0000	1	-1.0000	1.1255	0.1008	0.0305	1.0000	0.3530	0.2579	1.0000	0.1193	0.1246	-0.0054	0.4125
72.0000	63.0000	Respond Naturally	GreenGrapes	4.0000	4.0000	6.0000	1	1.0000	0.8564	0.1679	0.4177	0.0000	0.1679	0.1793	1.0000	-0.0052	0.0007	-0.0059	-0.0344
72.0000	64.0000	Respond Naturally	Almonds	1.0000	5.0000	6.0000	2	1.0000	1.0416	0.1005	NA	2.0000	0.5543	0.2511	1.0000	0.1987	0.2093	-0.0106	1.0342
72.0000	65.0000	Respond Naturally	Mentos	1.0000	3.0000	2.0000	5	-1.0000	0.8236	0.1849	-0.8599	1.0000	0.3866	0.3393	1.0000	0.3142	0.3142	-0.0000	0.8382
72.0000	66.0000	Respond Naturally	OatBran	1.0000	1.0000	5.0000	2	-1.0000	0.9914	0.2860	0.1374	0.0000	0.2860	0.1486	-1.0000	0.0487	0.0554	-0.0067	0.1725
72.0000	67.0000	Respond Naturally	Snickers	1.0000	5.0000	2.0000	3	-1.0000	0.8397	0.1177	0.9575	0.0000	0.1177	0.0586	-1.0000	0.0117	0.0193	-0.0076	0.0463
72.0000	68.0000	Respond Naturally	Spinach	5.0000	5.0000	6.0000	4	1.0000	1.0245	0.1008	-0.2936	1.0000	0.4365	0.3767	-1.0000	0.3349	0.3503	-0.0154	1.0135
72.0000	69.0000	Respond Naturally	AlmondMilk	4.0000	4.0000	6.0000	4	1.0000	1.2602	0.1007	-0.0806	1.0000	0.4536	0.2904	-1.0000	0.2577	0.2930	-0.0353	0.9324
72.0000	70.0000	Respond Naturally	Onion	3.0000	1.0000	5.0000	4	-1.0000	1.4279	0.2184	-0.0496	0.0000	0.2184	0.1976	-1.0000	0.0559	0.0709	-0.0150	0.2531
72.0000	71.0000	Focus on Health	Tempeh	1.0000	1.0000	3.0000	2	-1.0000	0.8065	0.2688	-0.6379	0.0000	0.2688	0.2234	-1.0000	0.0611	0.0706	-0.0095	0.1863
72.0000	72.0000	Focus on Health	Prunes	1.0000	1.0000	5.0000	2	1.0000	0.9739	0.3523	0.4998	0.0000	0.3523	0.1999	1.0000	0.0415	0.0510	-0.0094	0.2712
72.0000	73.0000	Focus on Health	BabyFoodCarrots	1.0000	1.0000	4.0000	3	-1.0000	0.8066	0.1008	0.0094	0.0000	0.1008	0.1930	-1.0000	0.1000	0.1000	-0.0000	0.2087
72.0000	74.0000	Focus on Health	SkimMilk	1.0000	5.0000	6.0000	1	1.0000	1.2432	0.3024	0.3467	1.0000	0.4873	0.4595	-1.0000	0.1246	0.1340	-0.0095	0.7397
72.0000	75.0000	Focus on Health	TofuDessert	6.0000	6.0000	5.0000	2	1.0000	1.2434	0.1513	0.5459	0.0000	0.1513	0.1453	1.0000	-0.0569	0.0040	-0.0609	-0.2433
72.0000	76.0000	Focus on Health	RufflesSourCreamOnion	1.0000	2.0000	2.0000	5	-1.0000	0.9411	0.1345	-0.6857	1.0000	0.3361	0.1939	1.0000	0.1731	0.1867	-0.0136	0.4659
72.0000	77.0000	Focus on Health	IceCreamVanilla	1.0000	2.0000	2.0000	1	-1.0000	1.1257	0.1678	-0.7079	1.0000	0.5039	0.1382	1.0000	0.1957	0.2042	-0.0085	0.5350
72.0000	78.0000	Focus on Health	CannedArtichoke	1.0000	2.0000	5.0000	2	-1.0000	1.3779	0.1513	0.2336	2.0000	0.6219	0.2760	-1.0000	0.1944	0.2027	-0.0083	1.1305
72.0000	79.0000	Focus on Health	WaterChestnuts	1.0000	1.0000	5.0000	3	-1.0000	1.3606	0.1343	-0.2311	1.0000	0.6385	0.2964	1.0000	0.3961	0.3961	-0.0000	1.3460
72.0000	80.0000	Focus on Health	Mentos	3.0000	4.0000	2.0000	2	-1.0000	0.7390	0.2856	-0.1334	0.0000	0.2856	0.2029	-1.0000	0.0664	0.0798	-0.0134	0.2263
72.0000	81.0000	Respond Naturally	Butternut	1.0000	1.0000	5.0000	3	-1.0000	2.5364	0.2351	0.1320	2.0000	0.8064	0.3618	-1.0000	0.4326	0.4355	-0.0029	1.6828
72.0000	82.0000	Respond Naturally	SpeltCakes	5.0000	5.0000	5.0000	5	1.0000	1.0418	0.2184	-0.2263	1.0000	0.5713	0.2743	-1.0000	0.3042	0.3042	-0.0000	1.1378
72.0000	83.0000	Respond Naturally	SkittlesSour	3.0000	4.0000	2.0000	3	-1.0000	1.1254	0.2519	-0.3046	0.0000	0.2519	0.1830	-1.0000	0.0821	0.0821	-0.0000	0.2357
72.0000	84.0000	Respond Naturally	RiceKrispiesCereal	2.0000	3.0000	5.0000	3	-1.0000	0.9074	0.2519	-0.5094	1.0000	0.4873	0.2489	1.0000	0.1964	0.1964	-0.0000	0.6217
72.0000	85.0000	Respond Naturally	RaisinBran	1.0000	1.0000	2.0000	7	-1.0000	1.0082	0.2014	-0.4714	0.0000	0.2014	0.1704	-1.0000	0.0674	0.0737	-0.0063	0.2797
72.0000	86.0000	Respond Naturally	Bananas	5.0000	4.0000	5.0000	2	1.0000	0.8400	0.1344	0.3969	1.0000	0.4368	0.3726	-1.0000	0.2355	0.2355	-0.0000	0.8894
72.0000	87.0000	Respond Naturally	MangoChunks	5.0000	4.0000	5.0000	5	1.0000	1.0248	0.1680	0.0000	1.0000	0.4705	0.3602	-1.0000	0.3852	0.3852	-0.0000	1.3865
72.0000	88.0000	Respond Naturally	IceCreamChocolate	1.0000	2.0000	2.0000	4	-1.0000	0.8904	0.2520	-0.3634	1.0000	0.3863	0.1931	1.0000	0.1573	0.1573	-0.0000	0.6132
72.0000	89.0000	Respond Naturally	BrusselsSprouts	3.0000	1.0000	5.0000	4	-1.0000	0.9741	0.3526	-0.6167	0.0000	0.3526	0.2570	-1.0000	0.0697	0.0914	-0.0217	0.2420
72.0000	90.0000	Respond Naturally	RaisinBran	1.0000	3.0000	3.0000	3	-1.0000	0.9733	0.1843	0.0499	2.0000	0.6880	0.1715	-1.0000	0.0598	0.0697	-0.0098	0.1649
72.0000	91.0000	Focus on Health	GreenBeans	4.0000	1.0000	6.0000	4	1.0000	2.3185	0.6717	0.5891	4.0000	1.8144	0.3950	1.0000	0.2492	0.2606	-0.0114	1.3358
72.0000	92.0000	Focus on Health	Onion	3.0000	2.0000	5.0000	2	1.0000	0.7381	0.1005	0.9833	0.0000	0.1005	0.2838	1.0000	0.0219	0.0282	-0.0063	0.1344
72.0000	93.0000	Focus on Health	Smarties	3.0000	4.0000	2.0000	5	-1.0000	0.9237	0.2854	-0.6976	1.0000	0.4030	0.1677	1.0000	0.3052	0.3052	-0.0000	0.6968
72.0000	94.0000	Focus on Health	Smartfood	2.0000	4.0000	1.0000	2	1.0000	1.8483	0.1513	0.5713	4.0000	1.2603	0.5140	1.0000	0.4074	0.4074	-0.0000	1.4371
72.0000	95.0000	Focus on Health	GreenPepper	5.0000	4.0000	5.0000	2	1.0000	0.7723	0.3192	0.3683	0.0000	0.3192	0.1765	1.0000	0.0570	0.0594	-0.0025	0.1877
72.0000	96.0000	Focus on Health	OatmealSquares	1.0000	1.0000	4.0000	3	-1.0000	0.9913	0.2014	-0.2326	1.0000	0.4536	0.3207	1.0000	0.2542	0.2634	-0.0092	1.0595
72.0000	97.0000	Focus on Health	RitzCrackers	2.0000	3.0000	2.0000	5	-1.0000	0.9578	0.2017	-0.3974	1.0000	0.5545	0.2561	1.0000	0.3194	0.3194	-0.0000	0.9977
72.0000	98.0000	Focus on Health	Asparagus	3.0000	2.0000	5.0000	6	1.0000	1.1426	0.1513	0.2782	0.0000	0.1513	0.2678	1.0000	-0.0326	0.0189	-0.0515	-0.1605
72.0000	99.0000	Focus on Health	Nutella	4.0000	5.0000	2.0000	1	-1.0000	0.9065	0.3696	-0.6989	0.0000	0.3696	0.2286	-1.0000	0.2422	0.2422	-0.0000	0.7403
72.0000	100.0000	Focus on Health	Butternut	1.0000	1.0000	4.0000	7	1.0000	0.8904	0.1512	0.2475	0.0000	0.1512	0.1563	1.0000	0.0595	0.0595	-0.0000	0.1910
72.0000	101.0000	Respond Naturally	NatureValleyChocolate	1.0000	2.0000	2.0000	4	-1.0000	1.2435	0.2183	-0.8170	1.0000	0.5712	0.2553	1.0000	0.3861	0.3901	-0.0040	1.7214
72.0000	102.0000	Respond Naturally	GreenApple	5.0000	5.0000	6.0000	2	1.0000	0.7729	0.1175	0.4001	0.0000	0.1175	0.1388	1.0000	-0.0267	0.0057	-0.0324	-0.1198
72.0000	103.0000	Respond Naturally	Strawberries	6.0000	4.0000	5.0000	2	1.0000	0.8398	0.2687	0.3540	1.0000	0.3864	0.3777	-1.0000	0.1137	0.1164	-0.0026	0.5790
72.0000	104.0000	Respond Naturally	RomaineLettuce	3.0000	4.0000	6.0000	4	1.0000	0.7895	0.2686	0.6801	0.0000	0.2686	0.1665	1.0000	-0.0224	0.0100	-0.0324	-0.1841
72.0000	105.0000	Respond Naturally	Broccoli	5.0000	5.0000	5.0000	4	1.0000	0.8227	0.4195	0.6582	0.0000	0.4195	0.3447	1.0000	0.0227	0.0227	-0.0000	0.1333
72.0000	106.0000	Respond Naturally	EnglishCucumber	5.0000	4.0000	5.0000	2	1.0000	0.9578	0.1512	0.3017	0.0000	0.1512	0.1415	1.0000	0.0043	0.0315	-0.0272	0.1119
72.0000	107.0000	Respond Naturally	PureFit	1.0000	2.0000	3.0000	2	-1.0000	1.0923	0.1008	-0.4770	1.0000	0.5881	0.4100	1.0000	0.5450	0.5450	-0.0000	1.2107
72.0000	108.0000	Respond Naturally	FrozenBroccoli	1.0000	4.0000	6.0000	6	1.0000	1.3606	0.3023	0.4440	0.0000	0.3023	0.3382	1.0000	-0.0690	0.0572	-0.1262	-0.3467
72.0000	109.0000	Respond Naturally	Doritos	5.0000	4.0000	2.0000	2	-1.0000	1.1930	0.1345	-0.3726	1.0000	0.5882	0.5375	1.0000	0.4120	0.4238	-0.0119	1.2892
72.0000	110.0000	Respond Naturally	Bananas	5.0000	6.0000	6.0000	3	1.0000	1.1593	0.1849	0.7494	0.0000	0.1849	0.1603	1.0000	0.0127	0.0128	-0.0001	0.0638
72.0000	111.0000	Focus on Health	GreenPepper	4.0000	6.0000	6.0000	6	1.0000	0.7054	0.3863	0.6791	0.0000	0.3863	0.2140	1.0000	0.0257	0.0257	-0.0000	0.1002
72.0000	112.0000	Focus on Health	WelchsFruitSnacks	3.0000	5.0000	2.0000	3	-1.0000	1.0420	0.1008	-0.5681	1.0000	0.4034	0.3181	1.0000	0.3609	0.3609	-0.0000	1.0361
72.0000	113.0000	Focus on Health	FrozenPeaches	6.0000	5.0000	6.0000	5	1.0000	0.7221	0.1848	0.9030	0.0000	0.1848	0.2168	1.0000	-0.0575	0.0000	-0.0575	-0.1745
72.0000	114.0000	Focus on Health	OatBran	1.0000	1.0000	5.0000	4	1.0000	0.8900	0.1175	0.8295	0.0000	0.1175	0.1722	1.0000	0.0000	0.0088	-0.0087	-0.0574
72.0000	115.0000	Focus on Health	Starburst	1.0000	1.0000	2.0000	3	-1.0000	0.9747	0.1008	-0.5600	1.0000	0.4874	0.3068	1.0000	0.4670	0.4670	-0.0000	1.1392
72.0000	116.0000	Focus on Health	GreenApple	5.0000	6.0000	6.0000	4	1.0000	1.0081	0.1344	-0.2283	1.0000	0.4201	0.3011	-1.0000	0.3518	0.3518	-0.0000	1.1026
72.0000	117.0000	Focus on Health	CheeseNips	1.0000	4.0000	1.0000	2	-1.0000	0.7896	0.1344	-0.0508	0.0000	0.1344	0.1555	-1.0000	0.1670	0.1670	-0.0000	0.5127
72.0000	118.0000	Focus on Health	AllBranCereal	1.0000	1.0000	5.0000	2	1.0000	1.5460	0.1681	0.4369	2.0000	0.9580	0.4486	1.0000	0.3714	0.3889	-0.0174	1.3961
72.0000	119.0000	Focus on Health	Cheetos	1.0000	5.0000	2.0000	3	-1.0000	0.8231	0.1008	0.6773	0.0000	0.1008	0.0849	-1.0000	0.0572	0.0701	-0.0128	0.2049
72.0000	120.0000	Focus on Health	LaysClassic	3.0000	5.0000	1.0000	4	-1.0000	0.9242	0.1681	-0.8503	1.0000	0.4537	0.4241	1.0000	0.2413	0.2479	-0.0065	0.9275
72.0000	121.0000	Respond Naturally	FrootLoops	2.0000	3.0000	1.0000	6	-1.0000	0.8066	0.3193	-0.8723	0.0000	0.3193	0.4815	-1.0000	0.2955	0.3595	-0.0640	0.9912
72.0000	122.0000	Respond Naturally	Pringles	6.0000	4.0000	1.0000	5	-1.0000	0.7724	0.2854	-0.5338	0.0000	0.2854	0.1712	-1.0000	0.2578	0.2644	-0.0065	0.6014
72.0000	123.0000	Respond Naturally	Cheetos	2.0000	4.0000	3.0000	6	-1.0000	0.7562	0.1680	-0.2548	0.0000	0.1680	0.2823	-1.0000	0.0814	0.0905	-0.0091	0.3493
72.0000	124.0000	Respond Naturally	Caramilk	2.0000	2.0000	2.0000	2	-1.0000	0.6554	0.3193	0.6725	0.0000	0.3193	0.1376	-1.0000	-0.0014	0.0154	-0.0168	0.0689
72.0000	125.0000	Respond Naturally	BBQCrisps	3.0000	4.0000	2.0000	6	-1.0000	0.6218	0.1513	0.4692	0.0000	0.1513	0.1368	-1.0000	0.0360	0.0363	-0.0003	0.1068
72.0000	126.0000	Respond Naturally	SunChips	4.0000	5.0000	2.0000	2	-1.0000	0.5714	0.1008	0.7798	0.0000	0.1008	0.1605	-1.0000	-0.0114	0.0025	-0.0139	-0.0366
72.0000	127.0000	Respond Naturally	ProMax	1.0000	1.0000	2.0000	4	-1.0000	0.6050	0.1513	0.6674	0.0000	0.1513	0.2585	-1.0000	0.0297	0.0297	-0.0000	0.0719
72.0000	128.0000	Respond Naturally	SlimStyles	5.0000	3.0000	5.0000	2	-1.0000	0.6721	0.1009	0.6855	0.0000	0.1009	0.1452	-1.0000	0.0085	0.0085	-0.0000	0.0392
72.0000	129.0000	Respond Naturally	Caramilk	1.0000	2.0000	2.0000	5	-1.0000	0.6050	0.1849	0.4442	0.0000	0.1849	0.1388	-1.0000	-0.0216	0.0240	-0.0456	-0.1623
72.0000	130.0000	Respond Naturally	MnMPeanuts	4.0000	5.0000	2.0000	2	-1.0000	0.5880	0.1342	0.2475	0.0000	0.1342	0.1180	-1.0000	0.1042	0.1042	-0.0000	0.2328
72.0000	131.0000	Focus on Health	AppleChips	4.0000	4.0000	6.0000	5	1.0000	1.9152	0.1006	-0.0439	3.0000	1.1593	0.4976	-1.0000	0.6829	0.6829	-0.0000	1.7950
72.0000	132.0000	Focus on Health	Broccoli	5.0000	4.0000	6.0000	1	1.0000	0.7055	0.1009	0.5773	0.0000	0.1009	0.1284	1.0000	0.0318	0.0320	-0.0002	0.0643
72.0000	133.0000	Focus on Health	Avocado	2.0000	5.0000	5.0000	2	1.0000	0.5206	0.1513	0.5480	0.0000	0.1513	0.1142	1.0000	0.0429	0.0429	-0.0000	0.1244
72.0000	134.0000	Focus on Health	OatmealSquares	2.0000	3.0000	4.0000	7	-1.0000	1.1251	0.1008	-0.1729	1.0000	0.6043	0.2503	1.0000	0.6381	0.6381	-0.0000	1.2713
72.0000	135.0000	Focus on Health	AllBranBar	1.0000	4.0000	5.0000	1	-1.0000	0.8229	0.2686	0.1305	0.0000	0.2686	0.2993	-1.0000	0.1255	0.1292	-0.0036	0.4056
72.0000	136.0000	Focus on Health	CornFlakes	1.0000	1.0000	3.0000	6	-1.0000	1.0584	0.1847	-0.3999	2.0000	0.7057	0.3714	-1.0000	0.1593	0.1593	-0.0000	0.3912
72.0000	137.0000	Focus on Health	Spinach	5.0000	4.0000	6.0000	2	1.0000	0.7057	0.1008	0.3153	0.0000	0.1008	0.1460	1.0000	0.0448	0.0473	-0.0025	0.1348
72.0000	138.0000	Focus on Health	Triscuit	3.0000	4.0000	2.0000	5	1.0000	0.8231	0.1007	0.0000	0.0000	0.1007	0.1449	1.0000	0.0383	0.0383	-0.0000	0.0972
72.0000	139.0000	Focus on Health	Skittles	3.0000	4.0000	2.0000	3	-1.0000	0.7891	0.2182	0.1668	0.0000	0.2182	0.1331	-1.0000	0.0450	0.0451	-0.0000	0.1834
72.0000	140.0000	Focus on Health	OikosYogurt	5.0000	5.0000	5.0000	6	1.0000	0.8905	0.2521	0.0000	1.0000	0.3698	0.2338	-1.0000	0.2655	0.2655	-0.0000	0.6936
72.0000	141.0000	Focus on Health	RedPepper	5.0000	5.0000	5.0000	5	1.0000	0.9073	0.3192	0.7093	0.0000	0.3192	0.3733	1.0000	0.0814	0.0814	-0.0000	0.2161
72.0000	142.0000	Focus on Health	BabyFoodSweetPotatos	1.0000	1.0000	4.0000	2	-1.0000	1.1755	0.3360	-0.5259	1.0000	0.5542	0.2658	1.0000	0.4604	0.4604	-0.0000	1.2004
72.0000	143.0000	Focus on Health	WelchsFruitSnacks	4.0000	3.0000	3.0000	1	-1.0000	1.1090	0.2855	-0.7590	1.0000	0.4201	0.2555	1.0000	0.1801	0.1843	-0.0042	0.7462
72.0000	144.0000	Focus on Health	AlmondMilk	4.0000	5.0000	5.0000	2	1.0000	0.7729	0.1847	0.2668	0.0000	0.1847	0.1474	1.0000	0.0303	0.0505	-0.0202	0.1689
72.0000	145.0000	Focus on Health	FrozenBroccoli	5.0000	4.0000	6.0000	2	1.0000	0.6556	0.1345	0.5661	0.0000	0.1345	0.0780	1.0000	0.0852	0.0852	-0.0000	0.1876
72.0000	146.0000	Focus on Health	Fritos	5.0000	3.0000	1.0000	2	-1.0000	1.1257	0.1176	-0.6249	1.0000	0.5546	0.3474	1.0000	0.4456	0.4456	-0.0000	1.3062
72.0000	147.0000	Focus on Health	Twizzlers	1.0000	1.0000	1.0000	4	-1.0000	1.0250	0.1176	-0.4738	1.0000	0.4873	0.3850	1.0000	0.5890	0.5891	-0.0001	1.5000
72.0000	148.0000	Focus on Health	FrozenOkra	1.0000	2.0000	5.0000	2	-1.0000	0.9577	0.3192	-0.3978	0.0000	0.3192	0.2076	-1.0000	0.1941	0.2008	-0.0068	0.6256
72.0000	149.0000	Focus on Health	Doritos	1.0000	3.0000	2.0000	5	-1.0000	0.6554	0.2353	-0.3681	0.0000	0.2353	0.2642	-1.0000	0.1532	0.1532	-0.0000	0.4420
72.0000	150.0000	Focus on Health	YorkPeppermintPatties	1.0000	4.0000	2.0000	2	-1.0000	0.7393	0.1849	-0.0153	0.0000	0.1849	0.2765	-1.0000	0.0719	0.0719	-0.0000	0.2056
72.0000	151.0000	Respond Naturally	AllBranBar	4.0000	4.0000	5.0000	3	1.0000	1.4950	0.3527	0.6132	1.0000	0.7391	0.4788	-1.0000	0.4567	0.4567	-0.0000	1.7600
72.0000	152.0000	Respond Naturally	KashiBars	4.0000	4.0000	3.0000	4	-1.0000	1.6466	0.1680	-0.4876	1.0000	1.1425	0.3253	1.0000	0.7371	0.7371	-0.0000	1.2880
72.0000	153.0000	Respond Naturally	RedPepper	5.0000	4.0000	6.0000	2	1.0000	1.0413	0.1512	1.0640	0.0000	0.1512	0.1617	1.0000	-0.1138	0.0001	-0.1138	-0.2135
72.0000	154.0000	Respond Naturally	BabyFoodSweetPotatos	1.0000	1.0000	5.0000	5	-1.0000	0.9571	0.1678	-0.6948	1.0000	0.3693	0.4198	1.0000	0.3260	0.3260	-0.0000	0.9586
72.0000	155.0000	Respond Naturally	CannedArtichoke	2.0000	1.0000	5.0000	5	-1.0000	0.9408	0.1175	-0.0858	1.0000	0.2687	0.1062	1.0000	0.1561	0.1629	-0.0068	0.4866
72.0000	156.0000	Respond Naturally	Cauliflower	5.0000	4.0000	6.0000	2	1.0000	1.0247	0.1176	-0.0084	1.0000	0.5206	0.3816	-1.0000	0.3719	0.3818	-0.0099	1.0670
72.0000	157.0000	Respond Naturally	BrusselsSprouts	1.0000	1.0000	6.0000	2	-1.0000	1.3438	0.1006	0.5161	2.0000	0.7556	0.3585	-1.0000	0.2892	0.3246	-0.0353	1.5167
72.0000	158.0000	Respond Naturally	Prunes	1.0000	1.0000	5.0000	5	-1.0000	1.3944	0.3362	-0.0161	1.0000	0.8903	0.4584	1.0000	0.9961	0.9963	-0.0002	1.8662
72.0000	159.0000	Respond Naturally	WaterChestnuts	1.0000	1.0000	5.0000	5	-1.0000	0.7552	0.1510	0.5371	0.0000	0.1510	0.0873	-1.0000	0.0875	0.0875	-0.0000	0.1438
72.0000	160.0000	Respond Naturally	PopTartStrawberry	1.0000	1.0000	2.0000	5	-1.0000	0.8733	0.1342	0.2585	0.0000	0.1342	0.1424	-1.0000	0.0274	0.0517	-0.0243	0.2220
72.0000	161.0000	Respond Naturally	SkimMilk	1.0000	4.0000	5.0000	4	1.0000	0.8568	0.2688	0.4867	0.0000	0.2688	0.4029	1.0000	-0.1577	0.0693	-0.2270	-0.7780
72.0000	162.0000	Respond Naturally	FrootLoops	1.0000	4.0000	2.0000	2	-1.0000	0.8066	0.1008	-0.6054	1.0000	0.3529	0.2627	1.0000	0.3140	0.3140	-0.0000	0.8456
72.0000	163.0000	Respond Naturally	VanillaGreekYogurt	6.0000	2.0000	4.0000	2	-1.0000	1.4785	0.2352	-0.3559	2.0000	0.8569	0.3728	-1.0000	0.5403	0.5588	-0.0185	1.3602
72.0000	164.0000	Respond Naturally	CheeseNips	4.0000	2.0000	3.0000	5	-1.0000	0.9241	0.1513	-0.2048	0.0000	0.1513	0.3330	-1.0000	0.0448	0.0730	-0.0282	0.3010
72.0000	165.0000	Respond Naturally	AllBranCereal	1.0000	1.0000	5.0000	6	-1.0000	0.7725	0.1681	-0.4893	0.0000	0.1681	0.1563	-1.0000	0.1018	0.1213	-0.0195	0.4499
72.0000	166.0000	Respond Naturally	Strawberries	5.0000	4.0000	5.0000	3	1.0000	1.7298	0.3023	0.0639	1.0000	0.4200	0.3419	-1.0000	0.0819	0.0849	-0.0030	0.4959
72.0000	167.0000	Respond Naturally	PCChipCookie	3.0000	4.0000	2.0000	5	-1.0000	0.8398	0.2353	0.2498	1.0000	0.3694	0.1957	1.0000	0.1475	0.1497	-0.0022	0.5137
72.0000	168.0000	Respond Naturally	FrozenPeas	4.0000	4.0000	5.0000	6	1.0000	1.0076	0.1679	0.1118	1.0000	0.4533	0.1993	-1.0000	0.5189	0.5189	-0.0000	1.1605
72.0000	169.0000	Respond Naturally	TofuDessert	5.0000	6.0000	5.0000	4	1.0000	1.3941	0.1006	-0.5374	1.0000	0.6717	0.3278	-1.0000	0.5137	0.5337	-0.0200	1.3868
72.0000	170.0000	Respond Naturally	Raspberries	5.0000	4.0000	5.0000	5	1.0000	1.3097	0.1344	-0.2805	1.0000	0.4032	0.2152	-1.0000	0.1964	0.1964	-0.0000	0.8966
72.0000	171.0000	Focus on Health	SunChips	1.0000	3.0000	2.0000	4	-1.0000	0.8738	0.1848	0.7754	1.0000	0.3697	0.3818	1.0000	0.1313	0.2117	-0.0804	0.8790
72.0000	172.0000	Focus on Health	VanillaGreekYogurt	6.0000	2.0000	5.0000	4	-1.0000	1.3612	0.1008	-0.7213	5.0000	1.0755	0.5602	1.0000	0.2606	0.3009	-0.0402	0.9156
72.0000	173.0000	Focus on Health	Smartfood	5.0000	4.0000	1.0000	4	-1.0000	0.8903	0.3692	-0.7960	0.0000	0.3692	0.2253	-1.0000	0.2747	0.2747	-0.0000	0.5618
72.0000	174.0000	Focus on Health	PopTartStrawberry	1.0000	1.0000	1.0000	2	-1.0000	0.7555	0.1340	-0.3675	0.0000	0.1340	0.1938	-1.0000	0.1266	0.1294	-0.0028	0.4215
72.0000	175.0000	Focus on Health	MnMPlain	1.0000	4.0000	5.0000	3	-1.0000	0.7053	0.1681	-0.1167	0.0000	0.1681	0.1275	-1.0000	0.0892	0.0892	-0.0000	0.1637
72.0000	176.0000	Focus on Health	RomaineLettuce	1.0000	4.0000	6.0000	2	1.0000	2.3679	0.1513	-0.0108	1.0000	0.8402	0.3329	-1.0000	0.9592	0.9592	-0.0000	1.4806
72.0000	177.0000	Focus on Health	Cheerios	1.0000	1.0000	3.0000	5	-1.0000	0.9236	0.1007	-0.0000	0.0000	0.1007	0.1820	-1.0000	-0.0056	0.0331	-0.0388	-0.1523
72.0000	178.0000	Focus on Health	SlicedTurkey	4.0000	4.0000	3.0000	2	-1.0000	0.9577	0.1009	-0.1154	2.0000	0.5883	0.2776	-1.0000	0.0757	0.0781	-0.0024	0.2457
72.0000	179.0000	Focus on Health	Mackerel	1.0000	1.0000	6.0000	3	-1.0000	2.3684	0.1849	-0.5354	2.0000	1.8979	0.4392	-1.0000	0.8924	0.9102	-0.0178	1.5285
72.0000	180.0000	Focus on Health	Aero	3.0000	2.0000	1.0000	1	-1.0000	0.7050	0.1007	0.0834	0.0000	0.1007	0.1501	-1.0000	0.0554	0.0554	-0.0000	0.1179
72.0000	181.0000	Respond Naturally	AppleChips	4.0000	4.0000	5.0000	2	1.0000	1.4619	0.2353	0.9655	1.0000	0.5378	0.1856	-1.0000	0.2817	0.3032	-0.0215	1.3682
72.0000	182.0000	Respond Naturally	BabyFoodCarrots	1.0000	1.0000	6.0000	5	-1.0000	0.9412	0.2688	-0.4935	0.0000	0.2688	0.1319	-1.0000	0.0972	0.1119	-0.0147	0.4040
72.0000	183.0000	Respond Naturally	GreenBeans	4.0000	4.0000	6.0000	2	-1.0000	0.8063	0.2517	-0.0378	0.0000	0.2517	0.2041	-1.0000	0.0552	0.0670	-0.0118	0.2028
72.0000	184.0000	Respond Naturally	SlimStyles	6.0000	2.0000	5.0000	6	-1.0000	0.7557	0.1005	-0.0431	0.0000	0.1005	0.1586	-1.0000	0.1030	0.1030	-0.0000	0.3160
72.0000	185.0000	Respond Naturally	Mars	2.0000	3.0000	1.0000	2	-1.0000	0.9072	0.1343	0.1783	0.0000	0.1343	0.1404	-1.0000	0.0862	0.0862	-0.0000	0.2004
72.0000	186.0000	Respond Naturally	Starburst	2.0000	3.0000	1.0000	6	-1.0000	0.7222	0.1006	0.2800	0.0000	0.1006	0.0767	-1.0000	0.0870	0.0870	-0.0000	0.1539
72.0000	187.0000	Respond Naturally	FrozenCorn	5.0000	4.0000	5.0000	4	-1.0000	1.0749	0.1177	0.7021	2.0000	0.7726	0.2089	-1.0000	0.0937	0.0937	-0.0000	0.1647
72.0000	188.0000	Respond Naturally	VegetableThins	1.0000	5.0000	4.0000	2	-1.0000	0.9906	0.1176	0.0905	0.0000	0.1176	0.1862	-1.0000	-0.0057	0.0448	-0.0504	0.2080
72.0000	189.0000	Respond Naturally	FrozenPeaches	1.0000	4.0000	5.0000	2	1.0000	0.8738	0.1175	-0.2083	1.0000	0.3697	0.4372	-1.0000	0.5588	0.5588	-0.0000	1.3365
72.0000	190.0000	Respond Naturally	Almonds	3.0000	4.0000	5.0000	4	1.0000	0.7558	0.1008	0.4545	0.0000	0.1008	0.1335	1.0000	-0.0322	0.0192	-0.0515	-0.1450
72.0000	191.0000	Focus on Health	Pringles	4.0000	1.0000	2.0000	2	-1.0000	1.0082	0.2017	-0.7269	1.0000	0.3193	0.2790	1.0000	0.1397	0.1565	-0.0168	0.7256
72.0000	192.0000	Focus on Health	Mackerel	1.0000	1.0000	4.0000	1	-1.0000	0.6713	0.1005	0.0259	0.0000	0.1005	0.1399	-1.0000	0.0655	0.0702	-0.0048	0.2136
72.0000	193.0000	Focus on Health	Orange	4.0000	6.0000	6.0000	5	1.0000	0.9913	0.1176	-0.6674	1.0000	0.4034	0.3060	-1.0000	0.5708	0.5708	-0.0000	1.3297
72.0000	194.0000	Focus on Health	DriedHerring	1.0000	1.0000	5.0000	3	-1.0000	1.2763	0.1009	-0.6505	1.0000	0.7222	0.3263	1.0000	0.6165	0.6165	-0.0000	1.3470
72.0000	195.0000	Focus on Health	Celery	5.0000	4.0000	5.0000	2	1.0000	1.4613	0.1007	-0.2916	1.0000	0.4200	0.2561	-1.0000	0.2721	0.2721	-0.0001	1.2197
72.0000	196.0000	Focus on Health	ClamJuice	1.0000	1.0000	4.0000	1	-1.0000	0.8227	0.1511	-0.0000	0.0000	0.1511	0.1789	-1.0000	0.0509	0.0751	-0.0242	0.2234
72.0000	197.0000	Focus on Health	DriedApricots	1.0000	1.0000	5.0000	5	-1.0000	1.0753	0.2858	0.3240	2.0000	0.6047	0.2838	-1.0000	0.3992	0.3992	-0.0000	1.3377
72.0000	198.0000	Focus on Health	Twizzlers	1.0000	1.0000	2.0000	2	-1.0000	0.7562	0.3865	NA	0.0000	0.3865	0.2169	-1.0000	0.1421	0.1421	-0.0000	0.3829
72.0000	199.0000	Focus on Health	KashiBars	3.0000	2.0000	4.0000	1	-1.0000	0.9237	0.1008	-0.0000	0.0000	0.1008	0.2768	-1.0000	0.0460	0.0509	-0.0049	0.2459
72.0000	200.0000	Focus on Health	MnMPeanuts	1.0000	4.0000	2.0000	4	-1.0000	0.6716	0.3025	0.2296	1.0000	0.4534	0.1631	1.0000	0.0853	0.0853	-0.0000	0.1862
