Subject	Trial	Instruction	Food	Liking	Taste	Health	Amount	Choice	ChoiceRT	FirstDevTimeChoice	InitAngleChoice	NumChangeMindChoice	FinalDevTimeChoice	MaxVelocityChoice	DrxFirstDevChoice	TotalAUCChoice	AUCtoNonChosenChoice	AUCtoChosenChoice	MaxDevChoice
99.0000	1.0000	Respond Naturally	RaisinBran	3.0000	1.0000	3.0000	7	-1.0000	1.0414	0.3362	0.8904	0.0000	0.3362	0.2172	1.0000	0.0218	0.0319	-0.0101	0.1027
99.0000	2.0000	Respond Naturally	Smarties	4.0000	1.0000	2.0000	5	-1.0000	1.0255	0.2353	1.0243	0.0000	0.2353	0.0829	-1.0000	0.0253	0.0294	-0.0041	0.0652
99.0000	3.0000	Respond Naturally	ClamJuice	1.0000	1.0000	1.0000	1	-1.0000	1.0579	0.1511	0.4963	2.0000	0.4534	0.2457	-1.0000	0.1232	0.1235	-0.0003	0.3455
99.0000	4.0000	Respond Naturally	NatureValleyChocolate	6.0000	4.0000	5.0000	4	1.0000	2.2338	0.4026	-0.6654	2.0000	1.4777	0.2111	1.0000	1.0845	1.0845	-0.0000	1.5033
99.0000	5.0000	Respond Naturally	Strawberries	1.0000	3.0000	6.0000	2	-1.0000	1.0751	0.2181	0.0788	0.0000	0.2181	0.1246	-1.0000	0.0676	0.0676	-0.0000	0.2126
99.0000	6.0000	Respond Naturally	SpeltCakes	2.0000	4.0000	4.0000	2	-1.0000	0.7727	0.1175	0.6131	0.0000	0.1175	0.1689	-1.0000	0.0577	0.0577	-0.0000	0.1863
99.0000	7.0000	Respond Naturally	MnMPeanuts	1.0000	1.0000	1.0000	4	-1.0000	0.9912	0.2855	-0.3134	0.0000	0.2855	0.3388	-1.0000	0.7402	0.7654	-0.0253	1.4808
99.0000	8.0000	Respond Naturally	SlicedTurkey	2.0000	1.0000	2.0000	5	-1.0000	0.6048	0.2520	0.6731	0.0000	0.2520	0.1852	-1.0000	0.0061	0.0120	-0.0059	-0.0535
99.0000	9.0000	Respond Naturally	TofuDessert	1.0000	2.0000	2.0000	2	-1.0000	0.7727	0.1010	0.8443	0.0000	0.1010	0.2457	-1.0000	-0.0102	0.0000	-0.0102	-0.0494
99.0000	10.0000	Respond Naturally	Pringles	1.0000	1.0000	1.0000	5	-1.0000	0.6721	0.2689	0.8165	0.0000	0.2689	0.1549	-1.0000	-0.0288	0.0000	-0.0288	-0.0836
99.0000	11.0000	Decrease Desire	LaysClassic	2.0000	5.0000	1.0000	3	-1.0000	0.9407	0.1847	0.5914	0.0000	0.1847	0.2624	-1.0000	0.0510	0.0510	-0.0000	0.1457
99.0000	12.0000	Decrease Desire	FrozenCorn	6.0000	2.0000	6.0000	4	-1.0000	0.9742	0.2856	0.6044	0.0000	0.2856	0.1278	-1.0000	0.0673	0.0673	-0.0000	0.1245
99.0000	13.0000	Decrease Desire	Celery	4.0000	4.0000	5.0000	2	1.0000	1.0248	0.2016	0.1522	0.0000	0.2016	0.1755	1.0000	0.1632	0.1632	-0.0000	0.3498
99.0000	14.0000	Decrease Desire	Nutella	1.0000	1.0000	1.0000	1	1.0000	1.0246	0.1510	0.8467	0.0000	0.1510	0.1276	1.0000	0.1175	0.1177	-0.0002	0.1939
99.0000	15.0000	Decrease Desire	Butternut	4.0000	5.0000	4.0000	3	1.0000	1.0580	0.2184	0.5945	1.0000	0.5713	0.4018	-1.0000	0.3846	0.4022	-0.0176	1.2193
99.0000	16.0000	Decrease Desire	Bananas	1.0000	6.0000	5.0000	2	1.0000	1.1090	0.2856	0.5925	0.0000	0.2856	0.2060	1.0000	0.0923	0.0923	-0.0000	0.1857
99.0000	17.0000	Decrease Desire	AllBranBar	2.0000	4.0000	5.0000	3	-1.0000	0.8904	0.1849	-0.3284	0.0000	0.1849	0.3057	-1.0000	0.5069	0.5108	-0.0039	1.1240
99.0000	18.0000	Decrease Desire	AllBranBar	3.0000	4.0000	4.0000	1	1.0000	0.9410	0.4033	0.5496	0.0000	0.4033	0.1204	1.0000	0.1013	0.1019	-0.0006	0.2055
99.0000	19.0000	Decrease Desire	DriedHerring	1.0000	3.0000	3.0000	3	1.0000	0.4869	0.1341	0.6102	0.0000	0.1341	0.3723	1.0000	0.0864	0.0864	-0.0000	0.1977
99.0000	20.0000	Decrease Desire	PopTartStrawberry	1.0000	1.0000	1.0000	2	-1.0000	0.5209	0.3025	0.7347	0.0000	0.3025	0.2349	-1.0000	0.0533	0.0533	-0.0000	0.1164
99.0000	21.0000	Decrease Desire	SlimStyles	1.0000	1.0000	1.0000	2	-1.0000	0.8236	0.3026	0.5438	0.0000	0.3026	0.1748	-1.0000	0.1585	0.1585	-0.0000	0.2953
99.0000	22.0000	Decrease Desire	FrozenPeaches	1.0000	4.0000	5.0000	2	1.0000	0.7887	0.3189	0.1878	0.0000	0.3189	0.0993	1.0000	0.1654	0.1654	-0.0000	0.2803
99.0000	23.0000	Decrease Desire	YorkPeppermintPatties	1.0000	1.0000	1.0000	2	-1.0000	0.9236	0.2689	0.8867	0.0000	0.2689	0.1382	-1.0000	0.0311	0.0322	-0.0011	0.1269
99.0000	24.0000	Decrease Desire	HoneyNutCheerios	1.0000	1.0000	2.0000	5	-1.0000	0.8905	0.3192	0.2317	0.0000	0.3192	0.3106	-1.0000	0.1154	0.1154	-0.0000	0.3202
99.0000	25.0000	Decrease Desire	IceCreamChocolate	4.0000	4.0000	4.0000	1	-1.0000	0.7057	0.2354	0.3691	0.0000	0.2354	0.1707	-1.0000	0.1073	0.1073	-0.0000	0.2059
99.0000	26.0000	Decrease Desire	Cheetos	4.0000	4.0000	1.0000	3	1.0000	0.7056	0.2184	0.5988	0.0000	0.2184	0.1942	1.0000	0.0590	0.0878	-0.0288	0.3354
99.0000	27.0000	Decrease Desire	CoffeeCrisp	1.0000	5.0000	5.0000	1	1.0000	0.4872	0.1176	0.8111	0.0000	0.1176	0.2907	1.0000	-0.0335	0.0001	-0.0335	-0.0594
99.0000	28.0000	Decrease Desire	AppleChips	1.0000	1.0000	1.0000	2	-1.0000	0.5545	0.2857	0.3554	0.0000	0.2857	0.1610	-1.0000	0.0872	0.0872	-0.0000	0.2000
99.0000	29.0000	Decrease Desire	AlmondMilk	5.0000	5.0000	5.0000	2	1.0000	0.6217	0.1680	0.8225	0.0000	0.1680	0.1132	1.0000	0.0483	0.0492	-0.0009	0.0997
99.0000	30.0000	Decrease Desire	CannedArtichoke	1.0000	1.0000	4.0000	5	-1.0000	1.0579	0.1004	-0.6721	1.0000	0.6213	0.3709	1.0000	0.6312	0.6560	-0.0248	1.3238
99.0000	31.0000	Respond Naturally	RufflesSourCreamOnion	1.0000	5.0000	4.0000	3	-1.0000	0.4534	0.1845	0.5790	0.0000	0.1845	0.2615	-1.0000	0.0847	0.0847	-0.0000	0.1792
99.0000	32.0000	Respond Naturally	FrozenPeaches	1.0000	1.0000	4.0000	5	-1.0000	1.0750	0.1342	-0.4245	1.0000	0.6717	0.4161	1.0000	0.6509	0.6509	-0.0000	1.1168
99.0000	33.0000	Respond Naturally	PCChipCookie	1.0000	4.0000	2.0000	2	-1.0000	0.5206	0.2854	0.6584	0.0000	0.2854	0.1448	-1.0000	0.0008	0.0104	-0.0096	0.0544
99.0000	34.0000	Respond Naturally	Almonds	1.0000	1.0000	3.0000	4	-1.0000	0.6216	0.1178	0.7694	0.0000	0.1178	0.2431	-1.0000	-0.0240	0.0013	-0.0254	-0.0588
99.0000	35.0000	Respond Naturally	TofuDessert	1.0000	1.0000	3.0000	4	-1.0000	0.7226	0.1008	0.6865	0.0000	0.1008	0.2375	-1.0000	-0.0331	0.0029	-0.0360	-0.0609
99.0000	36.0000	Respond Naturally	KashiBars	1.0000	1.0000	3.0000	4	-1.0000	0.6385	0.1344	0.7854	0.0000	0.1344	0.3114	-1.0000	-0.0435	0.0015	-0.0450	-0.1253
99.0000	37.0000	Respond Naturally	Tuna	1.0000	2.0000	5.0000	4	-1.0000	0.4537	0.1008	0.8931	0.0000	0.1008	0.2314	-1.0000	-0.0577	0.0000	-0.0577	-0.0995
99.0000	38.0000	Respond Naturally	SpeltCakes	1.0000	1.0000	3.0000	5	-1.0000	0.5209	0.3361	0.5795	0.0000	0.3361	0.2564	1.0000	0.0742	0.0743	-0.0000	0.1267
99.0000	39.0000	Respond Naturally	Butternut	3.0000	1.0000	6.0000	7	-1.0000	0.4193	0.1340	0.7560	0.0000	0.1340	0.2116	-1.0000	0.0163	0.0199	-0.0036	0.0589
99.0000	40.0000	Respond Naturally	SkittlesSour	4.0000	2.0000	1.0000	3	-1.0000	0.3867	0.1009	0.8009	0.0000	0.1009	0.2829	-1.0000	-0.0362	0.0001	-0.0362	-0.0727
99.0000	41.0000	Respond Naturally	WelchsFruitSnacks	4.0000	5.0000	3.0000	1	-1.0000	0.4199	0.1679	0.9285	0.0000	0.1679	0.2966	1.0000	-0.0945	0.0000	-0.0945	-0.1790
99.0000	42.0000	Respond Naturally	ClamJuice	1.0000	2.0000	1.0000	3	1.0000	0.7051	0.1006	0.6683	0.0000	0.1006	0.4682	1.0000	-0.0028	0.0111	-0.0139	0.1111
99.0000	43.0000	Respond Naturally	CheeseNips	4.0000	4.0000	1.0000	2	-1.0000	0.6713	0.3187	0.9249	0.0000	0.3187	0.3034	1.0000	-0.1051	0.0000	-0.1051	-0.2253
99.0000	44.0000	Respond Naturally	Broccoli	1.0000	1.0000	4.0000	4	-1.0000	0.8906	0.2185	-0.2842	1.0000	0.4536	0.3070	1.0000	0.4989	0.5092	-0.0103	1.0412
99.0000	45.0000	Respond Naturally	BabyFoodSweetPotatos	1.0000	1.0000	4.0000	5	1.0000	1.2267	0.1512	-1.1292	1.0000	0.7058	0.1998	-1.0000	0.2747	0.2851	-0.0105	0.9292
99.0000	46.0000	Respond Naturally	WaterChestnuts	1.0000	2.0000	4.0000	3	-1.0000	0.6046	0.1679	1.0274	0.0000	0.1679	0.1962	1.0000	-0.0756	0.0000	-0.0756	-0.2908
99.0000	47.0000	Respond Naturally	SkimMilk	4.0000	3.0000	6.0000	4	-1.0000	4.3332	0.1009	0.4602	2.0000	3.0900	0.2827	-1.0000	0.3887	0.3900	-0.0013	1.5928
99.0000	48.0000	Respond Naturally	HoneyNutCheerios	6.0000	4.0000	4.0000	2	1.0000	1.1259	0.3191	-0.6472	1.0000	0.6551	0.3062	-1.0000	0.6826	0.6826	-0.0000	1.1824
99.0000	49.0000	Respond Naturally	RiceKrispiesCereal	4.0000	1.0000	1.0000	7	-1.0000	0.8737	0.3193	-0.6373	1.0000	0.4873	0.3870	1.0000	0.6618	0.6618	-0.0000	1.1125
99.0000	50.0000	Respond Naturally	Tuna	4.0000	5.0000	5.0000	2	1.0000	0.4533	0.1342	0.7380	0.0000	0.1342	0.2288	1.0000	-0.0129	0.0031	-0.0160	-0.0473
99.0000	51.0000	Decrease Desire	Mackerel	1.0000	1.0000	3.0000	3	1.0000	0.7896	0.4033	-0.5106	0.0000	0.4033	0.2884	1.0000	0.6433	0.6444	-0.0011	1.1786
99.0000	52.0000	Decrease Desire	Beets	1.0000	4.0000	3.0000	2	-1.0000	0.8902	0.1508	0.8583	0.0000	0.1508	0.1154	-1.0000	0.0338	0.0350	-0.0012	0.1041
99.0000	53.0000	Decrease Desire	RitzCrackers	1.0000	5.0000	4.0000	2	1.0000	1.2095	0.1679	-0.4981	1.0000	0.4031	0.3564	-1.0000	0.5929	0.6371	-0.0441	1.3229
99.0000	54.0000	Decrease Desire	Mentos	2.0000	1.0000	2.0000	5	-1.0000	0.8065	0.1344	0.5223	1.0000	0.3024	0.6623	1.0000	-0.1250	0.0283	-0.1533	0.5052
99.0000	55.0000	Decrease Desire	MnMPlain	4.0000	5.0000	1.0000	3	-1.0000	0.7898	0.2688	0.9702	1.0000	0.3864	0.1530	1.0000	-0.0086	0.0124	-0.0210	-0.0655
99.0000	56.0000	Decrease Desire	FrozenBroccoli	2.0000	5.0000	5.0000	2	1.0000	0.7559	0.1343	1.1967	0.0000	0.1343	0.2504	1.0000	0.0327	0.0500	-0.0174	0.1337
99.0000	57.0000	Decrease Desire	Smartfood	6.0000	4.0000	1.0000	2	1.0000	0.6046	0.4533	1.2732	0.0000	0.4533	0.2598	-1.0000	-0.0861	0.0149	-0.1010	-0.4230
99.0000	58.0000	Decrease Desire	MnMPeanuts	2.0000	5.0000	1.0000	2	1.0000	1.3941	0.2686	-0.5247	0.0000	0.2686	0.3609	1.0000	0.5329	0.5329	-0.0000	1.2475
99.0000	59.0000	Decrease Desire	SlimStyles	1.0000	1.0000	1.0000	6	-1.0000	0.8907	0.4201	-0.8168	0.0000	0.4201	0.2764	-1.0000	0.6260	0.6260	-0.0000	1.1485
99.0000	60.0000	Decrease Desire	FrozenBlueberries	6.0000	3.0000	6.0000	3	1.0000	1.0075	0.3525	-1.0275	1.0000	0.5372	0.3178	-1.0000	0.5486	0.5486	-0.0000	1.1557
99.0000	61.0000	Decrease Desire	RedPepper	5.0000	4.0000	4.0000	2	1.0000	0.9408	0.3023	-0.1512	1.0000	0.4367	0.2810	-1.0000	0.4542	0.4542	-0.0000	0.9221
99.0000	62.0000	Decrease Desire	SunChips	5.0000	5.0000	1.0000	2	-1.0000	1.1419	0.5706	NA	0.0000	0.5706	0.2821	-1.0000	0.0702	0.0702	-0.0000	0.2857
99.0000	63.0000	Decrease Desire	AllBranCereal	2.0000	2.0000	4.0000	6	1.0000	0.6722	0.1345	0.7505	0.0000	0.1345	0.1585	1.0000	0.0132	0.0217	-0.0085	-0.0664
99.0000	64.0000	Decrease Desire	VegetableThins	4.0000	5.0000	4.0000	2	1.0000	1.5282	0.2013	-0.9444	1.0000	0.9738	0.4607	-1.0000	0.5463	0.5937	-0.0475	1.2299
99.0000	65.0000	Decrease Desire	Snickers	1.0000	1.0000	1.0000	3	-1.0000	1.6635	0.1344	0.4768	2.0000	0.8739	0.5923	-1.0000	0.5171	0.5460	-0.0289	1.7328
99.0000	66.0000	Decrease Desire	AppleChips	1.0000	2.0000	1.0000	5	-1.0000	1.2097	0.3528	0.1591	2.0000	0.7225	0.2201	-1.0000	0.0761	0.0855	-0.0094	0.5127
99.0000	67.0000	Decrease Desire	RitzCrackers	1.0000	1.0000	1.0000	5	-1.0000	0.7564	0.3027	0.9404	0.0000	0.3027	0.2230	-1.0000	-0.0907	0.0014	-0.0921	-0.2365
99.0000	68.0000	Decrease Desire	CornFlakes	1.0000	1.0000	1.0000	6	-1.0000	0.9235	0.2349	0.1162	0.0000	0.2349	0.1189	-1.0000	-0.0404	0.0272	-0.0676	-0.1474
99.0000	69.0000	Decrease Desire	RomaineLettuce	1.0000	2.0000	5.0000	4	-1.0000	0.6218	0.1174	0.8450	0.0000	0.1174	0.2666	-1.0000	-0.0792	0.0000	-0.0792	-0.1755
99.0000	70.0000	Decrease Desire	Mars	4.0000	5.0000	1.0000	2	1.0000	0.8734	0.4199	-0.8228	0.0000	0.4199	0.2387	1.0000	0.6731	0.6746	-0.0015	1.2764
99.0000	71.0000	Respond Naturally	Starburst	3.0000	1.0000	1.0000	3	1.0000	0.7223	0.1176	0.0283	0.0000	0.1176	0.1473	1.0000	0.1911	0.1911	-0.0000	0.3563
99.0000	72.0000	Respond Naturally	OikosYogurt	6.0000	5.0000	5.0000	3	1.0000	1.2433	0.1176	-0.5870	1.0000	0.8234	0.2814	-1.0000	0.7665	0.7665	-0.0000	1.2677
99.0000	73.0000	Respond Naturally	GreenBeans	4.0000	1.0000	5.0000	4	-1.0000	1.1595	0.1009	-0.2893	1.0000	0.4706	0.4056	1.0000	0.4093	0.4093	-0.0000	1.0615
99.0000	74.0000	Respond Naturally	DriedHerring	1.0000	1.0000	1.0000	1	-1.0000	0.7900	0.3530	0.8102	0.0000	0.3530	0.0808	-1.0000	0.0060	0.0235	-0.0176	-0.0953
99.0000	75.0000	Respond Naturally	PureFit	1.0000	1.0000	1.0000	2	-1.0000	0.6723	0.1008	0.4795	0.0000	0.1008	0.1058	-1.0000	0.0626	0.0632	-0.0005	0.1683
99.0000	76.0000	Respond Naturally	GreenApple	1.0000	4.0000	6.0000	2	-1.0000	0.5376	0.1008	0.7260	0.0000	0.1008	0.2232	-1.0000	0.0018	0.0060	-0.0041	0.0496
99.0000	77.0000	Respond Naturally	BrusselsSprouts	1.0000	1.0000	3.0000	4	-1.0000	0.5547	0.1008	0.6508	0.0000	0.1008	0.1275	-1.0000	-0.0257	0.0044	-0.0301	-0.0993
99.0000	78.0000	Respond Naturally	Raspberries	1.0000	1.0000	2.0000	5	-1.0000	0.5377	0.2689	0.9773	0.0000	0.2689	0.2256	1.0000	-0.1405	0.0001	-0.1406	-0.2868
99.0000	79.0000	Respond Naturally	WaterChestnuts	1.0000	1.0000	3.0000	5	-1.0000	0.4532	0.3024	0.6942	0.0000	0.3024	0.2924	1.0000	-0.0336	0.0091	-0.0427	-0.0810
99.0000	80.0000	Respond Naturally	SunChips	4.0000	1.0000	1.0000	4	1.0000	1.2774	0.1179	-0.6356	1.0000	0.7566	0.4730	-1.0000	0.5342	0.5514	-0.0172	1.3361
99.0000	81.0000	Respond Naturally	PureFit	1.0000	1.0000	1.0000	4	-1.0000	1.2936	0.1510	0.3086	3.0000	0.8903	0.2801	1.0000	0.8161	0.8161	-0.0000	1.4906
99.0000	82.0000	Respond Naturally	Nutella	1.0000	1.0000	1.0000	4	-1.0000	1.3943	0.1513	-0.1142	2.0000	0.6885	0.3295	-1.0000	0.5312	0.5312	-0.0000	1.2630
99.0000	83.0000	Respond Naturally	SevenGrain	1.0000	5.0000	4.0000	1	-1.0000	0.5878	0.4366	0.6956	0.0000	0.4366	0.1373	-1.0000	0.0664	0.0664	-0.0000	0.1261
99.0000	84.0000	Respond Naturally	MangoChunks	6.0000	5.0000	3.0000	2	-1.0000	0.3862	0.1007	0.6795	0.0000	0.1007	0.3288	-1.0000	0.0209	0.0209	-0.0000	0.1044
99.0000	85.0000	Respond Naturally	Smarties	5.0000	5.0000	1.0000	2	-1.0000	0.5042	0.1008	0.8576	0.0000	0.1008	0.2881	-1.0000	-0.0443	0.0000	-0.0443	-0.0859
99.0000	86.0000	Respond Naturally	Mars	4.0000	1.0000	1.0000	4	-1.0000	0.9074	0.3025	0.3784	2.0000	0.6386	0.2854	-1.0000	0.0995	0.1607	-0.0612	0.7373
99.0000	87.0000	Respond Naturally	Aero	4.0000	3.0000	1.0000	3	-1.0000	0.7217	0.1174	0.5983	0.0000	0.1174	0.6103	-1.0000	0.0711	0.0711	-0.0000	0.1744
99.0000	88.0000	Respond Naturally	SkimMilk	3.0000	5.0000	4.0000	1	-1.0000	0.3525	0.2016	0.5733	0.0000	0.2016	0.2873	-1.0000	0.0625	0.0625	-0.0000	0.1741
99.0000	89.0000	Respond Naturally	RedPepper	4.0000	1.0000	3.0000	5	-1.0000	0.3862	0.1679	0.6600	0.0000	0.1679	0.3009	-1.0000	0.0137	0.0192	-0.0056	0.1107
99.0000	90.0000	Respond Naturally	SevenGrain	3.0000	1.0000	2.0000	3	-1.0000	0.2517	0.1007	0.7129	0.0000	0.1007	0.3202	-1.0000	0.0112	0.0144	-0.0032	0.0725
99.0000	91.0000	Decrease Desire	BabyFoodCarrots	1.0000	3.0000	6.0000	3	-1.0000	0.4366	0.2518	0.6812	0.0000	0.2518	0.2140	-1.0000	0.0037	0.0084	-0.0047	0.0537
99.0000	92.0000	Decrease Desire	Caramilk	1.0000	5.0000	1.0000	2	-1.0000	0.4031	0.2519	0.8035	0.0000	0.2519	0.2467	-1.0000	-0.0766	0.0008	-0.0774	-0.1355
99.0000	93.0000	Decrease Desire	FrozenOkra	6.0000	5.0000	6.0000	5	-1.0000	0.7042	0.1008	0.7922	0.0000	0.1008	0.3602	-1.0000	-0.0189	0.0403	-0.0591	-0.1603
99.0000	94.0000	Decrease Desire	Cauliflower	3.0000	1.0000	4.0000	6	-1.0000	0.4030	0.1343	0.8660	0.0000	0.1343	0.2194	-1.0000	-0.0484	0.0000	-0.0484	-0.0886
99.0000	95.0000	Decrease Desire	Skittles	4.0000	1.0000	1.0000	6	-1.0000	1.0073	0.1513	0.7364	0.0000	0.1513	0.1567	-1.0000	0.0305	0.0305	-0.0000	0.1314
99.0000	96.0000	Decrease Desire	FrozenPeas	6.0000	1.0000	6.0000	6	-1.0000	0.7730	0.1678	-0.1507	0.0000	0.1678	0.1296	-1.0000	0.0685	0.0711	-0.0026	0.1757
99.0000	97.0000	Decrease Desire	CannedArtichoke	1.0000	5.0000	5.0000	2	-1.0000	0.6548	0.1008	1.0151	0.0000	0.1008	0.1199	-1.0000	-0.0299	0.0000	-0.0299	-0.1192
99.0000	98.0000	Decrease Desire	Mentos	4.0000	4.0000	1.0000	2	-1.0000	0.5706	0.3861	1.0012	0.0000	0.3861	0.1473	1.0000	-0.0435	0.0000	-0.0435	-0.0806
99.0000	99.0000	Decrease Desire	FrootLoops	1.0000	2.0000	1.0000	2	-1.0000	0.4195	0.1007	0.7153	0.0000	0.1007	0.1621	-1.0000	0.0214	0.0215	-0.0001	0.0662
99.0000	100.0000	Decrease Desire	OatBran	3.0000	2.0000	4.0000	4	-1.0000	0.4199	0.2519	0.9058	0.0000	0.2519	0.1752	-1.0000	-0.0052	0.0045	-0.0097	-0.0551
99.0000	101.0000	Respond Naturally	Orange	5.0000	4.0000	6.0000	5	-1.0000	0.4033	0.2688	0.7297	0.0000	0.2688	0.2869	-1.0000	0.0250	0.0250	-0.0000	0.0491
99.0000	102.0000	Respond Naturally	LaysClassic	1.0000	1.0000	1.0000	4	-1.0000	0.6384	0.1679	0.8199	0.0000	0.1679	0.2577	1.0000	-0.0616	0.0000	-0.0616	-0.1076
99.0000	103.0000	Respond Naturally	OatBran	2.0000	4.0000	5.0000	2	1.0000	0.7057	0.1848	0.5341	0.0000	0.1848	0.1145	1.0000	0.0846	0.0846	-0.0000	0.2068
99.0000	104.0000	Respond Naturally	Reese	3.0000	1.0000	1.0000	4	1.0000	0.5881	0.3193	0.5630	0.0000	0.3193	0.1935	1.0000	0.0814	0.0814	-0.0000	0.1648
99.0000	105.0000	Respond Naturally	Doritos	2.0000	2.0000	1.0000	5	-1.0000	0.5209	0.1008	0.8695	0.0000	0.1008	0.2374	-1.0000	-0.0553	0.0000	-0.0553	-0.1129
99.0000	106.0000	Respond Naturally	DriedApricots	3.0000	5.0000	5.0000	2	1.0000	0.6884	0.1007	0.9142	0.0000	0.1007	0.1694	1.0000	0.0734	0.0751	-0.0017	0.1210
99.0000	107.0000	Respond Naturally	GreenPepper	5.0000	4.0000	4.0000	2	-1.0000	0.5043	0.2521	0.8657	0.0000	0.2521	0.1695	-1.0000	-0.0279	0.0001	-0.0280	-0.1123
99.0000	108.0000	Respond Naturally	Cheerios	1.0000	1.0000	3.0000	5	-1.0000	0.4705	0.1008	0.8890	0.0000	0.1008	0.1609	-1.0000	-0.0597	0.0000	-0.0597	-0.1248
99.0000	109.0000	Respond Naturally	Shreddies	1.0000	1.0000	4.0000	5	-1.0000	0.4702	0.1345	0.7969	0.0000	0.1345	0.2374	-1.0000	0.0057	0.0079	-0.0022	0.0289
99.0000	110.0000	Respond Naturally	Asparagus	5.0000	3.0000	4.0000	3	-1.0000	0.5039	0.1511	0.7566	0.0000	0.1511	0.1399	-1.0000	-0.0142	0.0014	-0.0156	-0.0582
99.0000	111.0000	Decrease Desire	Onion	1.0000	4.0000	6.0000	2	1.0000	0.5208	0.1008	0.0368	0.0000	0.1008	0.2166	1.0000	0.0724	0.0724	-0.0000	0.2323
99.0000	112.0000	Decrease Desire	MnMPlain	2.0000	1.0000	1.0000	5	-1.0000	0.3192	0.1344	0.9577	0.0000	0.1344	0.2830	-1.0000	-0.0808	0.0000	-0.0808	-0.1666
99.0000	113.0000	Decrease Desire	BabyFoodSweetPotatos	1.0000	5.0000	2.0000	2	-1.0000	0.2857	0.1009	0.7305	0.0000	0.1009	0.2750	-1.0000	0.0008	0.0084	-0.0076	0.0547
99.0000	114.0000	Decrease Desire	Cheetos	4.0000	1.0000	1.0000	6	-1.0000	0.4033	0.1008	0.9269	0.0000	0.1008	0.2735	-1.0000	-0.0536	0.0000	-0.0536	-0.1416
99.0000	115.0000	Decrease Desire	IceCreamChocolate	4.0000	5.0000	2.0000	4	-1.0000	0.3191	0.1006	0.8125	0.0000	0.1006	0.2696	-1.0000	-0.0058	0.0015	-0.0073	-0.0265
99.0000	116.0000	Decrease Desire	EnglishCucumber	1.0000	5.0000	3.0000	2	-1.0000	0.5039	0.3023	0.5794	0.0000	0.3023	0.2245	-1.0000	0.1443	0.1443	-0.0000	0.2186
99.0000	117.0000	Decrease Desire	Mackerel	1.0000	4.0000	5.0000	1	-1.0000	0.4871	0.1008	0.8051	0.0000	0.1008	0.4421	-1.0000	-0.0493	0.0010	-0.0503	-0.0799
99.0000	118.0000	Decrease Desire	PopTartStrawberry	1.0000	1.0000	1.0000	5	-1.0000	0.4028	0.1006	0.7384	0.0000	0.1006	0.2609	-1.0000	-0.0144	0.0053	-0.0197	0.0485
99.0000	119.0000	Decrease Desire	PCChipCookie	1.0000	1.0000	2.0000	5	-1.0000	0.4367	0.1007	0.9825	0.0000	0.1007	0.2555	-1.0000	-0.1113	0.0000	-0.1113	-0.2051
99.0000	120.0000	Decrease Desire	FrozenCorn	5.0000	6.0000	5.0000	2	-1.0000	0.3190	0.1006	0.8418	0.0000	0.1006	0.2487	-1.0000	-0.0312	0.0000	-0.0312	-0.0751
99.0000	121.0000	Respond Naturally	Avocado	1.0000	1.0000	1.0000	5	-1.0000	0.4702	0.1006	0.6338	0.0000	0.1006	0.2845	-1.0000	0.1050	0.1050	-0.0000	0.1610
99.0000	122.0000	Respond Naturally	RufflesSourCreamOnion	1.0000	1.0000	1.0000	5	-1.0000	0.4031	0.1511	0.7185	0.0000	0.1511	0.2625	-1.0000	0.0272	0.0272	-0.0000	0.0478
99.0000	123.0000	Respond Naturally	BBQCrisps	4.0000	2.0000	3.0000	6	-1.0000	0.4364	0.1342	0.8212	0.0000	0.1342	0.2494	-1.0000	-0.0346	0.0000	-0.0346	-0.0684
99.0000	124.0000	Respond Naturally	Shreddies	1.0000	4.0000	6.0000	2	-1.0000	0.3023	0.1007	0.8193	0.0000	0.1007	0.3123	-1.0000	-0.0261	0.0005	-0.0266	-0.0859
99.0000	125.0000	Respond Naturally	FrozenPeas	5.0000	5.0000	5.0000	2	-1.0000	0.6213	0.4032	0.6967	0.0000	0.4032	0.3169	1.0000	-0.0113	0.0070	-0.0183	0.0756
99.0000	126.0000	Respond Naturally	FrozenOkra	5.0000	6.0000	6.0000	2	-1.0000	0.4536	0.1513	0.8254	0.0000	0.1513	0.2807	-1.0000	-0.0171	0.0000	-0.0171	-0.0437
99.0000	127.0000	Respond Naturally	Almonds	1.0000	4.0000	2.0000	2	-1.0000	0.6718	0.1006	0.7497	0.0000	0.1006	0.3396	-1.0000	-0.0298	0.0026	-0.0324	-0.0610
99.0000	128.0000	Respond Naturally	Prunes	1.0000	3.0000	3.0000	5	-1.0000	0.4367	0.1006	0.5926	0.0000	0.1006	0.2662	-1.0000	-0.0068	0.0136	-0.0204	0.1116
99.0000	129.0000	Respond Naturally	Doritos	4.0000	5.0000	2.0000	2	-1.0000	0.6550	0.1008	0.8119	0.0000	0.1008	0.3374	-1.0000	-0.0249	0.0005	-0.0254	-0.0895
99.0000	130.0000	Respond Naturally	ClifBar	1.0000	1.0000	1.0000	4	-1.0000	0.7553	0.3526	0.8318	0.0000	0.3526	0.2182	-1.0000	0.0125	0.0395	-0.0271	0.1192
99.0000	131.0000	Decrease Desire	ProMax	1.0000	1.0000	1.0000	2	-1.0000	0.4532	0.2852	1.0101	0.0000	0.2852	0.2218	-1.0000	-0.0610	0.0000	-0.0610	-0.1673
99.0000	132.0000	Decrease Desire	Starburst	1.0000	2.0000	1.0000	6	-1.0000	0.7393	0.2520	0.8730	0.0000	0.2520	0.1539	-1.0000	0.0021	0.0205	-0.0184	-0.0799
99.0000	133.0000	Decrease Desire	Pringles	1.0000	4.0000	1.0000	2	-1.0000	0.6045	0.4367	0.6755	0.0000	0.4367	0.2441	1.0000	0.0203	0.0207	-0.0004	0.0725
99.0000	134.0000	Decrease Desire	RiceKrispiesCereal	1.0000	5.0000	1.0000	3	-1.0000	9.9868	0.1176	1.0315	0.0000	0.1176	0.2871	-1.0000	0.0473	0.0478	-0.0006	0.0923
99.0000	135.0000	Decrease Desire	ClifBar	1.0000	4.0000	1.0000	2	-1.0000	0.5881	0.1849	0.3735	0.0000	0.1849	0.1877	-1.0000	0.0846	0.0866	-0.0019	0.2547
99.0000	136.0000	Decrease Desire	BrusselsSprouts	1.0000	5.0000	5.0000	2	-1.0000	0.4537	0.2353	0.8672	0.0000	0.2353	0.2162	-1.0000	0.0254	0.0386	-0.0132	0.0891
99.0000	137.0000	Decrease Desire	Orange	1.0000	4.0000	4.0000	1	-1.0000	0.3528	0.1008	0.8491	0.0000	0.1008	0.2492	-1.0000	-0.0131	0.0000	-0.0131	-0.0385
99.0000	138.0000	Decrease Desire	WelchsFruitSnacks	1.0000	1.0000	2.0000	3	-1.0000	0.3525	0.1006	0.6462	0.0000	0.1006	0.3645	-1.0000	0.0229	0.0235	-0.0006	0.1049
99.0000	139.0000	Decrease Desire	EnglishCucumber	1.0000	2.0000	4.0000	5	-1.0000	0.7222	0.1343	0.1022	0.0000	0.1343	0.2900	-1.0000	-0.0393	0.0020	-0.0414	-0.1139
99.0000	140.0000	Decrease Desire	Onion	1.0000	1.0000	5.0000	4	-1.0000	0.5034	0.2685	0.6139	0.0000	0.2685	0.2558	-1.0000	0.1031	0.1031	-0.0000	0.1985
99.0000	141.0000	Decrease Desire	BBQCrisps	5.0000	5.0000	1.0000	2	-1.0000	0.3697	0.2521	0.8147	0.0000	0.2521	0.2401	-1.0000	-0.0071	0.0070	-0.0140	-0.0495
99.0000	142.0000	Decrease Desire	MangoChunks	4.0000	5.0000	3.0000	5	-1.0000	0.4201	0.1512	0.8252	0.0000	0.1512	0.3195	-1.0000	-0.0428	0.0002	-0.0430	-0.0888
99.0000	143.0000	Decrease Desire	Reese	4.0000	5.0000	1.0000	1	-1.0000	0.3525	0.1176	0.8464	0.0000	0.1176	0.3005	-1.0000	-0.0267	0.0000	-0.0267	-0.0629
99.0000	144.0000	Decrease Desire	FrozenBlueberries	5.0000	5.0000	6.0000	1	-1.0000	0.3021	0.1007	0.7287	0.0000	0.1007	0.2368	-1.0000	0.0140	0.0140	-0.0000	0.0513
99.0000	145.0000	Decrease Desire	AlmondMilk	4.0000	1.0000	5.0000	4	-1.0000	0.3519	0.1005	0.8421	0.0000	0.1005	0.2343	-1.0000	-0.0077	0.0017	-0.0094	-0.0495
99.0000	146.0000	Decrease Desire	Tempeh	1.0000	1.0000	1.0000	2	-1.0000	0.7555	0.1676	-0.0000	0.0000	0.1676	0.2893	-1.0000	0.0463	0.0463	-0.0000	0.1053
99.0000	147.0000	Decrease Desire	VanillaGreekYogurt	4.0000	3.0000	2.0000	4	-1.0000	0.5712	0.1342	0.7286	0.0000	0.1342	0.2209	-1.0000	-0.0092	0.0019	-0.0111	-0.0468
99.0000	148.0000	Decrease Desire	OikosYogurt	5.0000	2.0000	3.0000	6	-1.0000	0.5712	0.2688	0.6592	0.0000	0.2688	0.1859	-1.0000	0.0434	0.0462	-0.0027	0.0986
99.0000	149.0000	Decrease Desire	Bananas	1.0000	1.0000	5.0000	3	-1.0000	0.6556	0.2521	0.7194	0.0000	0.2521	0.2270	-1.0000	0.0544	0.0544	-0.0000	0.0950
99.0000	150.0000	Decrease Desire	FrootLoops	2.0000	1.0000	1.0000	6	-1.0000	0.4707	0.2521	0.7643	0.0000	0.2521	0.1955	-1.0000	0.0010	0.0150	-0.0139	-0.0760
99.0000	151.0000	Respond Naturally	Strawberries	1.0000	1.0000	3.0000	3	-1.0000	0.4031	0.1007	0.8019	0.0000	0.1007	0.2339	-1.0000	-0.0189	0.0000	-0.0189	-0.0560
99.0000	152.0000	Respond Naturally	Spinach	4.0000	5.0000	6.0000	2	-1.0000	0.6216	0.1007	0.6989	0.0000	0.1007	0.2766	-1.0000	0.0355	0.0355	-0.0000	0.0742
99.0000	153.0000	Respond Naturally	DriedApricots	2.0000	1.0000	3.0000	5	-1.0000	0.4536	0.1006	0.8432	0.0000	0.1006	0.2234	-1.0000	-0.0556	0.0001	-0.0557	-0.1119
99.0000	154.0000	Respond Naturally	Celery	2.0000	1.0000	3.0000	4	-1.0000	0.5709	0.3860	1.0624	0.0000	0.3860	0.2338	-1.0000	0.0808	0.0941	-0.0133	0.1985
99.0000	155.0000	Respond Naturally	Cheerios	1.0000	5.0000	3.0000	2	-1.0000	0.3529	0.1008	0.7448	0.0000	0.1008	0.3453	-1.0000	-0.0104	0.0035	-0.0139	-0.0353
99.0000	156.0000	Respond Naturally	SlicedTurkey	1.0000	1.0000	5.0000	2	-1.0000	0.5377	0.1343	0.7811	0.0000	0.1343	0.3252	1.0000	0.0112	0.0238	-0.0126	0.0719
99.0000	157.0000	Respond Naturally	GreenPepper	4.0000	1.0000	2.0000	6	-1.0000	0.4698	0.1677	0.5139	0.0000	0.1677	0.2782	-1.0000	0.0370	0.0370	-0.0000	0.1336
99.0000	158.0000	Respond Naturally	Asparagus	5.0000	1.0000	3.0000	6	-1.0000	0.4705	0.1177	0.8522	0.0000	0.1177	0.1810	-1.0000	-0.0048	0.0024	-0.0072	-0.0366
99.0000	159.0000	Respond Naturally	ProMax	3.0000	1.0000	1.0000	4	-1.0000	0.5376	0.1008	0.8350	0.0000	0.1008	0.2060	-1.0000	0.0083	0.0144	-0.0061	0.0388
99.0000	160.0000	Respond Naturally	Smartfood	6.0000	1.0000	2.0000	4	-1.0000	0.7056	0.1512	-0.2011	0.0000	0.1512	0.3323	-1.0000	0.3174	0.3174	-0.0000	0.6730
99.0000	161.0000	Decrease Desire	Triscuit	4.0000	4.0000	2.0000	2	-1.0000	0.3193	0.1681	0.7874	0.0000	0.1681	0.2718	-1.0000	0.0041	0.0054	-0.0014	-0.0150
99.0000	162.0000	Decrease Desire	IceCreamVanilla	2.0000	5.0000	2.0000	1	-1.0000	0.3692	0.1006	0.8681	0.0000	0.1006	0.2784	-1.0000	-0.0477	0.0000	-0.0477	-0.1031
99.0000	163.0000	Decrease Desire	Twizzlers	1.0000	1.0000	1.0000	4	-1.0000	0.2352	0.1007	0.7798	0.0000	0.1007	0.4150	-1.0000	0.0009	0.0063	-0.0054	-0.0326
99.0000	164.0000	Decrease Desire	KashiBars	1.0000	4.0000	5.0000	1	-1.0000	0.1848	0.1008	0.7781	0.0000	0.1008	0.3896	-1.0000	-0.0003	0.0010	-0.0014	0.0070
99.0000	165.0000	Decrease Desire	BabyFoodCarrots	1.0000	1.0000	6.0000	5	-1.0000	0.8391	0.4530	1.0935	0.0000	0.4530	0.1886	1.0000	-0.0220	0.0012	-0.0232	-0.0665
99.0000	166.0000	Decrease Desire	Prunes	1.0000	5.0000	5.0000	2	-1.0000	0.1511	0.1007	0.7324	0.0000	0.1007	0.3453	-1.0000	0.0189	0.0189	-0.0000	0.0500
99.0000	167.0000	Decrease Desire	Raspberries	1.0000	1.0000	5.0000	4	-1.0000	0.1508	0.1006	0.8503	0.0000	0.1006	0.3893	-1.0000	-0.0249	0.0001	-0.0250	-0.0693
99.0000	168.0000	Decrease Desire	Spinach	4.0000	2.0000	6.0000	4	-1.0000	0.1679	0.1007	0.8364	0.0000	0.1007	0.3325	-1.0000	-0.0163	0.0000	-0.0163	-0.0532
99.0000	169.0000	Decrease Desire	RomaineLettuce	2.0000	3.0000	6.0000	2	-1.0000	0.1511	0.1008	0.7992	0.0000	0.1008	0.4222	-1.0000	-0.0053	0.0000	-0.0053	-0.0215
99.0000	170.0000	Decrease Desire	VegetableThins	1.0000	2.0000	4.0000	5	-1.0000	0.1173	0.1006	0.7344	0.0000	0.1006	0.4717	-1.0000	0.0224	0.0230	-0.0006	0.0703
99.0000	171.0000	Respond Naturally	YorkPeppermintPatties	3.0000	1.0000	1.0000	4	-1.0000	0.5709	0.2688	0.6792	0.0000	0.2688	0.3367	1.0000	0.0130	0.0137	-0.0007	0.1041
99.0000	172.0000	Respond Naturally	Cauliflower	2.0000	4.0000	4.0000	2	-1.0000	0.3862	0.1008	0.7243	0.0000	0.1008	0.4538	1.0000	-0.0200	0.0098	-0.0298	0.0946
99.0000	173.0000	Respond Naturally	AllBranCereal	2.0000	5.0000	5.0000	2	-1.0000	0.4029	0.1007	0.7016	0.0000	0.1007	0.2956	-1.0000	0.0236	0.0236	-0.0000	0.0730
99.0000	174.0000	Respond Naturally	Fritos	2.0000	4.0000	1.0000	2	-1.0000	0.3694	0.2519	0.7627	0.0000	0.2519	0.3925	-1.0000	-0.0248	0.0041	-0.0288	-0.0459
99.0000	175.0000	Respond Naturally	Fritos	2.0000	1.0000	1.0000	5	-1.0000	0.3861	0.2518	0.8416	0.0000	0.2518	0.2829	-1.0000	-0.0973	0.0007	-0.0980	-0.1539
99.0000	176.0000	Respond Naturally	SkittlesSour	5.0000	3.0000	1.0000	6	-1.0000	0.1511	0.1007	0.7006	0.0000	0.1007	0.3877	-1.0000	0.0309	0.0309	-0.0000	0.0958
99.0000	177.0000	Respond Naturally	Avocado	3.0000	4.0000	5.0000	2	-1.0000	0.4196	0.2853	0.7960	0.0000	0.2853	0.2919	-1.0000	-0.0542	0.0016	-0.0558	-0.0886
99.0000	178.0000	Respond Naturally	GreenGrapes	6.0000	5.0000	5.0000	4	-1.0000	0.4025	0.2513	0.9884	0.0000	0.2513	0.3876	1.0000	-0.2491	0.0000	-0.2491	-0.3762
99.0000	179.0000	Respond Naturally	Snickers	4.0000	6.0000	1.0000	2	-1.0000	0.1675	0.1005	0.7026	0.0000	0.1005	0.3655	-1.0000	0.0227	0.0230	-0.0003	0.0915
99.0000	180.0000	Respond Naturally	Broccoli	1.0000	4.0000	2.0000	1	-1.0000	0.1509	0.1006	0.6694	0.0000	0.1006	0.3612	0.0000	0.0406	0.0406	-0.0000	0.1285
99.0000	181.0000	Respond Naturally	GreenApple	1.0000	4.0000	5.0000	4	-1.0000	0.1679	0.1008	0.7233	0.0000	0.1008	0.3689	-1.0000	0.0226	0.0226	-0.0000	0.0728
99.0000	182.0000	Respond Naturally	Tempeh	1.0000	1.0000	1.0000	4	-1.0000	0.3525	0.2014	0.7279	0.0000	0.2014	0.3679	-1.0000	0.0046	0.0128	-0.0082	0.0874
99.0000	183.0000	Respond Naturally	GreenGrapes	1.0000	6.0000	3.0000	1	-1.0000	0.4702	0.1008	0.8710	0.0000	0.1008	0.4296	-1.0000	-0.0587	0.0000	-0.0587	-0.1351
99.0000	184.0000	Respond Naturally	Beets	1.0000	1.0000	5.0000	5	-1.0000	0.4028	0.1007	0.6442	0.0000	0.1007	0.3105	-1.0000	0.0679	0.0679	-0.0000	0.1403
99.0000	185.0000	Respond Naturally	NatureValleyChocolate	1.0000	6.0000	4.0000	1	-1.0000	0.1510	0.1006	0.7236	0.0000	0.1006	0.3525	-1.0000	0.0245	0.0245	-0.0000	0.0663
99.0000	186.0000	Respond Naturally	CheeseNips	3.0000	3.0000	3.0000	5	-1.0000	0.2516	0.1007	0.7187	0.0000	0.1007	0.3376	-1.0000	0.0143	0.0148	-0.0005	0.0777
99.0000	187.0000	Respond Naturally	Skittles	1.0000	5.0000	1.0000	3	-1.0000	0.4200	0.3024	0.6750	0.0000	0.3024	0.3872	-1.0000	0.0212	0.0212	-0.0000	0.1273
99.0000	188.0000	Respond Naturally	GreenBeans	4.0000	5.0000	5.0000	2	-1.0000	0.4860	0.1005	0.7202	0.0000	0.1005	0.3765	-1.0000	-0.0280	0.0051	-0.0331	0.0656
99.0000	189.0000	Respond Naturally	OatmealSquares	4.0000	4.0000	5.0000	3	-1.0000	0.2180	0.1006	0.7130	0.0000	0.1006	0.2936	-1.0000	0.0130	0.0130	-0.0000	0.0635
99.0000	190.0000	Respond Naturally	Aero	4.0000	5.0000	5.0000	1	-1.0000	0.4030	0.2686	0.7533	0.0000	0.2686	0.3007	-1.0000	0.0008	0.0044	-0.0035	0.0380
99.0000	191.0000	Decrease Desire	RaisinBran	1.0000	1.0000	2.0000	3	-1.0000	0.3865	0.2520	0.8855	0.0000	0.2520	0.3986	1.0000	-0.1156	0.0000	-0.1156	-0.1684
99.0000	192.0000	Decrease Desire	OatmealSquares	1.0000	1.0000	4.0000	7	-1.0000	0.6214	0.1005	0.9794	0.0000	0.1005	0.4125	1.0000	-0.1218	0.0000	-0.1218	-0.2403
99.0000	193.0000	Decrease Desire	Caramilk	1.0000	1.0000	1.0000	5	-1.0000	0.4032	0.2688	0.6494	0.0000	0.2688	0.3357	-1.0000	0.0685	0.0685	-0.0000	0.1237
99.0000	194.0000	Decrease Desire	IceCreamVanilla	4.0000	5.0000	2.0000	4	-1.0000	0.4533	0.1006	0.7848	0.0000	0.1006	0.3099	-1.0000	0.0472	0.0484	-0.0012	0.0748
99.0000	195.0000	Decrease Desire	CornFlakes	1.0000	2.0000	3.0000	3	-1.0000	0.1507	0.1005	0.7860	0.0000	0.1005	0.4920	0.0000	-0.0017	0.0009	-0.0027	-0.0160
99.0000	196.0000	Decrease Desire	Triscuit	1.0000	1.0000	3.0000	5	-1.0000	0.1680	0.1008	0.7748	0.0000	0.1008	0.3317	-1.0000	0.0032	0.0037	-0.0005	0.0272
99.0000	197.0000	Decrease Desire	FrozenBroccoli	2.0000	1.0000	6.0000	6	-1.0000	0.1680	0.1008	0.8614	0.0000	0.1008	0.3675	0.0000	-0.0258	0.0000	-0.0258	-0.0752
99.0000	198.0000	Decrease Desire	VanillaGreekYogurt	4.0000	5.0000	5.0000	2	-1.0000	0.5208	0.1008	0.9569	0.0000	0.1008	0.3167	-1.0000	-0.0936	0.0000	-0.0936	-0.1780
99.0000	199.0000	Decrease Desire	CoffeeCrisp	1.0000	1.0000	1.0000	3	-1.0000	0.4368	0.2183	1.1244	0.0000	0.2183	0.5776	1.0000	-0.4516	0.0000	-0.4516	-0.7074
99.0000	200.0000	Decrease Desire	Twizzlers	4.0000	5.0000	1.0000	2	-1.0000	0.1849	0.1008	0.7719	0.0000	0.1008	0.4273	-1.0000	-0.0002	0.0030	-0.0032	0.0175
