Subject	Trial	Instruction	Food	Liking	Taste	Health	Amount	Choice	ChoiceRT	FirstDevTimeChoice	InitAngleChoice	NumChangeMindChoice	FinalDevTimeChoice	MaxVelocityChoice	DrxFirstDevChoice	TotalAUCChoice	AUCtoNonChosenChoice	AUCtoChosenChoice	MaxDevChoice
39.0000	1.0000	Respond Naturally	GreenGrapes	6.0000	6.0000	6.0000	1	1.0000	1.5951	0.8731	0.1063	0.0000	0.8731	0.2820	1.0000	0.1812	0.2020	-0.0208	0.4240
39.0000	2.0000	Respond Naturally	IceCreamVanilla	6.0000	6.0000	6.0000	4	1.0000	1.3767	0.8224	0.0011	0.0000	0.8224	0.1639	1.0000	0.2669	0.2740	-0.0071	0.4276
39.0000	3.0000	Respond Naturally	PureFit	4.0000	1.0000	6.0000	4	-1.0000	1.5603	1.0900	-0.2179	0.0000	1.0900	0.1715	-1.0000	0.3533	0.3548	-0.0015	0.4925
39.0000	4.0000	Respond Naturally	FrootLoops	6.0000	6.0000	1.0000	6	-1.0000	1.4764	0.6876	-0.0050	0.0000	0.6876	0.1628	-1.0000	0.2152	0.2192	-0.0040	0.4290
39.0000	5.0000	Respond Naturally	Reese	2.0000	2.0000	1.0000	4	-1.0000	1.1249	0.5711	-0.0154	0.0000	0.5711	0.1900	-1.0000	0.3426	0.3426	-0.0000	0.5930
39.0000	6.0000	Respond Naturally	Cheerios	6.0000	6.0000	6.0000	5	-1.0000	2.0319	0.6714	0.2353	0.0000	0.6714	0.0705	-1.0000	0.0404	0.0410	-0.0006	0.1028
39.0000	7.0000	Respond Naturally	LaysClassic	5.0000	5.0000	1.0000	3	1.0000	1.5450	0.8733	-0.1125	0.0000	0.8733	0.1756	1.0000	0.1307	0.1307	-0.0000	0.2552
39.0000	8.0000	Respond Naturally	BabyFoodCarrots	5.0000	2.0000	2.0000	5	-1.0000	1.1409	0.7212	-0.1574	0.0000	0.7212	0.2710	-1.0000	0.1260	0.1260	-0.0000	0.2214
39.0000	9.0000	Respond Naturally	AlmondMilk	1.0000	3.0000	6.0000	4	-1.0000	1.1749	0.7216	0.1792	0.0000	0.7216	0.2291	-1.0000	0.1686	0.1687	-0.0001	0.2553
39.0000	10.0000	Respond Naturally	Beets	2.0000	2.0000	1.0000	5	-1.0000	1.1079	0.4699	0.2474	0.0000	0.4699	0.2664	-1.0000	0.0881	0.1049	-0.0168	0.2245
39.0000	11.0000	Decrease Desire	Aero	4.0000	3.0000	1.0000	3	-1.0000	1.6953	0.5875	-0.0000	0.0000	0.5875	0.1536	-1.0000	0.0645	0.0645	-0.0000	0.1434
39.0000	12.0000	Decrease Desire	FrozenOkra	2.0000	2.0000	6.0000	2	-1.0000	1.3431	0.5370	0.0668	0.0000	0.5370	0.1276	-1.0000	0.1630	0.1630	-0.0000	0.2214
39.0000	13.0000	Decrease Desire	AllBranCereal	6.0000	5.0000	2.0000	6	-1.0000	1.2763	0.6045	0.1608	0.0000	0.6045	0.1556	-1.0000	0.1985	0.1985	-0.0000	0.3329
39.0000	14.0000	Decrease Desire	Mentos	2.0000	2.0000	2.0000	5	-1.0000	1.1587	0.3861	0.1161	0.0000	0.3861	0.1714	-1.0000	0.2121	0.2165	-0.0044	0.5600
39.0000	15.0000	Decrease Desire	SunChips	1.0000	2.0000	5.0000	4	-1.0000	1.4435	0.5370	0.0481	0.0000	0.5370	0.1672	-1.0000	0.0802	0.0899	-0.0097	0.2269
39.0000	16.0000	Decrease Desire	NatureValleyChocolate	1.0000	1.0000	2.0000	4	-1.0000	1.1918	0.5874	0.1942	0.0000	0.5874	0.1860	-1.0000	0.1530	0.1530	-0.0000	0.2426
39.0000	17.0000	Decrease Desire	RitzCrackers	1.0000	2.0000	1.0000	5	1.0000	1.8299	0.4699	-0.1982	1.0000	0.9400	0.2565	-1.0000	0.3752	0.3825	-0.0073	1.2605
39.0000	18.0000	Decrease Desire	FrozenBlueberries	6.0000	6.0000	6.0000	3	1.0000	1.3929	0.6044	0.0296	0.0000	0.6044	0.1481	1.0000	0.1181	0.1181	-0.0000	0.2283
39.0000	19.0000	Decrease Desire	WaterChestnuts	1.0000	3.0000	5.0000	5	-1.0000	1.1752	0.6547	-0.4385	0.0000	0.6547	0.1676	-1.0000	0.1294	0.1294	-0.0000	0.2191
39.0000	20.0000	Decrease Desire	FrootLoops	6.0000	6.0000	5.0000	2	-1.0000	1.0234	0.4026	-0.0106	0.0000	0.4026	0.2474	-1.0000	0.0654	0.0654	-0.0000	0.1214
39.0000	21.0000	Decrease Desire	WaterChestnuts	4.0000	3.0000	2.0000	3	-1.0000	0.9905	0.4867	-0.1029	0.0000	0.4867	0.1851	-1.0000	0.0874	0.0922	-0.0048	0.1953
39.0000	22.0000	Decrease Desire	Cauliflower	6.0000	6.0000	6.0000	6	-1.0000	1.3596	0.6374	-0.0647	0.0000	0.6374	0.1814	-1.0000	0.1985	0.1985	-0.0000	0.3035
39.0000	23.0000	Decrease Desire	CheeseNips	1.0000	3.0000	2.0000	5	-1.0000	1.1245	0.5033	-0.0454	0.0000	0.5033	0.2452	-1.0000	0.0662	0.0998	-0.0336	0.2168
39.0000	24.0000	Decrease Desire	Cheetos	1.0000	2.0000	1.0000	3	-1.0000	1.0414	0.4535	0.0283	0.0000	0.4535	0.2263	-1.0000	0.1175	0.1175	-0.0000	0.2042
39.0000	25.0000	Decrease Desire	RitzCrackers	1.0000	2.0000	2.0000	2	1.0000	1.2594	0.4364	-0.2912	1.0000	0.5540	0.2449	-1.0000	0.4156	0.4199	-0.0043	1.1119
39.0000	26.0000	Decrease Desire	Bananas	6.0000	5.0000	6.0000	3	1.0000	0.9904	0.4866	0.1238	0.0000	0.4866	0.2030	1.0000	0.2094	0.2094	-0.0000	0.3313
39.0000	27.0000	Decrease Desire	WelchsFruitSnacks	6.0000	4.0000	2.0000	1	-1.0000	1.2924	0.8055	-0.1223	0.0000	0.8055	0.1818	-1.0000	0.1307	0.1307	-0.0000	0.2179
39.0000	28.0000	Decrease Desire	OikosYogurt	1.0000	3.0000	6.0000	3	-1.0000	1.3431	0.6545	0.1673	0.0000	0.6545	0.1395	-1.0000	0.1107	0.1107	-0.0000	0.1795
39.0000	29.0000	Decrease Desire	RaisinBran	4.0000	4.0000	5.0000	3	1.0000	1.7963	0.8223	0.0692	0.0000	0.8223	0.0866	1.0000	0.1295	0.1309	-0.0014	0.2426
39.0000	30.0000	Decrease Desire	Butternut	6.0000	6.0000	6.0000	3	1.0000	1.2753	0.4364	0.0540	0.0000	0.4364	0.1876	1.0000	0.1168	0.1168	-0.0000	0.2114
39.0000	31.0000	Respond Naturally	BBQCrisps	2.0000	2.0000	2.0000	2	-1.0000	1.0745	0.5707	-0.1826	0.0000	0.5707	0.2032	-1.0000	0.1027	0.1112	-0.0085	0.2013
39.0000	32.0000	Respond Naturally	Skittles	2.0000	2.0000	1.0000	3	-1.0000	1.1079	0.5370	0.4887	0.0000	0.5370	0.1254	-1.0000	0.0865	0.0865	-0.0000	0.1612
39.0000	33.0000	Respond Naturally	CannedArtichoke	1.0000	6.0000	2.0000	2	-1.0000	1.1251	0.5203	-0.1365	0.0000	0.5203	0.1818	-1.0000	0.1528	0.1528	-0.0000	0.2656
39.0000	34.0000	Respond Naturally	PCChipCookie	6.0000	5.0000	1.0000	5	1.0000	1.3430	0.7049	0.0000	0.0000	0.7049	0.1563	1.0000	0.1359	0.1573	-0.0214	0.2941
39.0000	35.0000	Respond Naturally	ClifBar	4.0000	4.0000	6.0000	4	-1.0000	1.2423	0.7384	0.0220	0.0000	0.7384	0.2031	-1.0000	0.2074	0.2079	-0.0005	0.3330
39.0000	36.0000	Respond Naturally	Cheerios	6.0000	6.0000	6.0000	2	1.0000	1.8133	0.8226	-0.2424	0.0000	0.8226	0.1019	1.0000	0.1480	0.1505	-0.0025	0.3087
39.0000	37.0000	Respond Naturally	IceCreamChocolate	6.0000	6.0000	6.0000	1	1.0000	1.4103	0.7889	0.0000	0.0000	0.7889	0.1999	1.0000	0.1264	0.1331	-0.0068	0.2736
39.0000	38.0000	Respond Naturally	Shreddies	3.0000	2.0000	5.0000	5	-1.0000	1.1246	0.5202	0.0165	0.0000	0.5202	0.3197	-1.0000	0.1086	0.1086	-0.0000	0.2271
39.0000	39.0000	Respond Naturally	Beets	1.0000	6.0000	1.0000	2	-1.0000	1.1079	0.5536	-0.1357	0.0000	0.5536	0.1998	-1.0000	0.1503	0.1510	-0.0007	0.2834
39.0000	40.0000	Respond Naturally	Doritos	1.0000	2.0000	1.0000	5	-1.0000	1.1414	0.5203	-0.0000	0.0000	0.5203	0.1667	-1.0000	0.0863	0.0864	-0.0002	0.1655
39.0000	41.0000	Respond Naturally	BabyFoodSweetPotatos	6.0000	6.0000	5.0000	2	1.0000	1.9645	0.5707	0.0934	1.0000	0.8226	0.2880	-1.0000	0.6081	0.6143	-0.0062	1.5772
39.0000	42.0000	Respond Naturally	Doritos	1.0000	6.0000	6.0000	2	-1.0000	1.5610	0.9901	-0.0008	0.0000	0.9901	0.1358	-1.0000	0.2367	0.2367	-0.0000	0.3744
39.0000	43.0000	Respond Naturally	AllBranBar	1.0000	3.0000	2.0000	1	-1.0000	1.6790	0.7049	0.1453	0.0000	0.7049	0.0951	-1.0000	0.1707	0.1707	-0.0000	0.2466
39.0000	44.0000	Respond Naturally	Celery	3.0000	4.0000	6.0000	4	-1.0000	1.1577	0.6708	-0.0000	0.0000	0.6708	0.3151	-1.0000	0.1802	0.1802	-0.0000	0.2844
39.0000	45.0000	Respond Naturally	DriedHerring	3.0000	3.0000	1.0000	1	-1.0000	1.0914	0.5877	0.1041	0.0000	0.5877	0.2538	-1.0000	0.1914	0.1935	-0.0021	0.3270
39.0000	46.0000	Respond Naturally	Asparagus	6.0000	6.0000	6.0000	3	1.0000	1.2919	0.7049	0.1526	0.0000	0.7049	0.1434	1.0000	0.2134	0.2134	-0.0000	0.3021
39.0000	47.0000	Respond Naturally	Mackerel	4.0000	2.0000	1.0000	3	-1.0000	1.2931	0.5370	-0.3671	0.0000	0.5370	0.1415	-1.0000	0.1722	0.1722	-0.0000	0.3170
39.0000	48.0000	Respond Naturally	OatBran	6.0000	6.0000	6.0000	2	1.0000	2.6529	1.6788	0.1067	0.0000	1.6788	0.0949	1.0000	0.1914	0.1914	-0.0000	0.2912
39.0000	49.0000	Respond Naturally	FrozenOkra	2.0000	2.0000	1.0000	5	-1.0000	1.0075	0.5372	-0.0992	0.0000	0.5372	0.2231	-1.0000	0.1514	0.1514	-0.0000	0.2650
39.0000	50.0000	Respond Naturally	LaysClassic	5.0000	5.0000	2.0000	4	1.0000	1.1418	0.5038	-0.2623	0.0000	0.5038	0.1643	1.0000	0.1344	0.1359	-0.0015	0.2328
39.0000	51.0000	Decrease Desire	Spinach	6.0000	6.0000	6.0000	2	1.0000	1.3092	0.7886	0.0000	0.0000	0.7886	0.2062	1.0000	0.2283	0.2283	-0.0000	0.3505
39.0000	52.0000	Decrease Desire	Snickers	1.0000	2.0000	2.0000	2	-1.0000	1.3598	0.5369	-0.0439	0.0000	0.5369	0.2308	-1.0000	0.1300	0.2001	-0.0701	0.4739
39.0000	53.0000	Decrease Desire	MnMPlain	4.0000	1.0000	2.0000	3	-1.0000	3.1549	2.6176	-0.0662	0.0000	2.6176	0.1148	-1.0000	0.3300	0.3300	-0.0000	0.4205
39.0000	54.0000	Decrease Desire	SkittlesSour	5.0000	4.0000	2.0000	3	-1.0000	1.0408	0.4530	-0.1868	0.0000	0.4530	0.1988	-1.0000	0.2473	0.2473	-0.0000	0.3968
39.0000	55.0000	Decrease Desire	ClamJuice	4.0000	4.0000	6.0000	3	-1.0000	0.9736	0.5036	-0.0986	0.0000	0.5036	0.2549	-1.0000	0.2003	0.2008	-0.0004	0.3691
39.0000	56.0000	Decrease Desire	FrozenBroccoli	6.0000	6.0000	6.0000	6	-1.0000	1.7625	0.6373	-0.1853	1.0000	0.8221	0.2886	1.0000	0.3957	0.3957	-0.0000	1.0569
39.0000	57.0000	Decrease Desire	Spinach	6.0000	6.0000	6.0000	4	-1.0000	1.6453	0.7890	0.2048	0.0000	0.7890	0.1640	-1.0000	0.1497	0.1556	-0.0059	0.2733
39.0000	58.0000	Decrease Desire	VegetableThins	3.0000	2.0000	2.0000	5	1.0000	1.7121	1.1242	0.0345	0.0000	1.1242	0.1652	1.0000	0.1008	0.1077	-0.0070	0.1568
39.0000	59.0000	Decrease Desire	DriedHerring	3.0000	3.0000	6.0000	3	-1.0000	1.0075	0.4535	-0.3125	0.0000	0.4535	0.1244	-1.0000	0.1751	0.1758	-0.0007	0.2834
39.0000	60.0000	Decrease Desire	Butternut	6.0000	6.0000	6.0000	7	1.0000	1.6794	0.6212	-0.0168	0.0000	0.6212	0.0959	1.0000	0.1734	0.1734	-0.0000	0.2764
39.0000	61.0000	Respond Naturally	Orange	6.0000	6.0000	6.0000	1	1.0000	1.0413	0.5038	0.1780	0.0000	0.5038	0.1915	1.0000	0.1349	0.1604	-0.0255	0.3964
39.0000	62.0000	Respond Naturally	Snickers	1.0000	6.0000	1.0000	3	-1.0000	1.1239	0.5701	-0.6796	0.0000	0.5701	0.1922	-1.0000	0.2240	0.2240	-0.0000	0.3905
39.0000	63.0000	Respond Naturally	Asparagus	6.0000	6.0000	6.0000	6	-1.0000	1.3428	0.7046	-0.0000	0.0000	0.7046	0.1257	-1.0000	0.1984	0.1984	-0.0000	0.2914
39.0000	64.0000	Respond Naturally	WelchsFruitSnacks	2.0000	4.0000	2.0000	3	-1.0000	1.0573	0.5537	-0.0000	0.0000	0.5537	0.1882	-1.0000	0.1658	0.1660	-0.0001	0.2916
39.0000	65.0000	Respond Naturally	RedPepper	6.0000	6.0000	6.0000	5	-1.0000	2.0315	0.8557	-0.1832	2.0000	1.5443	0.1515	-1.0000	0.2470	0.2471	-0.0000	0.3557
39.0000	66.0000	Respond Naturally	SlimStyles	5.0000	3.0000	1.0000	6	-1.0000	1.4103	0.7720	0.2422	0.0000	0.7720	0.2423	-1.0000	0.1781	0.1783	-0.0001	0.2668
39.0000	67.0000	Respond Naturally	SkimMilk	4.0000	3.0000	1.0000	4	-1.0000	1.2089	0.4867	-0.1249	0.0000	0.4867	0.1102	-1.0000	0.1788	0.1788	-0.0000	0.3075
39.0000	68.0000	Respond Naturally	ProMax	2.0000	1.0000	1.0000	2	-1.0000	1.0408	0.5370	0.0071	0.0000	0.5370	0.2031	-1.0000	0.1080	0.1198	-0.0117	0.2235
39.0000	69.0000	Respond Naturally	Raspberries	6.0000	6.0000	6.0000	5	1.0000	1.3766	0.7049	0.1322	0.0000	0.7049	0.1554	1.0000	0.1186	0.1186	-0.0000	0.1803
39.0000	70.0000	Respond Naturally	Tempeh	2.0000	2.0000	1.0000	2	-1.0000	1.0573	0.5033	-0.0353	0.0000	0.5033	0.2379	-1.0000	0.1435	0.1561	-0.0126	0.3043
39.0000	71.0000	Decrease Desire	BBQCrisps	2.0000	2.0000	2.0000	6	-1.0000	1.3934	0.5874	-0.2777	0.0000	0.5874	0.0975	-1.0000	0.2012	0.2012	-0.0000	0.3426
39.0000	72.0000	Decrease Desire	Smartfood	2.0000	2.0000	1.0000	2	-1.0000	1.2926	0.6208	-0.0171	0.0000	0.6208	0.2197	-1.0000	0.1696	0.1696	-0.0000	0.2639
39.0000	73.0000	Decrease Desire	RedPepper	6.0000	6.0000	6.0000	2	-1.0000	1.4437	0.6880	0.0744	0.0000	0.6880	0.1820	-1.0000	0.1822	0.1822	-0.0000	0.3228
39.0000	74.0000	Decrease Desire	CannedArtichoke	1.0000	1.0000	2.0000	5	-1.0000	1.3762	0.6374	-0.0972	0.0000	0.6374	0.2409	-1.0000	0.0900	0.0906	-0.0006	0.1625
39.0000	75.0000	Decrease Desire	KashiBars	1.0000	1.0000	1.0000	1	-1.0000	0.9067	0.3862	0.0738	0.0000	0.3862	0.2203	-1.0000	0.0873	0.0873	-0.0000	0.1602
39.0000	76.0000	Decrease Desire	SpeltCakes	4.0000	3.0000	6.0000	2	-1.0000	1.1416	0.5539	-0.0000	0.0000	0.5539	0.1922	-1.0000	0.0810	0.0811	-0.0001	0.1550
39.0000	77.0000	Decrease Desire	HoneyNutCheerios	6.0000	6.0000	6.0000	2	-1.0000	1.4442	0.5876	0.0820	0.0000	0.5876	0.1086	-1.0000	0.1207	0.1209	-0.0002	0.1934
39.0000	78.0000	Decrease Desire	YorkPeppermintPatties	2.0000	2.0000	1.0000	4	-1.0000	1.0410	0.4366	NA	0.0000	0.4366	0.2019	-1.0000	-0.0251	0.0033	-0.0284	0.0637
39.0000	79.0000	Decrease Desire	GreenApple	6.0000	4.0000	6.0000	4	1.0000	1.6785	1.1243	0.2205	0.0000	1.1243	0.2395	1.0000	0.0748	0.0912	-0.0164	0.1363
39.0000	80.0000	Decrease Desire	Fritos	1.0000	2.0000	2.0000	2	-1.0000	1.1417	0.4363	0.1437	0.0000	0.4363	0.4051	-1.0000	0.0797	0.1375	-0.0578	-0.4260
39.0000	81.0000	Respond Naturally	RaisinBran	5.0000	5.0000	6.0000	7	-1.0000	1.2088	0.6378	0.1338	0.0000	0.6378	0.2857	-1.0000	0.3011	0.3011	-0.0000	0.8763
39.0000	82.0000	Respond Naturally	TofuDessert	6.0000	6.0000	6.0000	4	-1.0000	1.6782	1.1576	0.0008	0.0000	1.1576	0.2812	-1.0000	0.2256	0.2300	-0.0044	0.3397
39.0000	83.0000	Respond Naturally	NatureValleyChocolate	1.0000	1.0000	2.0000	1	-1.0000	1.0912	0.4698	0.1508	0.0000	0.4698	0.1481	-1.0000	0.0993	0.0993	-0.0000	0.1854
39.0000	84.0000	Respond Naturally	Smarties	1.0000	2.0000	1.0000	2	-1.0000	1.0242	0.4532	0.2317	0.0000	0.4532	0.1851	-1.0000	0.0826	0.0826	-0.0000	0.1619
39.0000	85.0000	Respond Naturally	Skittles	2.0000	1.0000	1.0000	6	-1.0000	1.1417	0.3525	-0.1054	0.0000	0.3525	0.3859	-1.0000	0.0775	0.0882	-0.0107	0.2465
39.0000	86.0000	Respond Naturally	OatBran	6.0000	5.0000	6.0000	4	-1.0000	1.5777	0.3189	-0.0000	0.0000	0.3189	0.1403	-1.0000	0.1766	0.1767	-0.0001	0.2735
39.0000	87.0000	Respond Naturally	TofuDessert	6.0000	6.0000	6.0000	2	1.0000	1.3767	0.8562	0.0000	0.0000	0.8562	0.1979	1.0000	0.1840	0.1845	-0.0004	0.3104
39.0000	88.0000	Respond Naturally	Pringles	6.0000	3.0000	2.0000	5	1.0000	1.6786	1.2085	0.1243	0.0000	1.2085	0.1324	1.0000	0.1773	0.1773	-0.0000	0.2902
39.0000	89.0000	Respond Naturally	CornFlakes	2.0000	5.0000	5.0000	3	-1.0000	1.6455	1.1078	-0.1369	0.0000	1.1078	0.2406	-1.0000	0.2705	0.2705	-0.0000	0.3862
39.0000	90.0000	Respond Naturally	AppleChips	6.0000	6.0000	6.0000	2	1.0000	1.3430	0.7551	0.0000	0.0000	0.7551	0.1857	1.0000	0.1003	0.1009	-0.0006	0.1888
39.0000	91.0000	Decrease Desire	Smarties	1.0000	3.0000	1.0000	5	-1.0000	1.2088	0.5035	-0.1926	0.0000	0.5035	0.1655	-1.0000	0.1098	0.1098	-0.0000	0.2685
39.0000	92.0000	Decrease Desire	Smartfood	1.0000	3.0000	2.0000	4	-1.0000	1.0409	0.5203	0.3174	0.0000	0.5203	0.2348	-1.0000	0.0837	0.0990	-0.0154	0.1909
39.0000	93.0000	Decrease Desire	Caramilk	2.0000	2.0000	2.0000	5	-1.0000	1.0895	0.4860	0.0399	0.0000	0.4860	0.1921	-1.0000	0.1928	0.1936	-0.0008	0.4018
39.0000	94.0000	Decrease Desire	Strawberries	6.0000	6.0000	6.0000	2	1.0000	1.6614	0.6370	0.0995	0.0000	0.6370	0.1905	1.0000	0.1198	0.1415	-0.0217	0.3922
39.0000	95.0000	Decrease Desire	RufflesSourCreamOnion	6.0000	6.0000	2.0000	3	1.0000	1.0746	0.5875	0.1528	0.0000	0.5875	0.1399	1.0000	0.1165	0.1213	-0.0049	0.2079
39.0000	96.0000	Decrease Desire	MangoChunks	6.0000	6.0000	6.0000	2	1.0000	1.2920	0.5698	0.1377	0.0000	0.5698	0.1590	1.0000	0.0992	0.1112	-0.0120	0.2518
39.0000	97.0000	Decrease Desire	EnglishCucumber	6.0000	6.0000	6.0000	2	1.0000	1.8800	1.2424	0.2480	0.0000	1.2424	0.0760	1.0000	0.1536	0.1562	-0.0026	0.2365
39.0000	98.0000	Decrease Desire	RomaineLettuce	6.0000	6.0000	6.0000	4	1.0000	1.2259	0.4533	0.0000	0.0000	0.4533	0.1127	1.0000	0.1882	0.1882	-0.0000	0.3991
39.0000	99.0000	Decrease Desire	AllBranBar	4.0000	2.0000	1.0000	3	-1.0000	0.8394	0.4364	0.1977	0.0000	0.4364	0.2129	-1.0000	0.0940	0.0940	-0.0000	0.1718
39.0000	100.0000	Decrease Desire	KashiBars	4.0000	4.0000	2.0000	4	-1.0000	1.5613	0.5035	-0.2120	0.0000	0.5035	0.1920	-1.0000	0.1603	0.2014	-0.0411	0.4999
39.0000	101.0000	Respond Naturally	IceCreamChocolate	6.0000	6.0000	1.0000	4	-1.0000	1.5110	0.6211	-0.1119	0.0000	0.6211	0.1226	-1.0000	0.1490	0.1598	-0.0108	0.3208
39.0000	102.0000	Respond Naturally	ProMax	1.0000	1.0000	1.0000	4	-1.0000	1.3099	0.4534	-0.1890	0.0000	0.4534	0.0967	-1.0000	0.1238	0.1311	-0.0073	0.2461
39.0000	103.0000	Respond Naturally	MangoChunks	6.0000	6.0000	6.0000	5	-1.0000	2.1825	1.0909	0.1578	0.0000	1.0909	0.1269	-1.0000	0.1764	0.1888	-0.0123	0.3676
39.0000	104.0000	Respond Naturally	Triscuit	1.0000	2.0000	6.0000	2	-1.0000	1.1750	0.5369	0.1976	0.0000	0.5369	0.1530	-1.0000	0.0846	0.0852	-0.0005	0.1693
39.0000	105.0000	Respond Naturally	VanillaGreekYogurt	2.0000	3.0000	5.0000	2	-1.0000	1.2755	0.5703	-0.0119	0.0000	0.5703	0.1494	-1.0000	0.1774	0.1774	-0.0000	0.2922
39.0000	106.0000	Respond Naturally	ClifBar	3.0000	4.0000	2.0000	2	-1.0000	1.3597	0.5372	0.1238	0.0000	0.5372	0.0928	-1.0000	0.1271	0.1271	-0.0000	0.2528
39.0000	107.0000	Respond Naturally	RufflesSourCreamOnion	6.0000	6.0000	1.0000	5	1.0000	1.0908	0.5367	-0.1105	0.0000	0.5367	0.1973	1.0000	0.1429	0.1520	-0.0091	0.2844
39.0000	108.0000	Respond Naturally	Fritos	3.0000	2.0000	2.0000	5	-1.0000	1.1251	0.5541	-0.0223	0.0000	0.5541	0.1285	-1.0000	0.1703	0.1703	-0.0000	0.2739
39.0000	109.0000	Respond Naturally	Prunes	3.0000	6.0000	6.0000	2	1.0000	1.4432	0.8219	0.0000	0.0000	0.8219	0.2967	1.0000	0.1621	0.1644	-0.0023	0.2644
39.0000	110.0000	Respond Naturally	AppleChips	6.0000	6.0000	6.0000	5	1.0000	1.1916	0.6038	0.0454	0.0000	0.6038	0.1355	1.0000	0.1176	0.1259	-0.0083	0.2327
39.0000	111.0000	Decrease Desire	Mackerel	1.0000	3.0000	2.0000	1	-1.0000	1.3601	0.4364	0.0510	0.0000	0.4364	0.1525	-1.0000	0.1300	0.1406	-0.0107	0.5425
39.0000	112.0000	Decrease Desire	AlmondMilk	1.0000	6.0000	6.0000	2	-1.0000	1.0910	0.5202	-0.0018	0.0000	0.5202	0.2148	-1.0000	0.1282	0.1287	-0.0005	0.2269
39.0000	113.0000	Decrease Desire	Almonds	4.0000	5.0000	1.0000	2	1.0000	1.2255	0.6039	0.1303	0.0000	0.6039	0.1603	1.0000	0.1298	0.1508	-0.0211	0.2730
39.0000	114.0000	Decrease Desire	Tempeh	1.0000	2.0000	1.0000	4	-1.0000	0.9908	0.4700	-0.1172	0.0000	0.4700	0.2266	-1.0000	0.1275	0.1290	-0.0015	0.2458
39.0000	115.0000	Decrease Desire	Twizzlers	1.0000	1.0000	1.0000	4	-1.0000	1.1417	0.5035	0.0408	0.0000	0.5035	0.2022	-1.0000	0.1546	0.1546	-0.0000	0.2533
39.0000	116.0000	Decrease Desire	FrozenPeaches	6.0000	6.0000	6.0000	5	1.0000	1.1921	0.6882	0.0000	0.0000	0.6882	0.2092	1.0000	0.1154	0.1299	-0.0145	0.3022
39.0000	117.0000	Decrease Desire	FrozenPeaches	6.0000	6.0000	6.0000	2	1.0000	0.9064	0.4026	0.0438	0.0000	0.4026	0.2530	1.0000	0.1379	0.1692	-0.0313	0.3456
39.0000	118.0000	Decrease Desire	Cheetos	3.0000	2.0000	1.0000	6	-1.0000	1.2086	0.6712	-0.3974	0.0000	0.6712	0.2102	-1.0000	0.2951	0.2977	-0.0026	0.5554
39.0000	119.0000	Decrease Desire	BrusselsSprouts	4.0000	2.0000	6.0000	2	-1.0000	1.0409	0.5371	-0.0000	0.0000	0.5371	0.2086	-1.0000	0.1482	0.1482	-0.0000	0.2494
39.0000	120.0000	Decrease Desire	EnglishCucumber	6.0000	5.0000	6.0000	5	1.0000	1.2254	0.4197	0.0115	1.0000	0.5706	0.2209	-1.0000	0.1517	0.1556	-0.0038	0.6000
39.0000	121.0000	Decrease Desire	Tuna	1.0000	3.0000	6.0000	4	-1.0000	1.1417	0.6715	-0.3562	0.0000	0.6715	0.2546	-1.0000	0.2128	0.2147	-0.0020	0.3980
39.0000	122.0000	Decrease Desire	Raspberries	6.0000	6.0000	6.0000	4	1.0000	1.1922	0.5708	0.1102	0.0000	0.5708	0.1973	1.0000	0.0921	0.1057	-0.0136	0.2178
39.0000	123.0000	Decrease Desire	Mars	2.0000	2.0000	1.0000	4	-1.0000	1.3429	0.4695	0.0016	0.0000	0.4695	0.2293	-1.0000	0.1490	0.1490	-0.0000	0.2917
39.0000	124.0000	Decrease Desire	Pringles	2.0000	3.0000	1.0000	2	1.0000	1.2089	0.5203	-0.2516	0.0000	0.5203	0.0995	1.0000	0.0959	0.1057	-0.0098	0.2035
39.0000	125.0000	Decrease Desire	RiceKrispiesCereal	5.0000	5.0000	5.0000	3	1.0000	1.6619	0.6375	0.1051	1.0000	0.9398	0.2169	-1.0000	0.2594	0.2664	-0.0071	0.7094
39.0000	126.0000	Decrease Desire	Twizzlers	1.0000	1.0000	1.0000	2	-1.0000	3.2406	1.7288	-0.1372	1.0000	2.1488	0.1923	1.0000	0.3754	0.3754	-0.0000	1.1711
39.0000	127.0000	Decrease Desire	Tuna	1.0000	2.0000	6.0000	2	-1.0000	1.3596	0.5703	-0.0729	0.0000	0.5703	0.2148	-1.0000	0.0739	0.0739	-0.0000	0.2486
39.0000	128.0000	Decrease Desire	PopTartStrawberry	1.0000	1.0000	2.0000	5	-1.0000	1.7627	0.5206	0.0102	1.0000	0.8901	0.3169	1.0000	0.3905	0.3945	-0.0040	1.3704
39.0000	129.0000	Decrease Desire	Nutella	4.0000	2.0000	1.0000	1	-1.0000	1.3597	0.5705	0.1161	0.0000	0.5705	0.1794	-1.0000	0.0677	0.0680	-0.0003	0.2193
39.0000	130.0000	Decrease Desire	SlicedTurkey	6.0000	4.0000	5.0000	5	1.0000	1.4945	0.7049	-0.1036	0.0000	0.7049	0.1366	1.0000	0.3096	0.3097	-0.0001	0.5250
39.0000	131.0000	Respond Naturally	GreenPepper	6.0000	6.0000	6.0000	2	1.0000	1.9301	0.4694	0.1274	1.0000	0.6877	0.5178	-1.0000	0.5921	0.6373	-0.0453	1.3339
39.0000	132.0000	Respond Naturally	FrozenBlueberries	6.0000	6.0000	6.0000	1	1.0000	1.1077	0.4698	0.0823	0.0000	0.4698	0.1400	1.0000	0.0823	0.1042	-0.0219	0.2222
39.0000	133.0000	Respond Naturally	VanillaGreekYogurt	2.0000	4.0000	1.0000	4	-1.0000	1.4099	0.5706	-0.2608	0.0000	0.5706	0.1684	-1.0000	0.1397	0.1409	-0.0011	0.2773
39.0000	134.0000	Respond Naturally	Starburst	2.0000	1.0000	1.0000	6	-1.0000	1.0743	0.5705	0.1809	0.0000	0.5705	0.1604	-1.0000	0.1013	0.1046	-0.0033	0.1998
39.0000	135.0000	Respond Naturally	FrozenCorn	6.0000	6.0000	6.0000	4	-1.0000	1.8298	1.0070	0.1185	0.0000	1.0070	0.1743	-1.0000	0.1117	0.1124	-0.0007	0.1932
39.0000	136.0000	Respond Naturally	FrozenPeas	6.0000	2.0000	6.0000	2	1.0000	1.6446	0.5701	0.0000	0.0000	0.5701	0.1229	1.0000	0.0742	0.0745	-0.0004	0.1573
39.0000	137.0000	Respond Naturally	ClamJuice	4.0000	3.0000	4.0000	1	-1.0000	1.7463	0.5541	0.0181	0.0000	0.5541	0.0920	-1.0000	0.0719	0.0737	-0.0018	0.2110
39.0000	138.0000	Respond Naturally	Cauliflower	5.0000	6.0000	6.0000	2	1.0000	1.6452	0.6040	-0.2570	1.0000	0.8560	0.1617	-1.0000	0.3986	0.3986	-0.0000	0.9105
39.0000	139.0000	Respond Naturally	MnMPeanuts	2.0000	1.0000	2.0000	4	-1.0000	1.6791	0.5540	0.2247	0.0000	0.5540	0.1622	-1.0000	0.0062	0.0912	-0.0849	0.3433
39.0000	140.0000	Respond Naturally	MnMPlain	1.0000	2.0000	1.0000	5	-1.0000	0.9235	0.5036	-0.0000	0.0000	0.5036	0.2575	-1.0000	0.2338	0.2338	-0.0000	0.3881
39.0000	141.0000	Decrease Desire	SpeltCakes	5.0000	2.0000	6.0000	5	-1.0000	3.5606	0.8561	0.0207	0.0000	0.8561	0.1235	-1.0000	0.2717	0.2717	-0.0000	0.4514
39.0000	142.0000	Decrease Desire	FrozenCorn	1.0000	6.0000	6.0000	2	-1.0000	1.8474	0.6713	0.0625	0.0000	0.6713	0.2120	-1.0000	0.1878	0.1878	-0.0000	0.3795
39.0000	143.0000	Decrease Desire	Triscuit	1.0000	3.0000	5.0000	5	-1.0000	1.4441	0.6717	0.0609	0.0000	0.6717	0.1041	-1.0000	0.1810	0.1810	-0.0000	0.3347
39.0000	144.0000	Decrease Desire	CoffeeCrisp	1.0000	1.0000	1.0000	3	-1.0000	1.2096	0.3526	0.2366	0.0000	0.3526	0.1307	-1.0000	0.1068	0.1074	-0.0006	0.2191
39.0000	145.0000	Decrease Desire	BabyFoodSweetPotatos	4.0000	6.0000	2.0000	5	1.0000	1.6287	0.7890	-0.1148	0.0000	0.7890	0.2435	1.0000	0.2230	0.2416	-0.0186	0.4620
39.0000	146.0000	Decrease Desire	MnMPeanuts	1.0000	2.0000	1.0000	2	-1.0000	1.3428	0.5875	0.0539	0.0000	0.5875	0.1938	-1.0000	0.2819	0.2819	-0.0000	0.4523
39.0000	147.0000	Decrease Desire	Onion	4.0000	5.0000	6.0000	2	-1.0000	1.5774	0.6041	-0.2385	0.0000	0.6041	0.1134	-1.0000	0.2206	0.2343	-0.0137	0.4468
39.0000	148.0000	Decrease Desire	DriedApricots	6.0000	6.0000	6.0000	2	1.0000	1.5450	0.7892	-0.2519	0.0000	0.7892	0.1048	1.0000	0.2491	0.2492	-0.0002	0.4673
39.0000	149.0000	Decrease Desire	SlicedTurkey	4.0000	4.0000	5.0000	2	1.0000	1.6112	0.9227	-0.2251	0.0000	0.9227	0.1731	1.0000	0.2054	0.2117	-0.0063	0.3457
39.0000	150.0000	Decrease Desire	Almonds	5.0000	5.0000	6.0000	4	1.0000	2.2661	1.6616	-0.2054	0.0000	1.6616	0.1417	1.0000	0.3222	0.3262	-0.0040	0.4340
39.0000	151.0000	Respond Naturally	AllBranCereal	6.0000	4.0000	6.0000	2	-1.0000	1.3264	0.8058	-0.1154	0.0000	0.8058	0.1697	-1.0000	0.1596	0.1653	-0.0057	0.3171
39.0000	152.0000	Respond Naturally	Onion	4.0000	2.0000	6.0000	4	-1.0000	0.9905	0.4866	-0.2072	0.0000	0.4866	0.1202	-1.0000	0.1609	0.1609	-0.0000	0.3004
39.0000	153.0000	Respond Naturally	Aero	3.0000	3.0000	1.0000	1	-1.0000	0.8561	0.1511	0.4144	0.0000	0.1511	0.1747	-1.0000	-0.0306	0.0213	-0.0520	-0.1274
39.0000	154.0000	Respond Naturally	PureFit	1.0000	2.0000	2.0000	2	-1.0000	0.9229	0.1508	0.8918	0.0000	0.1508	0.1970	-1.0000	-0.0608	0.0000	-0.0608	-0.1062
39.0000	155.0000	Respond Naturally	Caramilk	1.0000	6.0000	2.0000	2	-1.0000	1.2591	0.4866	0.4364	0.0000	0.4866	0.0916	-1.0000	0.1216	0.1216	-0.0000	0.2003
39.0000	156.0000	Respond Naturally	OikosYogurt	1.0000	2.0000	6.0000	6	-1.0000	1.0583	0.4366	0.7011	0.0000	0.4366	0.1292	-1.0000	0.0390	0.0399	-0.0009	0.0728
39.0000	157.0000	Respond Naturally	Shreddies	4.0000	6.0000	5.0000	2	-1.0000	1.0744	0.4698	-0.2107	0.0000	0.4698	0.1800	-1.0000	0.1502	0.1503	-0.0000	0.2786
39.0000	158.0000	Respond Naturally	PCChipCookie	6.0000	5.0000	1.0000	2	1.0000	1.3587	0.5192	-0.1900	0.0000	0.5192	0.2010	1.0000	0.2636	0.2636	-0.0000	0.5568
39.0000	159.0000	Respond Naturally	Nutella	3.0000	5.0000	1.0000	4	-1.0000	0.9737	0.4702	-0.2318	0.0000	0.4702	0.2177	-1.0000	0.1984	0.2037	-0.0053	0.3773
39.0000	160.0000	Respond Naturally	Celery	4.0000	4.0000	6.0000	2	-1.0000	1.8462	1.3087	0.0504	0.0000	1.3087	0.1627	-1.0000	0.1090	0.1090	-0.0000	0.1530
39.0000	161.0000	Respond Naturally	BrusselsSprouts	4.0000	4.0000	6.0000	4	-1.0000	1.2415	0.5536	-0.1008	0.0000	0.5536	0.1829	-1.0000	0.1333	0.1333	-0.0000	0.1962
39.0000	162.0000	Respond Naturally	Avocado	3.0000	6.0000	6.0000	5	-1.0000	1.5283	0.8058	-0.1018	0.0000	0.8058	0.2040	-1.0000	0.1478	0.1486	-0.0009	0.2577
39.0000	163.0000	Respond Naturally	FrozenPeas	5.0000	5.0000	6.0000	6	-1.0000	1.0074	0.3355	-0.0849	0.0000	0.3355	0.1780	-1.0000	0.2689	0.2689	-0.0000	0.4821
39.0000	164.0000	Respond Naturally	CornFlakes	3.0000	4.0000	6.0000	6	1.0000	1.6790	0.8395	-0.0030	0.0000	0.8395	0.1938	1.0000	0.0902	0.0905	-0.0002	0.2047
39.0000	165.0000	Respond Naturally	GreenBeans	3.0000	6.0000	6.0000	4	-1.0000	1.6454	0.8225	0.4165	0.0000	0.8225	0.0960	-1.0000	0.1830	0.1830	-0.0000	0.3694
39.0000	166.0000	Respond Naturally	Bananas	5.0000	6.0000	6.0000	2	1.0000	1.0909	0.4862	0.4151	0.0000	0.4862	0.1415	1.0000	0.0910	0.0911	-0.0000	0.2730
39.0000	167.0000	Respond Naturally	CoffeeCrisp	3.0000	2.0000	2.0000	1	-1.0000	1.6115	1.0742	0.2508	0.0000	1.0742	0.1848	-1.0000	0.2739	0.2764	-0.0025	0.4244
39.0000	168.0000	Respond Naturally	Broccoli	6.0000	6.0000	6.0000	1	-1.0000	1.7459	0.4867	0.3042	1.0000	0.6546	0.1944	1.0000	0.2837	0.2837	-0.0001	0.5164
39.0000	169.0000	Respond Naturally	Mars	1.0000	2.0000	6.0000	2	-1.0000	1.1245	0.5369	-0.0226	0.0000	0.5369	0.2435	-1.0000	0.1107	0.1109	-0.0002	0.2046
39.0000	170.0000	Respond Naturally	YorkPeppermintPatties	1.0000	1.0000	1.0000	2	-1.0000	1.6958	0.6714	-0.0236	0.0000	0.6714	0.1839	-1.0000	0.1791	0.1796	-0.0004	0.3303
39.0000	171.0000	Decrease Desire	RomaineLettuce	6.0000	6.0000	6.0000	2	-1.0000	0.9570	0.5202	0.1400	0.0000	0.5202	0.2246	-1.0000	0.2309	0.2309	-0.0000	0.3832
39.0000	172.0000	Decrease Desire	GreenApple	6.0000	6.0000	6.0000	2	1.0000	1.1921	0.6212	0.0022	0.0000	0.6212	0.1750	1.0000	0.3831	0.3833	-0.0002	0.6183
39.0000	173.0000	Decrease Desire	GreenBeans	3.0000	1.0000	6.0000	2	-1.0000	1.4102	0.8896	-0.1117	0.0000	0.8896	0.1629	-1.0000	0.3362	0.3362	-0.0000	0.5604
39.0000	174.0000	Decrease Desire	SevenGrain	1.0000	2.0000	2.0000	1	1.0000	1.5612	0.4532	0.1589	1.0000	0.5875	0.1860	-1.0000	0.3373	0.3373	-0.0000	0.7273
39.0000	175.0000	Decrease Desire	HoneyNutCheerios	6.0000	6.0000	5.0000	5	-1.0000	1.7615	1.0731	-0.0291	0.0000	1.0731	0.2611	-1.0000	0.3234	0.3234	-0.0000	0.4317
39.0000	176.0000	Decrease Desire	DriedApricots	6.0000	5.0000	6.0000	5	1.0000	1.3599	0.7889	-0.2496	0.0000	0.7889	0.1236	1.0000	0.0754	0.0850	-0.0096	0.1796
39.0000	177.0000	Decrease Desire	CheeseNips	1.0000	2.0000	2.0000	2	-1.0000	1.1920	0.5872	0.1091	0.0000	0.5872	0.1594	-1.0000	0.1383	0.1383	-0.0000	0.2148
39.0000	178.0000	Decrease Desire	Prunes	4.0000	6.0000	1.0000	5	-1.0000	1.0907	0.5198	-0.2545	0.0000	0.5198	0.1490	-1.0000	0.1709	0.1709	-0.0000	0.2913
39.0000	179.0000	Decrease Desire	PopTartStrawberry	1.0000	1.0000	1.0000	2	-1.0000	1.1755	0.6213	-0.0000	0.0000	0.6213	0.1661	-1.0000	0.0710	0.0710	-0.0001	0.2505
39.0000	180.0000	Decrease Desire	SevenGrain	4.0000	2.0000	6.0000	3	-1.0000	1.4766	0.6543	-0.0000	0.0000	0.6543	0.1349	-1.0000	0.0941	0.0941	-0.0000	0.1337
39.0000	181.0000	Respond Naturally	VegetableThins	1.0000	2.0000	2.0000	2	-1.0000	1.3602	0.5878	-0.1106	0.0000	0.5878	0.1685	-1.0000	0.1563	0.1563	-0.0000	0.3116
39.0000	182.0000	Respond Naturally	Orange	6.0000	6.0000	6.0000	5	1.0000	1.5953	0.7891	0.0159	0.0000	0.7891	0.0797	1.0000	0.1252	0.1269	-0.0018	0.2027
39.0000	183.0000	Respond Naturally	SlimStyles	6.0000	6.0000	1.0000	2	-1.0000	0.9902	0.5368	0.2038	0.0000	0.5368	0.2236	-1.0000	0.1207	0.1207	-0.0000	0.2280
39.0000	184.0000	Respond Naturally	FrozenBroccoli	6.0000	6.0000	6.0000	2	-1.0000	1.6279	0.8891	0.1157	0.0000	0.8891	0.1312	-1.0000	0.1115	0.1227	-0.0112	0.2266
39.0000	185.0000	Respond Naturally	RiceKrispiesCereal	5.0000	6.0000	6.0000	7	1.0000	2.6357	1.7456	-0.4317	0.0000	1.7456	0.0917	1.0000	0.2622	0.2622	-0.0000	0.6029
39.0000	186.0000	Respond Naturally	GreenPepper	6.0000	6.0000	6.0000	6	-1.0000	1.8128	0.9231	0.0386	0.0000	0.9231	0.0645	-1.0000	0.1137	0.1137	-0.0000	0.2188
39.0000	187.0000	Respond Naturally	OatmealSquares	4.0000	4.0000	2.0000	7	-1.0000	1.1922	0.5204	-0.0180	0.0000	0.5204	0.1564	-1.0000	0.1049	0.1059	-0.0010	0.2237
39.0000	188.0000	Respond Naturally	SunChips	2.0000	2.0000	2.0000	2	-1.0000	1.1583	0.6042	0.0244	0.0000	0.6042	0.2663	-1.0000	0.1011	0.1059	-0.0048	0.2080
39.0000	189.0000	Respond Naturally	SkittlesSour	2.0000	4.0000	2.0000	6	-1.0000	2.6698	0.9570	0.2372	0.0000	0.9570	0.1021	-1.0000	0.0385	0.1091	-0.0706	0.2708
39.0000	190.0000	Respond Naturally	IceCreamVanilla	6.0000	6.0000	1.0000	1	-1.0000	1.2420	0.8726	0.7589	0.0000	0.8726	0.2203	-1.0000	-0.0027	0.0016	-0.0043	0.0214
39.0000	191.0000	Decrease Desire	Reese	1.0000	2.0000	2.0000	1	-1.0000	0.9905	0.4532	-0.2604	0.0000	0.4532	0.1486	-1.0000	0.1721	0.1730	-0.0008	0.3383
39.0000	192.0000	Decrease Desire	Mentos	2.0000	2.0000	1.0000	2	-1.0000	1.1581	0.5033	-0.2320	0.0000	0.5033	0.1665	-1.0000	0.2249	0.2249	-0.0000	0.3334
39.0000	193.0000	Decrease Desire	Broccoli	6.0000	5.0000	6.0000	4	-1.0000	1.0735	0.4865	-0.0000	0.0000	0.4865	0.2203	-1.0000	0.1162	0.1298	-0.0135	0.2536
39.0000	194.0000	Decrease Desire	Strawberries	6.0000	6.0000	6.0000	3	1.0000	1.9980	1.2255	-0.0794	0.0000	1.2255	0.0948	1.0000	0.1581	0.1582	-0.0001	0.2550
39.0000	195.0000	Decrease Desire	OatmealSquares	3.0000	4.0000	2.0000	3	-1.0000	0.9737	0.4196	0.1565	0.0000	0.4196	0.1767	-1.0000	0.1033	0.1167	-0.0134	0.2378
39.0000	196.0000	Decrease Desire	SkimMilk	1.0000	4.0000	1.0000	1	-1.0000	1.3094	0.5370	-0.0863	0.0000	0.5370	0.1464	-1.0000	0.0630	0.0745	-0.0115	0.1678
39.0000	197.0000	Decrease Desire	BabyFoodCarrots	1.0000	2.0000	4.0000	3	-1.0000	1.7292	0.9229	-0.2299	0.0000	0.9229	0.1560	-1.0000	0.1361	0.1367	-0.0006	0.2547
39.0000	198.0000	Decrease Desire	Avocado	4.0000	3.0000	2.0000	2	1.0000	1.9300	1.3085	-0.1843	0.0000	1.3085	0.1794	1.0000	0.2316	0.2319	-0.0002	0.3320
39.0000	199.0000	Decrease Desire	Starburst	1.0000	2.0000	1.0000	3	-1.0000	1.1248	0.4699	-0.1156	0.0000	0.4699	0.1053	-1.0000	0.1130	0.1130	-0.0000	0.1868
39.0000	200.0000	Decrease Desire	GreenGrapes	6.0000	6.0000	6.0000	4	1.0000	1.1416	0.6377	0.0189	0.0000	0.6377	0.1947	1.0000	0.1526	0.1526	-0.0000	0.3078
