Subject	Trial	Instruction	Food	Liking	Taste	Health	Amount	Choice	ChoiceRT	FirstDevTimeChoice	InitAngleChoice	NumChangeMindChoice	FinalDevTimeChoice	MaxVelocityChoice	DrxFirstDevChoice	TotalAUCChoice	AUCtoNonChosenChoice	AUCtoChosenChoice	MaxDevChoice
109.0000	1.0000	Respond Naturally	GreenBeans	4.0000	3.0000	5.0000	2	-1.0000	1.0260	0.7569	-0.1689	0.0000	0.7569	0.1980	-1.0000	0.1159	0.1159	-0.0000	0.2473
109.0000	2.0000	Respond Naturally	RiceKrispiesCereal	4.0000	4.0000	3.0000	7	1.0000	0.8748	0.6729	-0.7472	0.0000	0.6729	0.2911	1.0000	0.1080	0.1080	-0.0000	0.2015
109.0000	3.0000	Respond Naturally	YorkPeppermintPatties	4.0000	4.0000	2.0000	2	1.0000	1.3284	0.9583	-0.1773	0.0000	0.9583	0.1701	1.0000	0.1546	0.1556	-0.0010	0.2474
109.0000	4.0000	Respond Naturally	Broccoli	5.0000	4.0000	4.0000	1	1.0000	0.8913	0.6053	0.0586	0.0000	0.6053	0.2181	1.0000	0.1047	0.1047	-0.0000	0.2283
109.0000	5.0000	Respond Naturally	Reese	4.0000	5.0000	2.0000	1	1.0000	0.5884	0.4202	0.1126	0.0000	0.4202	0.2461	1.0000	0.2127	0.2127	-0.0000	0.2832
109.0000	6.0000	Respond Naturally	OikosYogurt	4.0000	4.0000	4.0000	3	1.0000	0.7570	0.5551	-0.0092	0.0000	0.5551	0.2304	1.0000	0.1544	0.1544	-0.0000	0.2015
109.0000	7.0000	Respond Naturally	FrozenPeaches	4.0000	4.0000	5.0000	2	1.0000	0.6556	0.5211	0.5558	0.0000	0.5211	0.1892	1.0000	0.1146	0.1146	-0.0000	0.1473
109.0000	8.0000	Respond Naturally	SkittlesSour	3.0000	4.0000	2.0000	3	1.0000	0.5886	0.2521	0.4055	0.0000	0.2521	0.1682	1.0000	0.0616	0.0616	-0.0000	0.2179
109.0000	9.0000	Respond Naturally	OikosYogurt	4.0000	5.0000	5.0000	6	1.0000	0.5887	0.2691	0.5507	0.0000	0.2691	0.1535	1.0000	0.1450	0.1450	-0.0000	0.2100
109.0000	10.0000	Respond Naturally	AppleChips	3.0000	3.0000	3.0000	5	1.0000	1.4456	0.2186	0.1406	0.0000	0.2186	0.1961	1.0000	0.2776	0.2776	-0.0000	0.3147
109.0000	11.0000	Decrease Desire	CheeseNips	3.0000	3.0000	2.0000	5	-1.0000	5.6820	4.5045	-0.0000	1.0000	5.0932	0.1538	1.0000	0.1381	0.1392	-0.0011	0.4116
109.0000	12.0000	Decrease Desire	Nutella	5.0000	3.0000	2.0000	1	-1.0000	1.3959	0.7063	0.4398	0.0000	0.7063	0.3618	-1.0000	0.0897	0.1889	-0.0992	0.4409
109.0000	13.0000	Decrease Desire	Mars	3.0000	4.0000	2.0000	4	1.0000	0.5215	0.3365	0.4328	0.0000	0.3365	0.1381	1.0000	0.1435	0.1435	-0.0000	0.2113
109.0000	14.0000	Decrease Desire	TofuDessert	4.0000	5.0000	4.0000	2	1.0000	0.1851	0.1178	0.0157	0.0000	0.1178	0.2346	1.0000	0.2014	0.2014	-0.0000	0.3267
109.0000	15.0000	Decrease Desire	DriedHerring	2.0000	3.0000	4.0000	1	1.0000	1.7158	0.6392	0.0000	1.0000	1.5308	0.3926	-1.0000	0.5155	0.5155	-0.0000	0.9639
109.0000	16.0000	Decrease Desire	Triscuit	3.0000	3.0000	2.0000	5	-1.0000	5.1616	1.5972	0.0707	0.0000	1.5972	0.0614	-1.0000	0.2570	0.2570	-0.0000	0.4103
109.0000	17.0000	Decrease Desire	RiceKrispiesCereal	4.0000	4.0000	2.0000	3	-1.0000	0.8409	0.2017	0.4058	0.0000	0.2017	0.6163	-1.0000	-0.2818	0.0177	-0.2995	-0.7385
109.0000	18.0000	Decrease Desire	PopTartStrawberry	4.0000	4.0000	2.0000	5	1.0000	0.6224	0.3533	-0.0492	0.0000	0.3533	0.1456	1.0000	0.3371	0.3371	-0.0000	0.5130
109.0000	19.0000	Decrease Desire	ClifBar	3.0000	4.0000	3.0000	2	1.0000	1.2606	0.1343	0.1622	0.0000	0.1343	0.1469	1.0000	0.2209	0.2209	-0.0000	0.3711
109.0000	20.0000	Decrease Desire	HoneyNutCheerios	3.0000	4.0000	2.0000	5	1.0000	0.5047	0.1514	-0.0404	0.0000	0.1514	0.1826	1.0000	0.3408	0.3408	-0.0000	0.4946
109.0000	21.0000	Respond Naturally	Mackerel	3.0000	3.0000	4.0000	3	-1.0000	1.7155	0.4706	-0.0827	0.0000	0.4706	0.0895	-1.0000	0.1606	0.1606	-0.0000	0.2386
109.0000	22.0000	Respond Naturally	DriedApricots	3.0000	3.0000	3.0000	2	-1.0000	1.7153	0.5715	0.0027	0.0000	0.5715	0.3333	-1.0000	0.5491	0.5491	-0.0000	0.7506
109.0000	23.0000	Respond Naturally	GreenPepper	2.0000	4.0000	4.0000	2	-1.0000	1.0594	0.5716	-0.0737	0.0000	0.5716	0.1412	-1.0000	0.1940	0.1944	-0.0004	0.4312
109.0000	24.0000	Respond Naturally	GreenBeans	3.0000	4.0000	4.0000	4	-1.0000	0.6897	0.3028	0.4310	0.0000	0.3028	0.1123	-1.0000	0.1074	0.1074	-0.0000	0.1402
109.0000	25.0000	Respond Naturally	ClamJuice	1.0000	1.0000	2.0000	1	-1.0000	0.8579	0.6224	0.4338	0.0000	0.6224	0.1938	-1.0000	0.1861	0.1861	-0.0000	0.2217
109.0000	26.0000	Respond Naturally	Bananas	5.0000	4.0000	4.0000	3	-1.0000	0.8747	0.1681	-0.0757	0.0000	0.1681	0.0620	-1.0000	0.1728	0.1728	-0.0000	0.2743
109.0000	27.0000	Respond Naturally	GreenGrapes	4.0000	4.0000	4.0000	1	1.0000	0.7064	0.4878	0.0812	0.0000	0.4878	0.1894	1.0000	0.3489	0.3489	-0.0000	0.4258
109.0000	28.0000	Respond Naturally	Cheetos	3.0000	4.0000	2.0000	6	1.0000	0.5887	0.4204	0.2872	0.0000	0.4204	0.2626	1.0000	0.2913	0.2913	-0.0000	0.3751
109.0000	29.0000	Respond Naturally	RedPepper	2.0000	3.0000	3.0000	2	-1.0000	0.8741	0.1007	-0.0804	1.0000	0.5882	0.2425	1.0000	0.3867	0.3904	-0.0037	0.5859
109.0000	30.0000	Respond Naturally	Beets	2.0000	3.0000	4.0000	2	-1.0000	2.1517	0.1514	0.5365	1.0000	0.8406	0.1254	1.0000	0.1019	0.1272	-0.0253	0.3282
109.0000	31.0000	Decrease Desire	RomaineLettuce	3.0000	4.0000	5.0000	2	-1.0000	1.6468	1.4954	-0.0000	0.0000	1.4954	0.3140	-1.0000	0.1129	0.1129	-0.0000	0.1277
109.0000	32.0000	Decrease Desire	SpeltCakes	3.0000	4.0000	4.0000	5	-1.0000	0.1178	0.1009	0.9731	0.0000	0.1009	0.2951	-1.0000	-0.0643	0.0000	-0.0643	-0.1191
109.0000	33.0000	Decrease Desire	AllBranBar	3.0000	3.0000	4.0000	1	-1.0000	0.6560	0.4541	0.3971	0.0000	0.4541	0.2143	-1.0000	0.1923	0.1923	-0.0000	0.2562
109.0000	34.0000	Decrease Desire	RaisinBran	2.0000	5.0000	3.0000	7	1.0000	0.5718	0.4540	-0.1525	0.0000	0.4540	0.4391	1.0000	0.3263	0.3263	-0.0000	0.3985
109.0000	35.0000	Decrease Desire	Butternut	3.0000	3.0000	4.0000	7	-1.0000	0.7900	0.4368	-0.0574	0.0000	0.4368	0.2769	-1.0000	0.4592	0.4592	-0.0000	0.5638
109.0000	36.0000	Decrease Desire	Pringles	4.0000	4.0000	2.0000	5	1.0000	0.7063	0.4371	-1.0338	0.0000	0.4371	1.0464	1.0000	0.8250	0.8250	-0.0000	1.6073
109.0000	37.0000	Decrease Desire	SunChips	2.0000	3.0000	2.0000	4	-1.0000	2.2021	0.4206	-0.0431	3.0000	1.4797	0.2695	1.0000	0.2173	0.2316	-0.0143	0.8153
109.0000	38.0000	Decrease Desire	Mentos	6.0000	4.0000	2.0000	5	1.0000	1.1598	1.1262	0.2372	0.0000	1.1262	0.4262	1.0000	0.6201	0.6201	-0.0000	0.6985
109.0000	39.0000	Decrease Desire	BrusselsSprouts	2.0000	2.0000	2.0000	4	-1.0000	1.3115	0.6223	-0.1134	0.0000	0.6223	0.0929	-1.0000	0.2986	0.2986	-0.0000	0.6022
109.0000	40.0000	Decrease Desire	WaterChestnuts	2.0000	2.0000	2.0000	5	-1.0000	1.5965	1.4283	0.1733	0.0000	1.4283	0.1804	-1.0000	0.3338	0.3338	-0.0000	0.3695
109.0000	41.0000	Respond Naturally	ClamJuice	2.0000	1.0000	1.0000	3	-1.0000	0.5382	0.2859	0.1081	0.0000	0.2859	0.2186	-1.0000	0.2727	0.2727	-0.0000	0.3458
109.0000	42.0000	Respond Naturally	Caramilk	5.0000	4.0000	2.0000	5	1.0000	0.7564	0.5882	-0.1682	0.0000	0.5882	0.2256	1.0000	0.2626	0.2626	-0.0000	0.3248
109.0000	43.0000	Respond Naturally	Raspberries	5.0000	4.0000	4.0000	4	1.0000	0.6896	0.5046	0.0761	0.0000	0.5046	0.1747	1.0000	0.3617	0.3617	-0.0000	0.4490
109.0000	44.0000	Respond Naturally	OatmealSquares	2.0000	3.0000	4.0000	7	-1.0000	1.1766	1.0589	-0.1589	0.0000	1.0589	0.3849	-1.0000	0.2945	0.2945	-0.0000	0.3310
109.0000	45.0000	Respond Naturally	RaisinBran	2.0000	4.0000	3.0000	3	1.0000	1.0757	0.9243	0.1796	0.0000	0.9243	0.2940	1.0000	0.2864	0.2864	-0.0000	0.3217
109.0000	46.0000	Respond Naturally	CoffeeCrisp	4.0000	4.0000	2.0000	3	1.0000	0.6221	0.5885	-0.0003	0.0000	0.5885	0.3690	1.0000	0.3924	0.3924	-0.0000	0.4895
109.0000	47.0000	Respond Naturally	RitzCrackers	2.0000	3.0000	2.0000	5	-1.0000	1.5972	0.4203	-0.0000	1.0000	0.5885	0.2748	1.0000	0.1258	0.1725	-0.0467	0.5214
109.0000	48.0000	Respond Naturally	FrozenPeaches	4.0000	5.0000	4.0000	5	1.0000	0.6727	0.1009	0.3021	0.0000	0.1009	0.2553	1.0000	0.2926	0.2926	-0.0000	0.4377
109.0000	49.0000	Respond Naturally	AlmondMilk	4.0000	5.0000	4.0000	2	1.0000	1.1603	0.6221	0.0000	1.0000	1.0089	0.5041	-1.0000	0.5464	0.5464	-0.0000	1.3067
109.0000	50.0000	Respond Naturally	CornFlakes	4.0000	5.0000	2.0000	3	1.0000	0.8237	0.6555	-0.0934	0.0000	0.6555	0.2085	1.0000	0.3660	0.3660	-0.0000	0.4342
109.0000	51.0000	Decrease Desire	Butternut	2.0000	2.0000	4.0000	3	-1.0000	1.3453	0.1010	0.1658	0.0000	0.1010	0.0916	-1.0000	0.2258	0.2288	-0.0030	0.3885
109.0000	52.0000	Decrease Desire	MnMPeanuts	2.0000	3.0000	2.0000	2	-1.0000	0.8914	0.1176	0.2978	0.0000	0.1176	0.3742	-1.0000	0.4328	0.4328	-0.0000	0.7295
109.0000	53.0000	Decrease Desire	KashiBars	2.0000	4.0000	4.0000	1	-1.0000	0.6895	0.2187	0.0871	0.0000	0.2187	0.6304	-1.0000	0.6047	0.6047	-0.0000	0.8053
109.0000	54.0000	Decrease Desire	Shreddies	2.0000	3.0000	4.0000	5	-1.0000	0.7398	0.5380	0.0299	0.0000	0.5380	0.2127	-1.0000	0.3865	0.3865	-0.0000	0.4797
109.0000	55.0000	Decrease Desire	Caramilk	4.0000	5.0000	2.0000	2	1.0000	0.7905	0.5213	0.0000	0.0000	0.5213	0.1211	1.0000	0.3497	0.3497	-0.0000	0.4543
109.0000	56.0000	Decrease Desire	Asparagus	2.0000	2.0000	2.0000	3	-1.0000	1.3458	0.6392	-0.1581	0.0000	0.6392	0.1349	-1.0000	0.3931	0.3931	-0.0000	0.5789
109.0000	57.0000	Decrease Desire	Almonds	5.0000	4.0000	4.0000	4	1.0000	2.0996	0.3862	-0.1680	0.0000	0.3862	0.1893	1.0000	0.2373	0.2373	-0.0000	0.4738
109.0000	58.0000	Decrease Desire	Smartfood	4.0000	4.0000	2.0000	4	1.0000	0.8240	0.6558	-0.2563	0.0000	0.6558	0.1745	1.0000	0.4273	0.4273	-0.0000	0.5268
109.0000	59.0000	Decrease Desire	Skittles	3.0000	4.0000	2.0000	6	1.0000	1.4289	0.6558	-0.1508	0.0000	0.6558	0.2120	1.0000	0.1081	0.1473	-0.0393	0.4629
109.0000	60.0000	Decrease Desire	SkimMilk	3.0000	4.0000	4.0000	1	1.0000	1.4792	1.0755	0.2280	0.0000	1.0755	0.0914	1.0000	0.2745	0.2745	-0.0000	0.4255
109.0000	61.0000	Respond Naturally	FrozenPeas	3.0000	3.0000	4.0000	6	-1.0000	0.8406	0.6724	-0.0856	0.0000	0.6724	0.2586	-1.0000	0.2458	0.2458	-0.0000	0.2954
109.0000	62.0000	Respond Naturally	ProMax	5.0000	4.0000	3.0000	4	1.0000	0.7233	0.2859	-0.4386	0.0000	0.2859	0.1938	1.0000	0.5015	0.5015	-0.0000	0.6954
109.0000	63.0000	Respond Naturally	PCChipCookie	6.0000	4.0000	2.0000	2	1.0000	0.6223	0.4709	-0.3069	0.0000	0.4709	0.2983	1.0000	0.4998	0.4998	-0.0000	0.6254
109.0000	64.0000	Respond Naturally	RitzCrackers	2.0000	4.0000	2.0000	2	1.0000	1.1268	0.5717	0.4235	0.0000	0.5717	0.1052	1.0000	0.2439	0.2439	-0.0000	0.3430
109.0000	65.0000	Respond Naturally	MnMPeanuts	3.0000	3.0000	2.0000	4	-1.0000	1.4461	1.0759	-0.0000	0.0000	1.0759	0.1398	-1.0000	0.2341	0.2341	-0.0000	0.3971
109.0000	66.0000	Respond Naturally	MnMPlain	3.0000	3.0000	2.0000	5	-1.0000	0.7905	0.3531	0.0486	0.0000	0.3531	0.0954	-1.0000	0.2116	0.2116	-0.0000	0.3300
109.0000	67.0000	Respond Naturally	AllBranCereal	3.0000	3.0000	4.0000	6	-1.0000	0.9583	0.6050	-0.1156	0.0000	0.6050	0.1001	-1.0000	0.2871	0.2871	-0.0000	0.4175
109.0000	68.0000	Respond Naturally	Bananas	4.0000	5.0000	5.0000	2	1.0000	1.2606	1.0083	0.0220	0.0000	1.0083	0.2547	1.0000	0.3725	0.3725	-0.0000	0.4377
109.0000	69.0000	Respond Naturally	MnMPlain	3.0000	5.0000	2.0000	3	1.0000	0.8069	0.7732	0.2694	0.0000	0.7732	0.3590	1.0000	0.5189	0.5189	-0.0000	0.6253
109.0000	70.0000	Respond Naturally	Cheetos	4.0000	4.0000	2.0000	3	1.0000	0.8069	0.7564	0.1790	0.0000	0.7564	0.4062	1.0000	0.3632	0.3632	-0.0000	0.4086
109.0000	71.0000	Decrease Desire	SevenGrain	2.0000	2.0000	4.0000	1	-1.0000	0.2017	0.1007	1.0111	0.0000	0.1007	0.2131	-1.0000	-0.1124	0.0000	-0.1124	-0.1973
109.0000	72.0000	Decrease Desire	FrozenBlueberries	4.0000	5.0000	4.0000	1	1.0000	2.0001	1.7646	-0.2548	0.0000	1.7646	0.1218	1.0000	0.4936	0.4936	-0.0000	0.5545
109.0000	73.0000	Decrease Desire	OatBran	4.0000	3.0000	5.0000	2	-1.0000	1.1776	0.6729	0.0368	0.0000	0.6729	0.1144	-1.0000	0.4042	0.4042	-0.0000	0.6365
109.0000	74.0000	Decrease Desire	SunChips	4.0000	4.0000	2.0000	2	-1.0000	0.8236	0.6554	0.3458	0.0000	0.6554	0.3048	-1.0000	0.0110	0.0110	-0.0000	0.0596
109.0000	75.0000	Decrease Desire	EnglishCucumber	3.0000	4.0000	4.0000	2	1.0000	0.7733	0.4034	-0.3216	1.0000	0.6387	0.5400	-1.0000	0.7494	0.7494	-0.0000	1.4766
109.0000	76.0000	Decrease Desire	FrozenBroccoli	4.0000	4.0000	5.0000	2	1.0000	0.8909	0.6723	0.2297	0.0000	0.6723	0.2382	1.0000	0.1639	0.1644	-0.0004	0.1963
109.0000	77.0000	Decrease Desire	FrootLoops	5.0000	4.0000	2.0000	2	1.0000	0.5548	0.5212	-0.2884	0.0000	0.5212	0.3259	1.0000	0.3509	0.3509	-0.0000	0.4253
109.0000	78.0000	Decrease Desire	Snickers	3.0000	4.0000	1.0000	2	1.0000	0.5715	0.4033	0.0000	0.0000	0.4033	0.2941	1.0000	0.1649	0.1649	-0.0000	0.2271
109.0000	79.0000	Decrease Desire	RufflesSourCreamOnion	4.0000	5.0000	2.0000	5	1.0000	0.7226	0.5712	-0.0853	0.0000	0.5712	0.2378	1.0000	0.3522	0.3522	-0.0000	0.4106
109.0000	80.0000	Decrease Desire	NatureValleyChocolate	3.0000	4.0000	2.0000	4	-1.0000	1.0256	0.5715	-0.0000	0.0000	0.5715	0.1678	-1.0000	0.1853	0.1872	-0.0019	0.3146
109.0000	81.0000	Decrease Desire	Twizzlers	3.0000	4.0000	2.0000	2	1.0000	1.7477	1.6131	0.2020	0.0000	1.6131	0.1803	1.0000	0.3925	0.3925	-0.0000	0.4315
109.0000	82.0000	Decrease Desire	OatmealSquares	3.0000	4.0000	4.0000	3	-1.0000	0.9753	0.6557	-0.0437	0.0000	0.6557	0.1551	-1.0000	0.2026	0.2026	-0.0000	0.2544
109.0000	83.0000	Decrease Desire	MangoChunks	4.0000	5.0000	4.0000	5	1.0000	0.8742	0.7061	0.0000	0.0000	0.7061	0.2029	1.0000	0.2846	0.2846	-0.0000	0.3738
109.0000	84.0000	Decrease Desire	Prunes	4.0000	4.0000	4.0000	5	-1.0000	0.7733	0.6387	-0.0686	0.0000	0.6387	0.3739	-1.0000	0.5555	0.5555	-0.0000	0.6496
109.0000	85.0000	Decrease Desire	ProMax	4.0000	3.0000	2.0000	2	1.0000	1.0253	0.9916	0.0000	0.0000	0.9916	0.3460	1.0000	0.4136	0.4136	-0.0000	0.4576
109.0000	86.0000	Decrease Desire	AllBranBar	2.0000	3.0000	4.0000	3	-1.0000	0.9083	0.5046	-0.0658	0.0000	0.5046	0.1205	-1.0000	0.2681	0.2681	-0.0000	0.4408
109.0000	87.0000	Decrease Desire	Cheerios	5.0000	3.0000	3.0000	5	-1.0000	0.6389	0.5043	0.2859	0.0000	0.5043	0.2299	-1.0000	0.2870	0.2870	-0.0000	0.4289
109.0000	88.0000	Decrease Desire	GreenPepper	2.0000	3.0000	4.0000	6	-1.0000	0.9918	0.7227	0.0282	0.0000	0.7227	0.1667	-1.0000	0.3729	0.3765	-0.0036	0.4955
109.0000	89.0000	Decrease Desire	Spinach	2.0000	3.0000	4.0000	4	-1.0000	1.2270	1.0924	0.2574	0.0000	1.0924	0.1962	-1.0000	0.3559	0.3559	-0.0000	0.3957
109.0000	90.0000	Decrease Desire	SlicedTurkey	4.0000	4.0000	4.0000	2	1.0000	1.7310	1.6973	0.0000	0.0000	1.6973	0.3129	1.0000	0.3766	0.3766	-0.0000	0.3991
109.0000	91.0000	Respond Naturally	PureFit	3.0000	4.0000	4.0000	2	-1.0000	1.7311	1.4283	0.1206	0.0000	1.4283	0.1202	-1.0000	0.3221	0.3221	-0.0000	0.3825
109.0000	92.0000	Respond Naturally	Tempeh	3.0000	3.0000	4.0000	4	-1.0000	1.4454	1.3277	0.0830	0.0000	1.3277	0.2724	-1.0000	0.5823	0.5823	-0.0000	0.6393
109.0000	93.0000	Respond Naturally	FrozenBlueberries	4.0000	4.0000	4.0000	3	1.0000	0.1680	0.1007	0.1399	0.0000	0.1007	0.4210	1.0000	0.0923	0.0963	-0.0041	0.2963
109.0000	94.0000	Respond Naturally	NatureValleyChocolate	3.0000	4.0000	3.0000	1	-1.0000	0.7231	0.5885	0.0221	0.0000	0.5885	0.2229	-1.0000	0.4051	0.4051	-0.0000	0.5123
109.0000	95.0000	Respond Naturally	Starburst	4.0000	4.0000	2.0000	3	-1.0000	0.9581	0.7058	-0.0000	0.0000	0.7058	0.1450	-1.0000	0.2957	0.2957	-0.0000	0.3818
109.0000	96.0000	Respond Naturally	GreenApple	4.0000	4.0000	4.0000	4	-1.0000	1.3956	1.0423	-0.0000	0.0000	1.0423	0.1662	-1.0000	0.2697	0.2697	-0.0000	0.3670
109.0000	97.0000	Respond Naturally	BrusselsSprouts	1.0000	2.0000	1.0000	2	-1.0000	0.7901	0.6388	0.0912	0.0000	0.6388	0.1947	-1.0000	0.4377	0.4377	-0.0000	0.5006
109.0000	98.0000	Respond Naturally	BBQCrisps	4.0000	3.0000	2.0000	2	1.0000	1.1094	0.9244	0.0489	0.0000	0.9244	0.1827	1.0000	0.3726	0.3727	-0.0001	0.4378
109.0000	99.0000	Respond Naturally	ClifBar	2.0000	3.0000	3.0000	4	-1.0000	0.9077	0.6723	0.0091	0.0000	0.6723	0.1596	-1.0000	0.3399	0.3399	-0.0000	0.4462
109.0000	100.0000	Respond Naturally	SlicedTurkey	4.0000	4.0000	4.0000	5	1.0000	1.6638	0.8064	0.1467	0.0000	0.8064	0.2587	1.0000	0.0741	0.1546	-0.0806	0.3000
109.0000	101.0000	Decrease Desire	HoneyNutCheerios	2.0000	3.0000	3.0000	2	-1.0000	0.9748	0.4366	0.6640	0.0000	0.4366	0.9133	-1.0000	-0.3608	0.0630	-0.4238	-1.3622
109.0000	102.0000	Decrease Desire	Nutella	4.0000	4.0000	4.0000	4	1.0000	0.5378	0.5210	0.0860	0.0000	0.5210	0.7365	1.0000	0.2858	0.2858	-0.0000	0.3132
109.0000	103.0000	Decrease Desire	IceCreamVanilla	3.0000	4.0000	3.0000	4	1.0000	1.2438	1.2102	-0.2189	0.0000	1.2102	0.4092	1.0000	0.4783	0.4783	-0.0000	0.5227
109.0000	104.0000	Decrease Desire	BabyFoodCarrots	2.0000	2.0000	2.0000	5	-1.0000	0.7566	0.5884	0.0512	0.0000	0.5884	0.1863	-1.0000	0.3559	0.3559	-0.0000	0.4506
109.0000	105.0000	Decrease Desire	Almonds	4.0000	3.0000	4.0000	2	1.0000	1.0421	1.0084	-0.0165	0.0000	1.0084	0.4426	1.0000	0.3431	0.3431	-0.0000	0.3766
109.0000	106.0000	Decrease Desire	DriedApricots	2.0000	4.0000	3.0000	5	-1.0000	0.6729	0.5215	-0.0000	0.0000	0.5215	0.2051	-1.0000	0.3120	0.3120	-0.0000	0.5053
109.0000	107.0000	Decrease Desire	IceCreamChocolate	3.0000	5.0000	3.0000	4	1.0000	0.6220	0.1009	0.1508	0.0000	0.1009	0.4238	1.0000	0.3781	0.3781	-0.0000	0.4303
109.0000	108.0000	Decrease Desire	SlimStyles	4.0000	5.0000	4.0000	2	1.0000	1.5461	1.5292	0.0779	0.0000	1.5292	0.6323	1.0000	0.4883	0.4883	-0.0000	0.5226
109.0000	109.0000	Decrease Desire	Avocado	2.0000	4.0000	4.0000	2	-1.0000	1.0422	0.7899	-0.1717	0.0000	0.7899	0.1795	-1.0000	0.5469	0.5469	-0.0000	0.6899
109.0000	110.0000	Decrease Desire	Broccoli	3.0000	4.0000	4.0000	4	-1.0000	0.7733	0.6219	-0.1246	0.0000	0.6219	0.2201	-1.0000	0.6306	0.6306	-0.0000	0.7545
109.0000	111.0000	Respond Naturally	Twizzlers	3.0000	3.0000	2.0000	4	-1.0000	0.1006	0.1006	0.8023	0.0000	0.1006	0.3402	0.0000	-0.0156	0.0011	-0.0167	-0.0404
109.0000	112.0000	Respond Naturally	VanillaGreekYogurt	4.0000	4.0000	2.0000	4	1.0000	1.2102	1.0419	0.8240	0.0000	1.0419	0.2001	1.0000	0.0055	0.0062	-0.0007	0.0752
109.0000	113.0000	Respond Naturally	Snickers	3.0000	4.0000	2.0000	3	-1.0000	9.9968	0.1009	1.1579	0.0000	0.1009	0.4130	-1.0000	-0.0038	0.0015	-0.0053	-0.3916
109.0000	114.0000	Respond Naturally	Tuna	5.0000	5.0000	5.0000	4	1.0000	2.4875	2.0335	-0.0152	0.0000	2.0335	0.2199	1.0000	0.1827	0.1840	-0.0013	0.2323
109.0000	115.0000	Respond Naturally	Mars	4.0000	4.0000	2.0000	2	1.0000	0.6389	0.3698	0.0000	0.0000	0.3698	0.1811	1.0000	0.1053	0.1053	-0.0000	0.2135
109.0000	116.0000	Respond Naturally	CornFlakes	4.0000	5.0000	3.0000	6	1.0000	0.8067	0.6554	0.0000	0.0000	0.6554	0.1860	1.0000	0.3164	0.3164	-0.0000	0.3718
109.0000	117.0000	Respond Naturally	WaterChestnuts	2.0000	2.0000	3.0000	3	-1.0000	0.8069	0.6387	-0.0264	0.0000	0.6387	0.2902	-1.0000	0.5192	0.5192	-0.0000	0.6373
109.0000	118.0000	Respond Naturally	FrozenCorn	2.0000	4.0000	4.0000	4	-1.0000	0.7230	0.5043	-0.2628	0.0000	0.5043	0.1880	-1.0000	0.5386	0.5386	-0.0000	0.7252
109.0000	119.0000	Respond Naturally	AlmondMilk	4.0000	4.0000	4.0000	4	1.0000	0.0839	0.0000	-0.0870	0.0000	0.0000	0.5931	1.0000	0.3399	0.3399	-0.0000	0.5408
109.0000	120.0000	Respond Naturally	Spinach	2.0000	3.0000	5.0000	2	-1.0000	1.8829	1.5969	-0.0250	0.0000	1.5969	0.1645	-1.0000	0.3647	0.3651	-0.0004	0.4359
109.0000	121.0000	Decrease Desire	Orange	4.0000	5.0000	4.0000	1	1.0000	0.7566	0.5884	-0.1471	0.0000	0.5884	0.2239	1.0000	0.3420	0.3420	-0.0000	0.4304
109.0000	122.0000	Decrease Desire	CannedArtichoke	1.0000	2.0000	2.0000	2	-1.0000	1.2269	1.0587	-0.1695	0.0000	1.0587	0.3192	-1.0000	0.5114	0.5114	-0.0000	0.5988
109.0000	123.0000	Decrease Desire	Orange	5.0000	4.0000	5.0000	5	1.0000	0.5885	0.5380	0.0339	0.0000	0.5380	0.3300	1.0000	0.3865	0.3865	-0.0000	0.4697
109.0000	124.0000	Decrease Desire	AppleChips	4.0000	4.0000	4.0000	2	1.0000	1.6144	0.4205	0.1009	0.0000	0.4205	0.0838	1.0000	0.1505	0.1505	-0.0000	0.3164
109.0000	125.0000	Decrease Desire	Strawberries	4.0000	4.0000	4.0000	2	1.0000	0.9585	0.6557	0.1486	0.0000	0.6557	0.1542	1.0000	0.1871	0.1871	-0.0000	0.2458
109.0000	126.0000	Decrease Desire	CannedArtichoke	1.0000	1.0000	2.0000	5	-1.0000	1.1099	0.8240	-0.2729	0.0000	0.8240	0.1433	-1.0000	0.4193	0.4193	-0.0000	0.5808
109.0000	127.0000	Decrease Desire	Pringles	3.0000	4.0000	2.0000	2	1.0000	1.8156	1.3278	0.0740	0.0000	1.3278	0.1510	1.0000	0.3199	0.3199	-0.0000	0.4190
109.0000	128.0000	Decrease Desire	SkittlesSour	3.0000	3.0000	2.0000	6	-1.0000	1.1603	0.4874	-0.1587	1.0000	0.6388	0.1207	1.0000	0.1818	0.1827	-0.0008	0.3737
109.0000	129.0000	Decrease Desire	Celery	2.0000	3.0000	4.0000	4	-1.0000	1.0592	0.2860	-0.0774	0.0000	0.2860	0.3581	-1.0000	0.5651	0.5651	-0.0000	0.6654
109.0000	130.0000	Decrease Desire	FrozenOkra	3.0000	2.0000	4.0000	5	-1.0000	1.2612	0.8911	-0.0000	0.0000	0.8911	0.1739	-1.0000	0.2480	0.2480	-0.0000	0.3157
109.0000	131.0000	Respond Naturally	BabyFoodSweetPotatos	1.0000	3.0000	3.0000	2	-1.0000	1.0254	0.8403	-0.1263	0.0000	0.8403	0.2054	-1.0000	0.4371	0.4371	-0.0000	0.5398
109.0000	132.0000	Respond Naturally	Starburst	4.0000	4.0000	2.0000	6	-1.0000	0.9919	0.7059	-0.0000	0.0000	0.7059	0.1843	-1.0000	0.3784	0.3784	-0.0000	0.5364
109.0000	133.0000	Respond Naturally	SkimMilk	3.0000	3.0000	4.0000	4	-1.0000	1.1932	1.1764	0.3181	0.0000	1.1764	0.6372	-1.0000	0.4444	0.4444	-0.0000	0.4795
109.0000	134.0000	Respond Naturally	Onion	2.0000	2.0000	4.0000	2	-1.0000	0.5720	0.3869	-0.0000	0.0000	0.3869	0.2343	-1.0000	0.3401	0.3401	-0.0000	0.4400
109.0000	135.0000	Respond Naturally	IceCreamVanilla	3.0000	5.0000	2.0000	1	1.0000	0.8578	0.4037	0.4277	0.0000	0.4037	0.4560	1.0000	0.4140	0.4140	-0.0000	0.6918
109.0000	136.0000	Respond Naturally	Triscuit	3.0000	4.0000	4.0000	2	-1.0000	0.7233	0.5046	-0.1347	0.0000	0.5046	0.2555	-1.0000	0.4254	0.4254	-0.0000	0.5677
109.0000	137.0000	Respond Naturally	Cheerios	3.0000	3.0000	4.0000	2	1.0000	0.8235	0.7730	0.0202	0.0000	0.7730	0.2920	1.0000	0.3859	0.3859	-0.0000	0.4344
109.0000	138.0000	Respond Naturally	DriedHerring	2.0000	3.0000	4.0000	3	-1.0000	0.7230	0.4203	0.0521	0.0000	0.4203	0.2053	-1.0000	0.3636	0.3636	-0.0000	0.5801
109.0000	139.0000	Respond Naturally	Prunes	4.0000	4.0000	4.0000	2	-1.0000	0.9079	0.7565	0.1838	0.0000	0.7565	0.2051	-1.0000	0.4471	0.4471	-0.0000	0.5251
109.0000	140.0000	Respond Naturally	VegetableThins	2.0000	3.0000	2.0000	5	-1.0000	0.8409	0.5044	-0.0172	0.0000	0.5044	0.1496	-1.0000	0.4438	0.4438	-0.0000	0.6180
109.0000	141.0000	Decrease Desire	GreenGrapes	5.0000	4.0000	5.0000	4	1.0000	1.0925	1.0420	0.1516	0.0000	1.0420	0.3249	1.0000	0.3541	0.3541	-0.0000	0.3957
109.0000	142.0000	Decrease Desire	LaysClassic	4.0000	4.0000	2.0000	4	1.0000	0.2019	0.1010	1.0067	0.0000	0.1010	0.3890	1.0000	-0.0671	0.0006	-0.0677	-0.1476
109.0000	143.0000	Decrease Desire	Smarties	3.0000	3.0000	2.0000	2	-1.0000	0.9413	0.3529	-0.5399	0.0000	0.3529	0.3890	-1.0000	0.3075	0.3075	-0.0000	0.5160
109.0000	144.0000	Decrease Desire	LaysClassic	4.0000	4.0000	2.0000	3	1.0000	0.6553	0.4871	0.1629	0.0000	0.4871	0.3141	1.0000	0.1635	0.1635	-0.0000	0.2045
109.0000	145.0000	Decrease Desire	Onion	2.0000	3.0000	4.0000	4	-1.0000	0.7566	0.5211	0.0272	0.0000	0.5211	0.2006	-1.0000	0.2346	0.2346	-0.0000	0.3028
109.0000	146.0000	Decrease Desire	SpeltCakes	4.0000	4.0000	4.0000	2	1.0000	1.3948	0.1009	0.3437	0.0000	0.1009	0.3195	1.0000	0.2972	0.2972	-0.0000	0.3146
109.0000	147.0000	Decrease Desire	VegetableThins	2.0000	3.0000	5.0000	2	-1.0000	1.5461	0.8069	-0.0108	0.0000	0.8069	0.2149	-1.0000	0.3667	0.3667	-0.0000	0.6522
109.0000	148.0000	Decrease Desire	SevenGrain	2.0000	3.0000	4.0000	3	-1.0000	0.7061	0.5716	0.0639	0.0000	0.5716	0.2355	-1.0000	0.3502	0.3502	-0.0000	0.4165
109.0000	149.0000	Decrease Desire	RufflesSourCreamOnion	4.0000	4.0000	2.0000	3	1.0000	0.9076	0.8908	-0.0852	0.0000	0.8908	0.4766	1.0000	0.6835	0.6835	-0.0000	0.7587
109.0000	150.0000	Decrease Desire	FrozenCorn	3.0000	4.0000	5.0000	2	-1.0000	0.9072	0.7222	-0.0227	0.0000	0.7222	0.1808	-1.0000	0.4417	0.4417	-0.0000	0.5754
109.0000	151.0000	Respond Naturally	FrozenBroccoli	4.0000	4.0000	4.0000	6	-1.0000	0.9415	0.5545	-0.0000	0.0000	0.5545	0.1448	-1.0000	0.2792	0.2792	-0.0000	0.3241
109.0000	152.0000	Respond Naturally	Doritos	4.0000	4.0000	2.0000	5	1.0000	1.1934	0.9579	-0.0716	0.0000	0.9579	0.3086	1.0000	0.4875	0.4875	-0.0000	0.5796
109.0000	153.0000	Respond Naturally	BBQCrisps	4.0000	4.0000	2.0000	6	-1.0000	0.9245	0.7732	0.0919	0.0000	0.7732	0.2115	-1.0000	0.4282	0.4282	-0.0000	0.4980
109.0000	154.0000	Respond Naturally	Tempeh	2.0000	3.0000	3.0000	2	-1.0000	3.4456	2.8736	-0.2883	0.0000	2.8736	0.3861	-1.0000	0.4745	0.4745	-0.0000	0.6222
109.0000	155.0000	Respond Naturally	SlimStyles	4.0000	4.0000	4.0000	6	1.0000	4.1001	3.9320	0.1199	0.0000	3.9320	0.2065	1.0000	0.2064	0.2064	-0.0000	0.2167
109.0000	156.0000	Respond Naturally	MangoChunks	5.0000	5.0000	2.0000	2	1.0000	0.9916	0.7561	0.0879	0.0000	0.7561	0.1531	1.0000	0.3349	0.3349	-0.0000	0.4235
109.0000	157.0000	Respond Naturally	Avocado	3.0000	3.0000	4.0000	5	-1.0000	0.8238	0.5379	0.1123	0.0000	0.5379	0.1279	-1.0000	0.3051	0.3051	-0.0000	0.3933
109.0000	158.0000	Respond Naturally	VanillaGreekYogurt	4.0000	4.0000	4.0000	2	1.0000	0.9244	0.8739	0.0000	0.0000	0.8739	0.2926	1.0000	0.3982	0.3982	-0.0000	0.4484
109.0000	159.0000	Respond Naturally	WelchsFruitSnacks	4.0000	4.0000	2.0000	1	1.0000	0.8236	0.6554	0.1517	0.0000	0.6554	0.2362	1.0000	0.1439	0.1439	-0.0000	0.3551
109.0000	160.0000	Respond Naturally	OatBran	3.0000	3.0000	5.0000	4	-1.0000	0.9241	0.7391	-0.0923	0.0000	0.7391	0.1783	-1.0000	0.2944	0.2944	-0.0000	0.3552
109.0000	161.0000	Respond Naturally	Asparagus	2.0000	3.0000	4.0000	6	-1.0000	1.0092	0.5382	0.1593	0.0000	0.5382	0.0981	-1.0000	0.1512	0.1512	-0.0000	0.2962
109.0000	162.0000	Respond Naturally	Raspberries	3.0000	4.0000	4.0000	5	1.0000	0.9083	0.7568	0.3184	0.0000	0.7568	0.3061	1.0000	0.1557	0.1557	-0.0000	0.2547
109.0000	163.0000	Respond Naturally	PCChipCookie	5.0000	4.0000	2.0000	5	1.0000	0.6225	0.4711	0.1671	0.0000	0.4711	0.3080	1.0000	0.2586	0.2586	-0.0000	0.4283
109.0000	164.0000	Respond Naturally	Beets	2.0000	3.0000	4.0000	5	-1.0000	0.6729	0.4205	0.1209	0.0000	0.4205	0.1620	-1.0000	0.2656	0.2656	-0.0000	0.3390
109.0000	165.0000	Respond Naturally	CheeseNips	3.0000	4.0000	2.0000	2	1.0000	0.6725	0.5380	0.0000	0.0000	0.5380	0.3155	1.0000	0.2725	0.2725	-0.0000	0.3285
109.0000	166.0000	Respond Naturally	RedPepper	3.0000	4.0000	5.0000	5	-1.0000	0.7397	0.5211	-0.0099	0.0000	0.5211	0.2176	-1.0000	0.3097	0.3097	-0.0000	0.3778
109.0000	167.0000	Respond Naturally	Cauliflower	3.0000	3.0000	4.0000	6	-1.0000	0.5211	0.4875	-0.0010	0.0000	0.4875	0.4911	-1.0000	0.4772	0.4772	-0.0000	0.5477
109.0000	168.0000	Respond Naturally	IceCreamChocolate	4.0000	4.0000	2.0000	1	1.0000	0.6556	0.6219	-0.3676	0.0000	0.6219	0.4929	1.0000	0.5473	0.5473	-0.0000	0.6322
109.0000	169.0000	Respond Naturally	Skittles	3.0000	4.0000	2.0000	3	1.0000	0.8405	0.7227	0.1796	0.0000	0.7227	0.2648	1.0000	0.2815	0.2815	-0.0000	0.3236
109.0000	170.0000	Respond Naturally	CoffeeCrisp	4.0000	4.0000	2.0000	1	1.0000	0.6720	0.6383	0.0008	0.0000	0.6383	0.3209	1.0000	0.5161	0.5161	-0.0000	0.5772
109.0000	171.0000	Decrease Desire	BabyFoodSweetPotatos	1.0000	1.0000	2.0000	5	-1.0000	0.7564	0.5883	0.0534	0.0000	0.5883	0.1895	-1.0000	0.2972	0.2972	-0.0000	0.3744
109.0000	172.0000	Decrease Desire	Strawberries	4.0000	5.0000	5.0000	3	-1.0000	1.1936	0.6218	0.3041	1.0000	0.9076	0.3779	1.0000	0.5185	0.5185	-0.0000	0.8899
109.0000	173.0000	Decrease Desire	Smartfood	4.0000	3.0000	2.0000	2	1.0000	0.7732	0.7396	0.1750	0.0000	0.7396	0.3419	1.0000	0.2866	0.2866	-0.0000	0.3301
109.0000	174.0000	Decrease Desire	FrozenOkra	2.0000	2.0000	5.0000	2	-1.0000	1.5298	0.8068	0.0012	0.0000	0.8068	0.1663	-1.0000	0.2496	0.2496	-0.0000	0.2964
109.0000	175.0000	Decrease Desire	Mentos	4.0000	4.0000	2.0000	2	1.0000	1.3438	0.8903	0.0000	0.0000	0.8903	0.2830	1.0000	0.2580	0.2580	-0.0000	0.3843
109.0000	176.0000	Decrease Desire	Tuna	5.0000	4.0000	4.0000	2	1.0000	1.3788	0.6055	-0.1890	0.0000	0.6055	0.1265	1.0000	0.1456	0.1456	-0.0000	0.3217
109.0000	177.0000	Decrease Desire	KashiBars	3.0000	3.0000	4.0000	4	-1.0000	1.5978	0.3869	0.0996	1.0000	0.8577	0.1163	1.0000	0.3884	0.3884	-0.0000	0.7839
109.0000	178.0000	Decrease Desire	EnglishCucumber	4.0000	4.0000	5.0000	5	-1.0000	2.8746	1.6133	-0.0000	0.0000	1.6133	0.0684	-1.0000	0.0827	0.0837	-0.0010	0.1372
109.0000	179.0000	Decrease Desire	BabyFoodCarrots	1.0000	2.0000	2.0000	3	-1.0000	1.6818	0.6725	-0.0151	0.0000	0.6725	0.0799	-1.0000	0.2519	0.2519	-0.0000	0.3237
109.0000	180.0000	Decrease Desire	Doritos	4.0000	4.0000	2.0000	2	1.0000	0.6559	0.4204	0.3789	0.0000	0.4204	0.2173	1.0000	0.1907	0.1907	-0.0000	0.2805
109.0000	181.0000	Decrease Desire	FrozenPeas	2.0000	4.0000	4.0000	2	1.0000	0.6725	0.5211	0.1156	0.0000	0.5211	0.2242	1.0000	0.1218	0.1218	-0.0000	0.1578
109.0000	182.0000	Decrease Desire	WelchsFruitSnacks	5.0000	4.0000	2.0000	3	1.0000	0.5046	0.4541	0.0000	0.0000	0.4541	0.2899	1.0000	0.3204	0.3204	-0.0000	0.4102
109.0000	183.0000	Decrease Desire	Cauliflower	2.0000	2.0000	5.0000	2	1.0000	1.4790	0.9241	0.0000	0.0000	0.9241	0.6108	1.0000	0.4828	0.4828	-0.0000	1.1595
109.0000	184.0000	Decrease Desire	Reese	4.0000	4.0000	3.0000	4	-1.0000	1.5631	1.4117	-0.0745	0.0000	1.4117	0.2253	-1.0000	0.5496	0.5496	-0.0000	0.6301
109.0000	185.0000	Decrease Desire	Fritos	4.0000	3.0000	2.0000	2	1.0000	0.7733	0.6387	0.1391	0.0000	0.6387	0.2200	1.0000	0.3256	0.3256	-0.0000	0.3756
109.0000	186.0000	Decrease Desire	Aero	5.0000	4.0000	3.0000	3	1.0000	0.7229	0.5210	-0.2336	0.0000	0.5210	0.2406	1.0000	0.3542	0.3542	-0.0000	0.4443
109.0000	187.0000	Decrease Desire	TofuDessert	5.0000	4.0000	4.0000	4	1.0000	2.8235	0.1009	0.2355	2.0000	1.4625	0.3475	1.0000	0.4121	0.4226	-0.0105	1.2818
109.0000	188.0000	Decrease Desire	Mackerel	1.0000	3.0000	4.0000	1	-1.0000	1.1265	0.2522	-0.1368	0.0000	0.2522	0.1578	-1.0000	0.2549	0.2563	-0.0014	0.3840
109.0000	189.0000	Decrease Desire	PureFit	4.0000	4.0000	2.0000	4	-1.0000	0.8908	0.7731	0.1134	0.0000	0.7731	0.2688	-1.0000	0.3679	0.3679	-0.0000	0.4226
109.0000	190.0000	Decrease Desire	Celery	3.0000	3.0000	4.0000	2	-1.0000	0.7228	0.5882	-0.2053	0.0000	0.5882	0.3103	-1.0000	0.3549	0.3549	-0.0000	0.4704
109.0000	191.0000	Respond Naturally	AllBranCereal	2.0000	3.0000	4.0000	2	-1.0000	0.7565	0.6220	-0.1989	0.0000	0.6220	0.2575	-1.0000	0.3773	0.3773	-0.0000	0.4330
109.0000	192.0000	Respond Naturally	FrootLoops	4.0000	5.0000	5.0000	6	-1.0000	2.1844	0.7057	0.1331	3.0000	1.7475	0.3265	1.0000	0.6725	0.6742	-0.0016	1.5626
109.0000	193.0000	Respond Naturally	Fritos	4.0000	5.0000	2.0000	5	1.0000	2.1007	0.6557	0.0000	0.0000	0.6557	0.0995	1.0000	0.1436	0.1436	-0.0000	0.4022
109.0000	194.0000	Respond Naturally	PopTartStrawberry	5.0000	4.0000	2.0000	2	1.0000	1.8153	0.5883	-0.0453	0.0000	0.5883	0.0954	1.0000	0.0862	0.0988	-0.0126	0.2216
109.0000	195.0000	Respond Naturally	YorkPeppermintPatties	2.0000	4.0000	2.0000	4	-1.0000	1.2442	0.7733	0.0052	0.0000	0.7733	0.2070	-1.0000	0.2606	0.2606	-0.0000	0.3028
109.0000	196.0000	Respond Naturally	Shreddies	2.0000	3.0000	4.0000	2	1.0000	1.9500	1.0250	0.0000	1.0000	1.2940	0.0644	-1.0000	0.3168	0.3169	-0.0001	0.4931
109.0000	197.0000	Respond Naturally	Aero	5.0000	4.0000	2.0000	1	1.0000	1.6644	0.1512	0.1176	0.0000	0.1512	0.0729	1.0000	0.1970	0.1970	-0.0000	0.3730
109.0000	198.0000	Respond Naturally	Smarties	2.0000	4.0000	2.0000	5	-1.0000	0.7564	0.7059	-0.0399	0.0000	0.7059	0.2940	-1.0000	0.3193	0.3193	-0.0000	0.3576
109.0000	199.0000	Respond Naturally	RomaineLettuce	3.0000	3.0000	4.0000	4	-1.0000	0.7233	0.4205	0.0023	0.0000	0.4205	0.1481	-1.0000	0.1970	0.1970	-0.0000	0.2684
109.0000	200.0000	Respond Naturally	GreenApple	2.0000	4.0000	5.0000	2	-1.0000	0.7904	0.1009	1.5369	0.0000	0.1009	20.6667	1.0000	-16.1699	0.0000	-16.1699	-19.8395
