Subject	Trial	Instruction	Food	Liking	Taste	Health	Amount	Choice	ChoiceRT	FirstDevTimeChoice	InitAngleChoice	NumChangeMindChoice	FinalDevTimeChoice	MaxVelocityChoice	DrxFirstDevChoice	TotalAUCChoice	AUCtoNonChosenChoice	AUCtoChosenChoice	MaxDevChoice
37.0000	1.0000	Decrease Desire	GreenPepper	3.0000	4.0000	4.0000	2	-1.0000	1.3602	0.8059	0.0493	0.0000	0.8059	0.3419	-1.0000	0.4736	0.4830	-0.0094	0.7645
37.0000	2.0000	Decrease Desire	BrusselsSprouts	2.0000	2.0000	3.0000	2	-1.0000	0.9235	0.4700	0.0999	0.0000	0.4700	0.3302	-1.0000	0.4069	0.4101	-0.0032	0.7235
37.0000	3.0000	Decrease Desire	Spinach	4.0000	4.0000	5.0000	4	-1.0000	1.9654	0.3861	0.0475	2.0000	1.5117	0.4089	-1.0000	0.4880	0.4880	-0.0000	1.1691
37.0000	4.0000	Decrease Desire	EnglishCucumber	4.0000	4.0000	5.0000	5	1.0000	0.8903	0.4031	0.0959	0.0000	0.4031	0.2516	1.0000	0.2993	0.2993	-0.0000	0.5595
37.0000	5.0000	Decrease Desire	Asparagus	4.0000	3.0000	5.0000	6	-1.0000	1.0244	0.3023	-0.1288	1.0000	0.4700	0.2581	1.0000	0.6242	0.6242	-0.0000	1.2697
37.0000	6.0000	Decrease Desire	FrootLoops	4.0000	4.0000	3.0000	2	1.0000	1.5284	0.2855	0.2673	0.0000	0.2855	0.3076	1.0000	0.1090	0.1468	-0.0378	0.6190
37.0000	7.0000	Decrease Desire	WelchsFruitSnacks	5.0000	4.0000	2.0000	1	1.0000	0.8896	0.4359	0.0421	0.0000	0.4359	0.2777	1.0000	0.4220	0.4423	-0.0203	0.8015
37.0000	8.0000	Decrease Desire	Cheerios	4.0000	4.0000	3.0000	2	1.0000	1.0913	0.4025	0.0193	1.0000	0.6376	0.4537	-1.0000	0.5918	0.5954	-0.0036	1.2150
37.0000	9.0000	Decrease Desire	AppleChips	4.0000	4.0000	4.0000	5	1.0000	0.7893	0.3188	0.0088	0.0000	0.3188	0.3778	1.0000	0.4461	0.4461	-0.0000	0.8604
37.0000	10.0000	Decrease Desire	RitzCrackers	2.0000	3.0000	2.0000	2	-1.0000	0.8902	0.4365	-0.0278	0.0000	0.4365	0.3952	-1.0000	0.4934	0.4934	-0.0000	0.8660
37.0000	11.0000	Respond Naturally	Mars	3.0000	4.0000	1.0000	2	1.0000	2.3518	0.8229	0.0993	2.0000	1.7805	0.4475	1.0000	0.3778	0.3811	-0.0033	1.4744
37.0000	12.0000	Respond Naturally	TofuDessert	2.0000	3.0000	3.0000	2	1.0000	1.2930	0.5033	0.2359	1.0000	0.8394	0.2088	-1.0000	0.3323	0.3323	-0.0000	0.6118
37.0000	13.0000	Respond Naturally	KashiBars	2.0000	3.0000	3.0000	4	1.0000	1.8137	0.2855	0.0300	2.0000	0.7219	0.3474	1.0000	0.5448	0.5448	-0.0000	1.7268
37.0000	14.0000	Respond Naturally	GreenGrapes	3.0000	1.0000	3.0000	1	-1.0000	0.9404	0.4030	-0.0579	0.0000	0.4030	0.1945	-1.0000	0.3905	0.3934	-0.0028	0.7164
37.0000	15.0000	Respond Naturally	Spinach	4.0000	4.0000	5.0000	2	-1.0000	0.9410	0.3697	-0.1649	0.0000	0.3697	0.3947	-1.0000	0.4340	0.4701	-0.0362	0.9576
37.0000	16.0000	Respond Naturally	BBQCrisps	3.0000	3.0000	3.0000	2	-1.0000	1.0077	0.3186	-0.0000	0.0000	0.3186	0.1951	-1.0000	0.2922	0.3239	-0.0317	0.6685
37.0000	17.0000	Respond Naturally	Bananas	5.0000	5.0000	5.0000	3	1.0000	0.9565	0.3525	0.0324	0.0000	0.3525	0.2588	1.0000	0.1959	0.2641	-0.0683	0.6019
37.0000	18.0000	Respond Naturally	Strawberries	4.0000	4.0000	4.0000	3	1.0000	0.8733	0.3525	0.1213	0.0000	0.3525	0.2103	1.0000	0.2208	0.2208	-0.0000	0.3780
37.0000	19.0000	Respond Naturally	GreenGrapes	5.0000	6.0000	6.0000	4	1.0000	0.9238	0.4198	0.0774	0.0000	0.4198	0.1968	1.0000	0.1098	0.1655	-0.0557	0.3284
37.0000	20.0000	Respond Naturally	Broccoli	3.0000	2.0000	5.0000	4	-1.0000	0.8735	0.2686	-0.0412	1.0000	0.4534	0.3322	1.0000	0.4390	0.4390	-0.0000	0.8089
37.0000	21.0000	Respond Naturally	RufflesSourCreamOnion	4.0000	5.0000	3.0000	3	1.0000	0.9067	0.3691	0.2299	1.0000	0.4867	0.2225	-1.0000	0.2983	0.2983	-0.0000	0.5863
37.0000	22.0000	Respond Naturally	Cauliflower	3.0000	2.0000	5.0000	2	-1.0000	0.9575	0.2853	-0.1960	1.0000	0.4702	0.3215	1.0000	0.5353	0.5353	-0.0000	1.1421
37.0000	23.0000	Respond Naturally	MnMPeanuts	1.0000	3.0000	1.0000	2	-1.0000	0.9743	0.2519	-0.1161	0.0000	0.2519	0.1640	-1.0000	0.3605	0.3605	-0.0000	0.7372
37.0000	24.0000	Respond Naturally	Tuna	3.0000	3.0000	3.0000	4	-1.0000	2.8879	1.7126	0.2785	1.0000	2.2664	0.3984	1.0000	0.4261	0.4261	-0.0000	1.3895
37.0000	25.0000	Respond Naturally	YorkPeppermintPatties	2.0000	2.0000	2.0000	4	-1.0000	1.2092	0.2013	-0.1716	0.0000	0.2013	0.2877	-1.0000	0.2655	0.2655	-0.0000	0.8771
37.0000	26.0000	Respond Naturally	CannedArtichoke	1.0000	1.0000	2.0000	5	-1.0000	0.9071	0.1845	-0.0906	0.0000	0.1845	0.3594	-1.0000	0.3735	0.3735	-0.0000	1.0614
37.0000	27.0000	Respond Naturally	CornFlakes	3.0000	3.0000	3.0000	3	-1.0000	1.0415	0.5374	0.1958	0.0000	0.5374	0.3075	-1.0000	0.2739	0.2739	-0.0000	0.4406
37.0000	28.0000	Respond Naturally	Prunes	2.0000	3.0000	3.0000	2	-1.0000	0.9571	0.4195	-0.0205	0.0000	0.4195	0.2641	-1.0000	0.3623	0.3641	-0.0018	0.7343
37.0000	29.0000	Respond Naturally	RufflesSourCreamOnion	5.0000	4.0000	3.0000	5	1.0000	0.9070	0.2181	0.0431	1.0000	0.4028	0.2737	-1.0000	0.2106	0.3129	-0.1023	0.6576
37.0000	30.0000	Respond Naturally	GreenBeans	3.0000	3.0000	6.0000	4	-1.0000	1.2934	0.2518	-0.0445	2.0000	0.8230	0.4073	-1.0000	0.3821	0.3881	-0.0060	1.1356
37.0000	31.0000	Decrease Desire	Nutella	3.0000	4.0000	2.0000	4	-1.0000	1.2934	0.7556	-0.0513	0.0000	0.7556	0.2321	-1.0000	0.2279	0.2283	-0.0004	0.3761
37.0000	32.0000	Decrease Desire	PopTartStrawberry	5.0000	4.0000	3.0000	2	1.0000	1.0071	0.4195	0.0355	0.0000	0.4195	0.2599	1.0000	0.3698	0.3776	-0.0078	0.6881
37.0000	33.0000	Decrease Desire	SkittlesSour	5.0000	5.0000	2.0000	6	1.0000	0.9238	0.4533	0.0106	0.0000	0.4533	0.2309	1.0000	0.3563	0.3581	-0.0018	0.6746
37.0000	34.0000	Decrease Desire	BabyFoodSweetPotatos	2.0000	4.0000	3.0000	5	-1.0000	1.5283	0.2854	0.0614	1.0000	0.4029	0.2014	1.0000	0.2992	0.3053	-0.0060	0.7703
37.0000	35.0000	Decrease Desire	BBQCrisps	4.0000	3.0000	3.0000	6	1.0000	1.0743	0.4024	-0.2853	1.0000	0.6040	0.2880	-1.0000	0.4907	0.4907	-0.0000	0.9130
37.0000	36.0000	Decrease Desire	Reese	1.0000	1.0000	1.0000	1	-1.0000	0.8066	0.3022	0.1942	0.0000	0.3022	0.2963	-1.0000	0.2793	0.2793	-0.0000	0.5393
37.0000	37.0000	Decrease Desire	Doritos	3.0000	3.0000	3.0000	2	-1.0000	1.1088	0.2184	0.1555	0.0000	0.2184	0.2552	-1.0000	0.1458	0.1529	-0.0071	0.5001
37.0000	38.0000	Decrease Desire	Smartfood	4.0000	4.0000	3.0000	2	-1.0000	0.8400	0.1512	0.2307	0.0000	0.1512	0.2576	-1.0000	0.1885	0.1900	-0.0015	0.5013
37.0000	39.0000	Decrease Desire	GreenBeans	3.0000	3.0000	4.0000	2	-1.0000	0.7728	0.2016	0.2958	0.0000	0.2016	0.2768	-1.0000	0.1835	0.1982	-0.0146	0.5377
37.0000	40.0000	Decrease Desire	Aero	4.0000	4.0000	3.0000	1	1.0000	0.9574	0.1510	-0.1857	1.0000	0.4367	0.3701	-1.0000	0.5004	0.5086	-0.0082	1.1221
37.0000	41.0000	Decrease Desire	VegetableThins	3.0000	3.0000	3.0000	5	-1.0000	0.8569	0.2016	0.1427	0.0000	0.2016	0.3069	-1.0000	0.2937	0.2937	-0.0000	0.6125
37.0000	42.0000	Decrease Desire	PCChipCookie	6.0000	5.0000	2.0000	5	1.0000	0.8568	0.4536	-0.3332	0.0000	0.4536	0.2749	1.0000	0.6210	0.6234	-0.0024	1.2395
37.0000	43.0000	Decrease Desire	Cauliflower	3.0000	3.0000	5.0000	6	-1.0000	0.9235	0.2682	-0.0859	1.0000	0.4698	0.3856	1.0000	0.4951	0.4951	-0.0000	1.1402
37.0000	44.0000	Decrease Desire	Starburst	5.0000	3.0000	3.0000	6	-1.0000	0.9226	0.2685	-0.0664	2.0000	0.5869	0.3318	-1.0000	0.3355	0.3420	-0.0065	0.9045
37.0000	45.0000	Decrease Desire	IceCreamChocolate	4.0000	4.0000	3.0000	1	1.0000	1.5288	0.2520	-0.0051	1.0000	0.5208	0.3506	-1.0000	0.3613	0.4226	-0.0613	1.3509
37.0000	46.0000	Decrease Desire	Onion	3.0000	1.0000	4.0000	2	-1.0000	0.9235	0.1846	0.0798	0.0000	0.1846	0.3458	-1.0000	0.2054	0.2056	-0.0002	0.5490
37.0000	47.0000	Decrease Desire	HoneyNutCheerios	4.0000	4.0000	3.0000	2	1.0000	1.0079	0.1847	0.1445	1.0000	0.4702	0.2823	-1.0000	0.3065	0.3377	-0.0312	0.8018
37.0000	48.0000	Decrease Desire	OikosYogurt	4.0000	4.0000	4.0000	3	1.0000	0.9570	0.3357	0.0634	1.0000	0.4702	0.2979	-1.0000	0.2642	0.2891	-0.0250	0.7083
37.0000	49.0000	Decrease Desire	RomaineLettuce	4.0000	4.0000	5.0000	2	-1.0000	0.8396	0.1509	-0.1372	0.0000	0.1509	0.3418	-1.0000	0.2939	0.3090	-0.0150	0.9266
37.0000	50.0000	Decrease Desire	Butternut	4.0000	4.0000	5.0000	7	1.0000	1.1246	0.1512	0.0657	1.0000	0.4529	0.3925	-1.0000	0.4193	0.4398	-0.0205	1.3548
37.0000	51.0000	Respond Naturally	FrozenCorn	5.0000	4.0000	6.0000	4	1.0000	0.9407	0.2182	-0.0049	1.0000	0.4031	0.4593	-1.0000	0.3503	0.3512	-0.0009	0.9274
37.0000	52.0000	Respond Naturally	Prunes	2.0000	3.0000	4.0000	5	-1.0000	0.7389	0.2687	-0.0061	0.0000	0.2687	0.2762	-1.0000	0.2836	0.2855	-0.0019	0.6253
37.0000	53.0000	Respond Naturally	OatmealSquares	3.0000	3.0000	4.0000	3	-1.0000	0.9405	0.1677	-0.0373	0.0000	0.1677	0.2373	-1.0000	0.1898	0.2150	-0.0252	0.6013
37.0000	54.0000	Respond Naturally	AllBranCereal	3.0000	3.0000	2.0000	6	-1.0000	0.7891	0.2347	0.0845	0.0000	0.2347	0.1813	-1.0000	0.1668	0.1717	-0.0049	0.3994
37.0000	55.0000	Respond Naturally	BabyFoodSweetPotatos	1.0000	3.0000	3.0000	2	-1.0000	0.7724	0.1680	0.1966	0.0000	0.1680	0.2942	-1.0000	0.1155	0.1196	-0.0041	0.4241
37.0000	56.0000	Respond Naturally	OikosYogurt	4.0000	4.0000	5.0000	6	1.0000	0.8901	0.4870	-0.3405	0.0000	0.4870	0.4060	1.0000	0.6080	0.6110	-0.0030	1.0289
37.0000	57.0000	Respond Naturally	MnMPlain	4.0000	5.0000	3.0000	5	1.0000	0.9739	0.3355	0.0065	1.0000	0.5203	0.2887	-1.0000	0.5323	0.5323	-0.0000	1.2555
37.0000	58.0000	Respond Naturally	FrozenOkra	2.0000	3.0000	4.0000	5	-1.0000	0.9910	0.3022	-0.0250	1.0000	0.4534	0.2420	1.0000	0.2341	0.2599	-0.0258	0.6102
37.0000	59.0000	Respond Naturally	Cheetos	4.0000	3.0000	3.0000	3	1.0000	1.1928	0.1512	-0.1495	1.0000	0.5041	0.3446	-1.0000	0.5611	0.5920	-0.0309	1.0976
37.0000	60.0000	Respond Naturally	FrozenBlueberries	2.0000	4.0000	4.0000	3	-1.0000	0.9072	0.2016	0.0511	0.0000	0.2016	0.2505	-1.0000	0.2122	0.2256	-0.0135	0.6099
37.0000	61.0000	Respond Naturally	OatBran	2.0000	3.0000	3.0000	2	-1.0000	0.9574	0.1848	0.0732	0.0000	0.1848	0.3233	-1.0000	0.2633	0.2845	-0.0212	0.6203
37.0000	62.0000	Respond Naturally	Caramilk	6.0000	6.0000	1.0000	5	1.0000	0.9574	0.2015	0.1380	1.0000	0.5039	0.3987	-1.0000	0.4350	0.4485	-0.0135	1.0635
37.0000	63.0000	Respond Naturally	RedPepper	5.0000	4.0000	5.0000	5	-1.0000	1.3941	0.3189	0.0193	1.0000	0.7726	0.4103	1.0000	0.6104	0.6121	-0.0017	1.2262
37.0000	64.0000	Respond Naturally	WaterChestnuts	2.0000	2.0000	3.0000	5	-1.0000	0.8061	0.2014	0.0076	0.0000	0.2014	0.2388	-1.0000	0.2847	0.2876	-0.0029	0.6797
37.0000	65.0000	Respond Naturally	PopTartStrawberry	6.0000	6.0000	3.0000	5	1.0000	0.8398	0.1680	0.0003	1.0000	0.4032	0.2891	-1.0000	0.3816	0.3816	-0.0001	0.7895
37.0000	66.0000	Respond Naturally	WaterChestnuts	3.0000	3.0000	3.0000	3	-1.0000	0.8738	0.2856	-0.0902	1.0000	0.4706	0.4731	1.0000	0.5366	0.5381	-0.0015	1.0564
37.0000	67.0000	Respond Naturally	AllBranBar	3.0000	3.0000	3.0000	1	-1.0000	0.7729	0.2519	-0.0880	0.0000	0.2519	0.3051	-1.0000	0.2797	0.3073	-0.0276	0.7602
37.0000	68.0000	Respond Naturally	Fritos	2.0000	5.0000	3.0000	2	-1.0000	0.7893	0.1849	-0.1518	0.0000	0.1849	0.2302	-1.0000	0.0905	0.2298	-0.1394	0.7533
37.0000	69.0000	Respond Naturally	Triscuit	2.0000	3.0000	3.0000	2	-1.0000	0.8059	0.1509	-0.0694	0.0000	0.1509	0.3525	-1.0000	0.0774	0.1755	-0.0981	0.7016
37.0000	70.0000	Respond Naturally	CannedArtichoke	1.0000	1.0000	2.0000	2	-1.0000	0.7391	0.2349	0.0866	0.0000	0.2349	0.3607	-1.0000	0.2021	0.2516	-0.0495	0.7480
37.0000	71.0000	Decrease Desire	Triscuit	2.0000	3.0000	3.0000	5	-1.0000	0.9072	0.2350	-0.1073	0.0000	0.2350	0.1962	-1.0000	0.3892	0.3892	-0.0000	0.8075
37.0000	72.0000	Decrease Desire	SevenGrain	2.0000	3.0000	3.0000	1	-1.0000	0.7896	0.1512	0.2124	0.0000	0.1512	0.1943	-1.0000	0.1517	0.1655	-0.0138	0.4709
37.0000	73.0000	Decrease Desire	Caramilk	5.0000	4.0000	3.0000	2	-1.0000	1.2756	0.2854	0.1106	2.0000	0.8052	0.3895	-1.0000	0.4909	0.4909	-0.0000	1.3519
37.0000	74.0000	Decrease Desire	Pringles	5.0000	4.0000	2.0000	5	-1.0000	1.3267	0.1512	-0.0948	4.0000	0.9236	0.2628	-1.0000	0.2821	0.2821	-0.0000	0.5508
37.0000	75.0000	Decrease Desire	RiceKrispiesCereal	4.0000	3.0000	3.0000	3	-1.0000	0.8555	0.3518	-0.2476	0.0000	0.3518	0.1617	-1.0000	0.2964	0.2964	-0.0000	0.5847
37.0000	76.0000	Decrease Desire	SevenGrain	1.0000	3.0000	3.0000	3	-1.0000	0.6551	0.1679	-0.0124	0.0000	0.1679	0.1449	-1.0000	0.1979	0.1979	-0.0000	0.5945
37.0000	77.0000	Decrease Desire	BrusselsSprouts	3.0000	2.0000	5.0000	4	-1.0000	0.7892	0.1508	0.0127	0.0000	0.1508	0.3645	-1.0000	0.2048	0.2374	-0.0326	0.7460
37.0000	78.0000	Decrease Desire	FrozenBroccoli	4.0000	5.0000	5.0000	6	-1.0000	0.6719	0.1510	0.1566	0.0000	0.1510	0.2288	-1.0000	0.0735	0.1065	-0.0330	0.3328
37.0000	79.0000	Decrease Desire	Doritos	3.0000	3.0000	3.0000	5	-1.0000	0.6719	0.1511	-0.2980	0.0000	0.1511	0.1569	-1.0000	0.0720	0.0733	-0.0013	0.2739
37.0000	80.0000	Decrease Desire	FrozenCorn	4.0000	4.0000	4.0000	2	1.0000	0.9237	0.1511	-0.1089	1.0000	0.4537	0.3667	-1.0000	0.5883	0.5883	-0.0000	1.3482
37.0000	81.0000	Respond Naturally	Cheetos	5.0000	5.0000	3.0000	6	1.0000	0.9073	0.1512	-0.2059	1.0000	0.3696	0.4569	-1.0000	0.2858	0.4416	-0.1558	1.1027
37.0000	82.0000	Respond Naturally	Snickers	1.0000	1.0000	1.0000	2	-1.0000	1.0414	0.2350	-0.3910	1.0000	0.4702	0.3213	1.0000	0.4991	0.5520	-0.0529	1.3230
37.0000	83.0000	Respond Naturally	MangoChunks	5.0000	5.0000	5.0000	5	1.0000	0.7896	0.4368	-0.0703	0.0000	0.4368	0.2714	1.0000	0.3275	0.3297	-0.0022	0.5592
37.0000	84.0000	Respond Naturally	SlicedTurkey	3.0000	3.0000	2.0000	2	-1.0000	0.9735	0.2348	-0.0543	0.0000	0.2348	0.3704	-1.0000	0.1100	0.2153	-0.1053	0.7327
37.0000	85.0000	Respond Naturally	FrozenBroccoli	5.0000	4.0000	4.0000	2	-1.0000	0.7726	0.2182	-0.1210	0.0000	0.2182	0.2150	-1.0000	0.2113	0.2453	-0.0341	0.6104
37.0000	86.0000	Respond Naturally	Tuna	3.0000	4.0000	3.0000	2	-1.0000	0.7392	0.1680	0.0052	0.0000	0.1680	0.1869	-1.0000	0.1238	0.1425	-0.0187	0.3731
37.0000	87.0000	Respond Naturally	VegetableThins	3.0000	3.0000	3.0000	2	-1.0000	0.6385	0.1512	0.0926	0.0000	0.1512	0.2140	-1.0000	0.1353	0.1465	-0.0111	0.4245
37.0000	88.0000	Respond Naturally	ClifBar	2.0000	3.0000	3.0000	4	-1.0000	0.7560	0.1680	-0.0184	0.0000	0.1680	0.1682	-1.0000	0.1389	0.1714	-0.0324	0.5942
37.0000	89.0000	Respond Naturally	Mackerel	1.0000	1.0000	3.0000	1	-1.0000	0.7053	0.1511	-0.0032	0.0000	0.1511	0.1809	-1.0000	0.0796	0.1313	-0.0516	0.4220
37.0000	90.0000	Respond Naturally	RaisinBran	4.0000	3.0000	3.0000	3	1.0000	1.1584	0.1511	0.0256	1.0000	0.6714	0.4940	-1.0000	0.5181	0.5181	-0.0000	1.1710
37.0000	91.0000	Decrease Desire	SlicedTurkey	3.0000	3.0000	2.0000	5	-1.0000	0.7557	0.1845	-0.0649	0.0000	0.1845	0.1656	-1.0000	0.1535	0.1535	-0.0000	0.4005
37.0000	92.0000	Decrease Desire	BabyFoodCarrots	2.0000	3.0000	3.0000	5	-1.0000	0.8057	0.1512	0.0103	0.0000	0.1512	0.2290	-1.0000	0.1235	0.1235	-0.0000	0.3673
37.0000	93.0000	Decrease Desire	RiceKrispiesCereal	4.0000	4.0000	3.0000	7	1.0000	1.5119	0.1512	-0.0828	1.0000	0.7056	0.3779	-1.0000	0.6823	0.6979	-0.0156	1.3784
37.0000	94.0000	Decrease Desire	PCChipCookie	4.0000	4.0000	3.0000	2	1.0000	0.8568	0.2687	0.3570	1.0000	0.4030	0.2260	-1.0000	0.3107	0.3107	-0.0000	1.0658
37.0000	95.0000	Decrease Desire	TofuDessert	3.0000	3.0000	5.0000	4	-1.0000	1.8478	0.1510	-0.2161	4.0000	1.1926	0.2994	-1.0000	0.2880	0.2926	-0.0046	1.0145
37.0000	96.0000	Decrease Desire	Cheerios	3.0000	4.0000	3.0000	5	-1.0000	0.7216	0.2016	-0.1164	0.0000	0.2016	0.1829	-1.0000	0.1579	0.1610	-0.0032	0.4672
37.0000	97.0000	Decrease Desire	AllBranCereal	3.0000	3.0000	3.0000	2	-1.0000	0.7720	0.2014	-0.4268	0.0000	0.2014	0.2885	-1.0000	0.1093	0.1361	-0.0268	0.4055
37.0000	98.0000	Decrease Desire	FrozenPeas	2.0000	2.0000	6.0000	6	-1.0000	0.6544	0.1512	-0.0398	0.0000	0.1512	0.1832	-1.0000	0.1336	0.1336	-0.0000	0.4264
37.0000	99.0000	Decrease Desire	Raspberries	2.0000	3.0000	3.0000	5	-1.0000	1.0750	0.1512	0.1119	0.0000	0.1512	0.3426	-1.0000	0.0615	0.0793	-0.0179	0.4595
37.0000	100.0000	Decrease Desire	YorkPeppermintPatties	2.0000	1.0000	1.0000	2	1.0000	1.5621	0.1512	-0.2209	1.0000	0.8734	0.3380	-1.0000	0.6266	0.6827	-0.0561	1.2930
37.0000	101.0000	Respond Naturally	Avocado	5.0000	4.0000	5.0000	5	-1.0000	0.9069	0.3189	-0.2289	0.0000	0.3189	0.3591	-1.0000	0.2648	0.2648	-0.0000	0.5246
37.0000	102.0000	Respond Naturally	ClifBar	2.0000	3.0000	3.0000	2	-1.0000	0.7559	0.2183	-0.1050	0.0000	0.2183	0.2278	-1.0000	0.2131	0.2149	-0.0017	0.5543
37.0000	103.0000	Respond Naturally	CheeseNips	3.0000	3.0000	2.0000	5	-1.0000	0.8063	0.2183	-0.1641	0.0000	0.2183	0.2391	-1.0000	0.2061	0.2061	-0.0000	0.4862
37.0000	104.0000	Respond Naturally	Tempeh	1.0000	1.0000	3.0000	2	-1.0000	0.8398	0.2015	-0.1041	0.0000	0.2015	0.1575	-1.0000	0.1515	0.1515	-0.0000	0.4384
37.0000	105.0000	Respond Naturally	MangoChunks	4.0000	4.0000	4.0000	2	1.0000	0.8738	0.2017	0.0087	1.0000	0.4201	0.3904	-1.0000	0.4296	0.4663	-0.0367	1.1743
37.0000	106.0000	Respond Naturally	WelchsFruitSnacks	5.0000	5.0000	3.0000	3	1.0000	0.7557	0.2685	0.0178	0.0000	0.2685	0.1328	1.0000	0.1781	0.1781	-0.0000	0.4332
37.0000	107.0000	Respond Naturally	FrozenPeaches	4.0000	4.0000	4.0000	5	1.0000	0.6883	0.1844	0.4274	0.0000	0.1844	0.1829	1.0000	0.0525	0.0816	-0.0291	0.2419
37.0000	108.0000	Respond Naturally	SkimMilk	5.0000	6.0000	6.0000	4	1.0000	0.9738	0.1843	0.2889	1.0000	0.4195	0.3443	-1.0000	0.4498	0.4498	-0.0000	1.5980
37.0000	109.0000	Respond Naturally	IceCreamVanilla	3.0000	5.0000	2.0000	4	-1.0000	1.2264	0.3360	-0.3164	1.0000	0.6048	0.3004	1.0000	0.5525	0.5674	-0.0150	1.1418
37.0000	110.0000	Respond Naturally	NatureValleyChocolate	4.0000	4.0000	3.0000	1	1.0000	1.0581	0.2685	0.3494	1.0000	0.5205	0.3010	-1.0000	0.2520	0.2763	-0.0243	0.9774
37.0000	111.0000	Decrease Desire	Mars	5.0000	4.0000	1.0000	4	1.0000	0.8900	0.2348	0.1891	1.0000	0.4364	0.2633	-1.0000	0.3709	0.3711	-0.0001	1.0995
37.0000	112.0000	Decrease Desire	PureFit	4.0000	1.0000	2.0000	4	-1.0000	0.7214	0.3689	-0.1807	0.0000	0.3689	0.3184	-1.0000	0.3058	0.3058	-0.0000	0.5368
37.0000	113.0000	Decrease Desire	Reese	1.0000	1.0000	1.0000	4	-1.0000	0.6380	0.1512	-0.0420	0.0000	0.1512	0.1745	-1.0000	0.1100	0.1131	-0.0031	0.2909
37.0000	114.0000	Decrease Desire	Orange	5.0000	5.0000	4.0000	1	1.0000	0.8383	0.2178	-0.0629	1.0000	0.4023	0.4839	-1.0000	0.5217	0.5236	-0.0019	1.4266
37.0000	115.0000	Decrease Desire	RitzCrackers	2.0000	3.0000	3.0000	5	-1.0000	0.6551	0.2520	-0.2854	0.0000	0.2520	0.3000	-1.0000	0.3352	0.3352	-0.0000	0.6951
37.0000	116.0000	Decrease Desire	RomaineLettuce	4.0000	4.0000	6.0000	4	-1.0000	1.9474	0.2010	0.0042	3.0000	1.0241	0.4794	1.0000	0.9410	0.9410	-0.0000	1.6790
37.0000	117.0000	Decrease Desire	NatureValleyChocolate	3.0000	4.0000	3.0000	4	1.0000	0.9065	0.2013	-0.0455	1.0000	0.4364	0.2788	-1.0000	0.3010	0.3200	-0.0190	0.7659
37.0000	118.0000	Decrease Desire	GreenApple	5.0000	6.0000	6.0000	4	1.0000	0.8062	0.1848	-0.0512	1.0000	0.3862	0.2801	-1.0000	0.4923	0.4923	-0.0000	1.0377
37.0000	119.0000	Decrease Desire	GreenPepper	4.0000	5.0000	5.0000	6	-1.0000	0.6717	0.1678	-0.0285	0.0000	0.1678	0.2268	-1.0000	0.1547	0.1547	-0.0000	0.3534
37.0000	120.0000	Decrease Desire	SunChips	3.0000	3.0000	3.0000	4	-1.0000	0.6551	0.1680	0.1502	0.0000	0.1680	0.1920	-1.0000	0.1770	0.1785	-0.0015	0.4082
37.0000	121.0000	Respond Naturally	DriedHerring	1.0000	3.0000	3.0000	1	-1.0000	0.6887	0.1846	0.0838	0.0000	0.1846	0.2126	-1.0000	0.1626	0.1715	-0.0089	0.4740
37.0000	122.0000	Respond Naturally	MnMPlain	4.0000	4.0000	3.0000	3	1.0000	0.8905	0.1512	-0.4144	1.0000	0.4368	0.3862	-1.0000	0.8002	0.8002	-0.0000	1.4335
37.0000	123.0000	Respond Naturally	Shreddies	3.0000	3.0000	3.0000	5	-1.0000	0.6553	0.1513	-0.0572	0.0000	0.1513	0.2151	-1.0000	0.2580	0.2580	-0.0000	0.5683
37.0000	124.0000	Respond Naturally	AlmondMilk	4.0000	4.0000	4.0000	2	1.0000	0.8231	0.1511	-0.0882	1.0000	0.3863	0.2709	-1.0000	0.4797	0.4827	-0.0029	1.2484
37.0000	125.0000	Respond Naturally	Celery	4.0000	4.0000	4.0000	2	-1.0000	0.6876	0.2348	0.0378	0.0000	0.2348	0.3261	-1.0000	0.1980	0.1980	-0.0000	0.3738
37.0000	126.0000	Respond Naturally	LaysClassic	5.0000	4.0000	2.0000	4	1.0000	0.9911	0.1511	0.0794	1.0000	0.3862	0.2845	-1.0000	0.3008	0.3205	-0.0197	1.1103
37.0000	127.0000	Respond Naturally	Mentos	5.0000	5.0000	2.0000	5	1.0000	0.7559	0.1510	0.1342	1.0000	0.3527	0.2833	-1.0000	0.4350	0.4350	-0.0000	1.1793
37.0000	128.0000	Respond Naturally	MnMPeanuts	1.0000	1.0000	2.0000	4	-1.0000	0.9406	0.2517	-0.0414	2.0000	0.5709	0.2222	-1.0000	0.3260	0.3284	-0.0024	0.6981
37.0000	129.0000	Respond Naturally	FrootLoops	5.0000	5.0000	2.0000	6	1.0000	0.9073	0.1513	0.1087	1.0000	0.4033	0.4208	-1.0000	0.3495	0.3736	-0.0241	1.1056
37.0000	130.0000	Respond Naturally	IceCreamVanilla	4.0000	4.0000	3.0000	1	1.0000	1.4951	0.1680	-0.0020	1.0000	0.6720	0.2100	-1.0000	0.7548	0.7548	-0.0000	1.2956
37.0000	131.0000	Decrease Desire	EnglishCucumber	4.0000	4.0000	5.0000	2	-1.0000	1.0416	0.1848	0.1256	0.0000	0.1848	0.1821	-1.0000	0.0609	0.0644	-0.0035	0.2124
37.0000	132.0000	Decrease Desire	FrozenOkra	2.0000	3.0000	2.0000	2	-1.0000	0.6886	0.1512	0.2684	0.0000	0.1512	0.2143	-1.0000	0.1063	0.1137	-0.0074	0.3572
37.0000	133.0000	Decrease Desire	ClamJuice	1.0000	1.0000	1.0000	3	-1.0000	0.9065	0.1510	0.1215	0.0000	0.1510	0.2247	-1.0000	0.1483	0.1551	-0.0068	0.5171
37.0000	134.0000	Decrease Desire	FrozenPeaches	4.0000	4.0000	4.0000	2	1.0000	0.8223	0.1510	-0.2275	1.0000	0.4025	0.3524	-1.0000	0.5332	0.5587	-0.0255	1.2249
37.0000	135.0000	Decrease Desire	AllBranBar	3.0000	3.0000	3.0000	3	-1.0000	0.7384	0.3525	-0.1506	0.0000	0.3525	0.3093	-1.0000	0.3629	0.3629	-0.0000	0.6763
37.0000	136.0000	Decrease Desire	Raspberries	3.0000	3.0000	5.0000	4	-1.0000	0.7052	0.1848	0.0669	0.0000	0.1848	0.2105	-1.0000	0.1280	0.1576	-0.0296	0.4979
37.0000	137.0000	Decrease Desire	Beets	1.0000	1.0000	4.0000	5	-1.0000	0.6716	0.1512	-0.1915	0.0000	0.1512	0.1696	-1.0000	0.1148	0.1148	-0.0000	0.3107
37.0000	138.0000	Decrease Desire	CoffeeCrisp	5.0000	4.0000	1.0000	3	1.0000	1.1085	0.5706	-0.0844	0.0000	0.5706	0.3506	1.0000	0.6846	0.6965	-0.0119	1.3261
37.0000	139.0000	Decrease Desire	FrozenPeas	1.0000	1.0000	4.0000	2	-1.0000	0.7054	0.3189	0.4501	0.0000	0.3189	0.1935	-1.0000	0.0190	0.1074	-0.0885	0.5246
37.0000	140.0000	Decrease Desire	Broccoli	3.0000	3.0000	4.0000	1	-1.0000	0.7728	0.1680	0.0538	0.0000	0.1680	0.1992	-1.0000	0.1108	0.1436	-0.0328	0.4636
37.0000	141.0000	Decrease Desire	ProMax	2.0000	3.0000	2.0000	4	-1.0000	1.0076	0.4196	-0.0508	0.0000	0.4196	0.2105	-1.0000	0.1384	0.1756	-0.0372	0.4080
37.0000	142.0000	Decrease Desire	AppleChips	4.0000	4.0000	4.0000	2	1.0000	0.9740	0.1512	-0.1389	1.0000	0.3698	0.2733	-1.0000	0.4556	0.4556	-0.0000	1.1262
37.0000	143.0000	Decrease Desire	DriedApricots	3.0000	3.0000	4.0000	2	-1.0000	0.9407	0.2688	-0.1685	2.0000	0.5544	0.3415	-1.0000	0.3690	0.3690	-0.0000	1.0104
37.0000	144.0000	Decrease Desire	AlmondMilk	5.0000	6.0000	6.0000	4	1.0000	0.9071	0.1512	0.1584	1.0000	0.3696	0.3402	-1.0000	0.5672	0.5672	-0.0000	1.2849
37.0000	145.0000	Decrease Desire	SkittlesSour	4.0000	4.0000	2.0000	3	1.0000	0.9241	0.2184	0.0232	1.0000	0.4368	0.2859	-1.0000	0.5272	0.5272	-0.0000	1.3157
37.0000	146.0000	Decrease Desire	Tempeh	2.0000	3.0000	3.0000	4	-1.0000	0.7220	0.2180	-0.2643	0.0000	0.2180	0.2068	-1.0000	0.3115	0.3118	-0.0003	0.7352
37.0000	147.0000	Decrease Desire	SlimStyles	4.0000	3.0000	3.0000	2	-1.0000	0.7560	0.1679	-0.0583	0.0000	0.1679	0.1539	-1.0000	0.1806	0.1806	-0.0000	0.4697
37.0000	148.0000	Decrease Desire	Bananas	5.0000	4.0000	5.0000	2	1.0000	1.1924	0.2013	0.0960	1.0000	0.6045	0.3610	-1.0000	0.5931	0.5931	-0.0000	1.3171
37.0000	149.0000	Decrease Desire	OatmealSquares	2.0000	3.0000	3.0000	7	-1.0000	0.7393	0.2184	-0.1803	0.0000	0.2184	0.2623	-1.0000	0.5428	0.5428	-0.0000	1.1506
37.0000	150.0000	Decrease Desire	DriedHerring	1.0000	3.0000	4.0000	3	-1.0000	0.7391	0.2016	-0.2191	0.0000	0.2016	0.2344	-1.0000	0.1536	0.2295	-0.0758	0.6478
37.0000	151.0000	Respond Naturally	SkimMilk	5.0000	4.0000	4.0000	1	1.0000	1.2599	0.1680	-0.2069	1.0000	0.6384	0.4749	-1.0000	0.4163	0.4487	-0.0324	1.0660
37.0000	152.0000	Respond Naturally	SpeltCakes	3.0000	3.0000	3.0000	5	-1.0000	0.7391	0.3359	-0.0364	0.0000	0.3359	0.3058	-1.0000	0.3404	0.3404	-0.0000	0.7436
37.0000	153.0000	Respond Naturally	Onion	3.0000	1.0000	4.0000	4	-1.0000	0.7223	0.3024	-0.1649	0.0000	0.3024	0.1736	-1.0000	0.2662	0.2662	-0.0000	0.5179
37.0000	154.0000	Respond Naturally	Skittles	5.0000	5.0000	3.0000	3	1.0000	0.9071	0.1677	-0.0940	1.0000	0.4198	0.2939	-1.0000	0.4162	0.4297	-0.0136	1.0958
37.0000	155.0000	Respond Naturally	BabyFoodCarrots	2.0000	3.0000	4.0000	3	-1.0000	0.6382	0.1510	-0.1484	0.0000	0.1510	0.1864	-1.0000	0.2212	0.2215	-0.0003	0.5530
37.0000	156.0000	Respond Naturally	CheeseNips	2.0000	3.0000	3.0000	2	-1.0000	0.7882	0.1510	-0.0883	0.0000	0.1510	0.2070	-1.0000	0.1482	0.1977	-0.0494	0.6328
37.0000	157.0000	Respond Naturally	Mentos	5.0000	4.0000	3.0000	2	1.0000	0.9070	0.1511	0.0000	1.0000	0.4031	0.3519	-1.0000	0.2625	0.3050	-0.0425	0.6504
37.0000	158.0000	Respond Naturally	Avocado	5.0000	4.0000	4.0000	2	-1.0000	2.0496	0.1679	-0.0004	2.0000	1.2263	0.3108	-1.0000	0.6289	0.6409	-0.0120	1.5264
37.0000	159.0000	Respond Naturally	Nutella	5.0000	4.0000	3.0000	1	1.0000	1.3597	0.2178	-0.0125	1.0000	0.6376	0.2566	-1.0000	0.6939	0.6939	-0.0001	1.4135
37.0000	160.0000	Respond Naturally	SlimStyles	1.0000	3.0000	3.0000	6	-1.0000	0.8559	0.1675	-0.1251	0.0000	0.1675	0.3678	-1.0000	0.3356	0.3356	-0.0000	0.9051
37.0000	161.0000	Decrease Desire	LaysClassic	4.0000	4.0000	3.0000	3	1.0000	0.7726	0.2686	0.1093	0.0000	0.2686	0.1992	1.0000	0.2290	0.2344	-0.0054	0.4257
37.0000	162.0000	Decrease Desire	Almonds	3.0000	4.0000	3.0000	2	1.0000	1.0236	0.3692	0.0189	1.0000	0.5871	0.2871	-1.0000	0.5983	0.5983	-0.0000	1.1322
37.0000	163.0000	Decrease Desire	Twizzlers	5.0000	4.0000	2.0000	4	1.0000	0.7897	0.2352	0.3744	1.0000	0.4201	0.3057	-1.0000	0.4637	0.4637	-0.0000	1.1869
37.0000	164.0000	Decrease Desire	Smartfood	3.0000	5.0000	3.0000	4	1.0000	0.9910	0.3859	0.0609	0.0000	0.3859	0.2628	1.0000	0.2338	0.2637	-0.0299	0.8205
37.0000	165.0000	Decrease Desire	SunChips	4.0000	3.0000	3.0000	2	-1.0000	0.7043	0.1509	-0.1630	0.0000	0.1509	0.1442	-1.0000	0.1995	0.2123	-0.0129	0.6068
37.0000	166.0000	Decrease Desire	KashiBars	2.0000	3.0000	3.0000	1	-1.0000	0.5544	0.2856	0.3794	0.0000	0.2856	0.1357	-1.0000	0.0469	0.0560	-0.0091	0.2023
37.0000	167.0000	Decrease Desire	Shreddies	3.0000	3.0000	3.0000	2	-1.0000	0.8401	0.1512	0.0062	2.0000	0.4369	0.1857	-1.0000	0.3135	0.3135	-0.0000	0.7425
37.0000	168.0000	Decrease Desire	PureFit	2.0000	3.0000	3.0000	2	-1.0000	0.6721	0.2520	0.3281	0.0000	0.2520	0.3907	-1.0000	0.2575	0.2575	-0.0000	0.4888
37.0000	169.0000	Decrease Desire	Butternut	3.0000	4.0000	4.0000	3	1.0000	0.9577	0.1512	-0.0046	1.0000	0.4033	0.3218	-1.0000	0.6255	0.6317	-0.0062	1.4420
37.0000	170.0000	Decrease Desire	CornFlakes	3.0000	3.0000	3.0000	6	-1.0000	0.6722	0.1514	-0.2027	0.0000	0.1514	0.1816	-1.0000	0.2652	0.2652	-0.0000	0.4966
37.0000	171.0000	Respond Naturally	VanillaGreekYogurt	4.0000	4.0000	4.0000	4	1.0000	0.9909	0.3191	0.0000	1.0000	0.5207	0.3195	-1.0000	0.3743	0.3743	-0.0000	0.9877
37.0000	172.0000	Respond Naturally	RedPepper	3.0000	4.0000	4.0000	2	1.0000	1.7303	0.2016	0.1638	1.0000	0.5208	0.2763	-1.0000	0.5088	0.5371	-0.0283	1.6345
37.0000	173.0000	Respond Naturally	Pringles	4.0000	4.0000	2.0000	2	1.0000	0.8734	0.1849	0.2497	1.0000	0.3361	0.3026	-1.0000	0.4622	0.4622	-0.0000	1.2613
37.0000	174.0000	Respond Naturally	CoffeeCrisp	4.0000	3.0000	3.0000	1	1.0000	0.9568	0.1848	0.5290	1.0000	0.4531	0.4338	-1.0000	0.5389	0.5389	-0.0000	1.5459
37.0000	175.0000	Respond Naturally	Aero	5.0000	4.0000	3.0000	3	1.0000	0.8391	0.2010	0.0573	1.0000	0.4530	0.2876	-1.0000	0.2866	0.2866	-0.0000	0.7443
37.0000	176.0000	Respond Naturally	Mackerel	2.0000	1.0000	3.0000	3	-1.0000	0.7221	0.3025	-0.1902	0.0000	0.3025	0.2909	-1.0000	0.2754	0.2754	-0.0000	0.5917
37.0000	177.0000	Respond Naturally	IceCreamChocolate	5.0000	5.0000	3.0000	4	1.0000	0.8392	0.2180	-0.1322	1.0000	0.4364	0.3131	-1.0000	0.4382	0.4382	-0.0000	1.1599
37.0000	178.0000	Respond Naturally	ProMax	2.0000	3.0000	3.0000	2	-1.0000	0.9740	0.2012	-0.0388	1.0000	0.3860	0.2464	1.0000	0.3978	0.3978	-0.0000	1.1353
37.0000	179.0000	Respond Naturally	ClamJuice	1.0000	1.0000	1.0000	1	-1.0000	0.7725	0.1678	0.1504	0.0000	0.1678	0.1698	-1.0000	0.1836	0.1836	-0.0000	0.3732
37.0000	180.0000	Respond Naturally	OatBran	3.0000	3.0000	3.0000	4	-1.0000	0.7218	0.1509	-0.1379	0.0000	0.1509	0.2033	-1.0000	0.2364	0.2364	-0.0000	0.5399
37.0000	181.0000	Decrease Desire	HoneyNutCheerios	5.0000	4.0000	3.0000	5	1.0000	1.0247	0.2688	-0.0301	1.0000	0.5040	0.4484	-1.0000	0.6841	0.6939	-0.0098	1.1976
37.0000	182.0000	Decrease Desire	SpeltCakes	3.0000	3.0000	3.0000	2	-1.0000	0.6380	0.2518	0.1768	0.0000	0.2518	0.2556	-1.0000	0.2755	0.2755	-0.0000	0.5810
37.0000	183.0000	Decrease Desire	Starburst	4.0000	4.0000	2.0000	3	-1.0000	0.6552	0.1510	0.4936	0.0000	0.1510	0.1489	-1.0000	0.1457	0.1457	-0.0000	0.3053
37.0000	184.0000	Decrease Desire	Skittles	6.0000	5.0000	2.0000	6	1.0000	0.7226	0.1514	-0.0855	1.0000	0.3530	0.3418	-1.0000	0.5156	0.5176	-0.0020	1.3041
37.0000	185.0000	Decrease Desire	DriedApricots	3.0000	4.0000	4.0000	5	-1.0000	0.8564	0.1508	0.1195	0.0000	0.1508	0.2039	-1.0000	0.1670	0.1682	-0.0012	0.3869
37.0000	186.0000	Decrease Desire	Smarties	4.0000	4.0000	3.0000	2	1.0000	0.8396	0.1510	-0.2404	1.0000	0.3358	0.4820	-1.0000	0.4801	0.5008	-0.0207	1.3925
37.0000	187.0000	Decrease Desire	Beets	1.0000	2.0000	4.0000	2	-1.0000	0.6550	0.1510	0.1219	0.0000	0.1510	0.1513	-1.0000	0.0566	0.0620	-0.0054	0.2141
37.0000	188.0000	Decrease Desire	VanillaGreekYogurt	4.0000	4.0000	4.0000	2	1.0000	0.9577	0.2689	0.1704	1.0000	0.5209	0.2678	-1.0000	0.4572	0.4572	-0.0000	1.2887
37.0000	189.0000	Decrease Desire	Orange	6.0000	6.0000	6.0000	5	1.0000	0.8398	0.1510	0.2161	1.0000	0.3862	0.5097	-1.0000	0.4312	0.4346	-0.0034	1.2242
37.0000	190.0000	Decrease Desire	Snickers	1.0000	1.0000	1.0000	3	-1.0000	0.7220	0.2684	-0.3537	0.0000	0.2684	0.1627	-1.0000	0.1057	0.1057	-0.0000	0.2192
37.0000	191.0000	Respond Naturally	Twizzlers	5.0000	4.0000	3.0000	2	1.0000	0.8064	0.1680	-0.0876	1.0000	0.3528	0.5442	-1.0000	0.5302	0.5341	-0.0038	1.5643
37.0000	192.0000	Respond Naturally	Smarties	5.0000	5.0000	1.0000	5	1.0000	0.9070	0.2013	0.1075	1.0000	0.4198	0.4466	-1.0000	0.2299	0.2852	-0.0554	1.0778
37.0000	193.0000	Respond Naturally	FrozenBlueberries	4.0000	4.0000	4.0000	1	1.0000	0.7555	0.2348	0.2936	0.0000	0.2348	0.2089	1.0000	0.0686	0.1456	-0.0770	0.4309
37.0000	194.0000	Respond Naturally	Almonds	3.0000	4.0000	3.0000	4	1.0000	0.8737	0.1680	0.1029	1.0000	0.5041	0.3010	-1.0000	0.4558	0.4570	-0.0012	1.0570
37.0000	195.0000	Respond Naturally	Asparagus	2.0000	4.0000	4.0000	3	-1.0000	0.8054	0.2181	-0.0000	0.0000	0.2181	0.2388	-1.0000	0.1374	0.1374	-0.0000	0.5685
37.0000	196.0000	Respond Naturally	RaisinBran	4.0000	4.0000	3.0000	7	1.0000	0.9070	0.1512	0.3045	2.0000	0.6214	0.4371	1.0000	0.5765	0.5788	-0.0023	1.5627
37.0000	197.0000	Respond Naturally	Strawberries	4.0000	4.0000	4.0000	2	1.0000	0.7716	0.3862	0.3345	0.0000	0.3862	0.2466	1.0000	0.2394	0.2394	-0.0000	0.6508
37.0000	198.0000	Respond Naturally	Fritos	4.0000	3.0000	3.0000	5	-1.0000	0.7553	0.1680	-0.3025	0.0000	0.1680	0.1885	-1.0000	0.1722	0.1725	-0.0003	0.4633
37.0000	199.0000	Respond Naturally	GreenApple	5.0000	4.0000	5.0000	2	1.0000	0.6883	0.3356	0.3200	0.0000	0.3356	0.2250	1.0000	0.2289	0.2289	-0.0000	0.4594
37.0000	200.0000	Respond Naturally	Celery	5.0000	1.0000	5.0000	4	1.0000	0.9231	0.2013	0.1187	1.0000	0.5535	0.2803	-1.0000	0.5169	0.5169	-0.0000	1.1335
