Subject	Trial	Instruction	Food	Liking	Taste	Health	Amount	Choice	ChoiceRT	FirstDevTimeChoice	InitAngleChoice	NumChangeMindChoice	FinalDevTimeChoice	MaxVelocityChoice	DrxFirstDevChoice	TotalAUCChoice	AUCtoNonChosenChoice	AUCtoChosenChoice	MaxDevChoice
59.0000	1.0000	Respond Naturally	Butternut	5.0000	3.0000	6.0000	7	-1.0000	1.0754	0.4369	-0.0338	0.0000	0.4369	0.1892	-1.0000	0.2337	0.2773	-0.0436	0.5612
59.0000	2.0000	Respond Naturally	LaysClassic	2.0000	4.0000	3.0000	3	-1.0000	0.9405	0.4534	0.2608	0.0000	0.4534	0.2671	-1.0000	0.2059	0.2059	-0.0000	0.4045
59.0000	3.0000	Respond Naturally	Reese	2.0000	4.0000	2.0000	4	-1.0000	0.9908	0.4533	0.0030	0.0000	0.4533	0.2903	-1.0000	0.1976	0.2096	-0.0120	0.4415
59.0000	4.0000	Respond Naturally	Broccoli	1.0000	1.0000	6.0000	4	-1.0000	0.9400	0.4369	0.2757	0.0000	0.4369	0.2345	-1.0000	0.1659	0.1659	-0.0000	0.2917
59.0000	5.0000	Respond Naturally	HoneyNutCheerios	5.0000	5.0000	3.0000	5	1.0000	0.9577	0.2518	-0.3893	0.0000	0.2518	0.1877	1.0000	0.1469	0.1903	-0.0434	0.5630
59.0000	6.0000	Respond Naturally	Prunes	1.0000	1.0000	5.0000	5	-1.0000	0.8392	0.4364	0.0797	0.0000	0.4364	0.2272	-1.0000	0.2771	0.2772	-0.0000	0.4297
59.0000	7.0000	Respond Naturally	TofuDessert	4.0000	5.0000	5.0000	2	1.0000	1.1086	0.2856	0.0096	1.0000	0.6219	0.5624	-1.0000	0.5879	0.5879	-0.0000	1.5780
59.0000	8.0000	Respond Naturally	Avocado	3.0000	4.0000	5.0000	2	1.0000	0.9408	0.4201	0.0000	0.0000	0.4201	0.2581	1.0000	0.2366	0.2439	-0.0073	0.5165
59.0000	9.0000	Respond Naturally	WaterChestnuts	1.0000	1.0000	5.0000	3	-1.0000	0.8905	0.4205	0.2620	0.0000	0.4205	0.2054	-1.0000	0.2217	0.2218	-0.0001	0.3680
59.0000	10.0000	Respond Naturally	AppleChips	3.0000	6.0000	6.0000	2	1.0000	0.9406	0.4203	0.0045	0.0000	0.4203	0.2430	1.0000	0.1249	0.1682	-0.0434	0.4919
59.0000	11.0000	Decrease Desire	Tempeh	1.0000	1.0000	1.0000	2	-1.0000	1.0584	0.5038	-0.2059	0.0000	0.5038	0.2263	-1.0000	0.3784	0.3788	-0.0004	0.7061
59.0000	12.0000	Decrease Desire	ClamJuice	1.0000	1.0000	1.0000	3	-1.0000	0.7897	0.3528	0.1340	0.0000	0.3528	0.1774	-1.0000	0.2070	0.2070	-0.0000	0.4438
59.0000	13.0000	Decrease Desire	Nutella	5.0000	5.0000	1.0000	1	1.0000	0.8904	0.4032	-0.2695	0.0000	0.4032	0.2192	1.0000	0.2848	0.2848	-0.0000	0.7496
59.0000	14.0000	Decrease Desire	RaisinBran	1.0000	1.0000	5.0000	3	-1.0000	1.2934	0.5877	0.2191	0.0000	0.5877	0.1187	-1.0000	0.3135	0.3135	-0.0000	0.4799
59.0000	15.0000	Decrease Desire	Pringles	1.0000	4.0000	1.0000	2	1.0000	1.0082	0.4537	-0.2537	0.0000	0.4537	0.1756	1.0000	0.1722	0.1808	-0.0086	0.4125
59.0000	16.0000	Decrease Desire	MnMPlain	2.0000	2.0000	1.0000	5	-1.0000	0.9746	0.1513	0.1380	1.0000	0.4539	0.2501	1.0000	0.3137	0.3160	-0.0023	0.8267
59.0000	17.0000	Decrease Desire	RufflesSourCreamOnion	3.0000	4.0000	3.0000	3	1.0000	1.6469	0.2689	-0.0019	1.0000	0.6555	0.2360	-1.0000	0.5769	0.5816	-0.0047	1.4478
59.0000	18.0000	Decrease Desire	GreenPepper	2.0000	2.0000	6.0000	2	-1.0000	1.1257	0.4200	0.1505	0.0000	0.4200	0.2784	-1.0000	0.0863	0.1404	-0.0541	0.4065
59.0000	19.0000	Decrease Desire	Cheetos	4.0000	4.0000	2.0000	3	1.0000	1.1593	0.6215	-0.0991	0.0000	0.6215	0.1455	1.0000	0.2849	0.2910	-0.0061	0.5849
59.0000	20.0000	Decrease Desire	Doritos	2.0000	4.0000	1.0000	2	-1.0000	0.8901	0.2014	0.0487	0.0000	0.2014	0.1663	-1.0000	0.1977	0.1977	-0.0000	0.4287
59.0000	21.0000	Decrease Desire	Pringles	5.0000	4.0000	1.0000	5	-1.0000	0.9402	0.4368	0.2306	0.0000	0.4368	0.2384	-1.0000	0.1294	0.1678	-0.0384	0.3704
59.0000	22.0000	Decrease Desire	MnMPeanuts	4.0000	1.0000	3.0000	2	-1.0000	0.9910	0.5040	0.1432	0.0000	0.5040	0.1872	-1.0000	0.1646	0.1960	-0.0314	0.3684
59.0000	23.0000	Decrease Desire	VanillaGreekYogurt	4.0000	3.0000	6.0000	2	-1.0000	0.9574	0.4873	0.3545	0.0000	0.4873	0.1641	-1.0000	0.1986	0.1986	-0.0000	0.3713
59.0000	24.0000	Decrease Desire	SevenGrain	1.0000	1.0000	5.0000	3	-1.0000	0.8397	0.5036	0.2547	0.0000	0.5036	0.2310	-1.0000	0.2823	0.2823	-0.0000	0.4523
59.0000	25.0000	Decrease Desire	Cheerios	4.0000	4.0000	4.0000	2	-1.0000	0.8238	0.2185	0.1123	0.0000	0.2185	0.1624	-1.0000	0.1440	0.1440	-0.0000	0.3149
59.0000	26.0000	Decrease Desire	Strawberries	5.0000	5.0000	5.0000	2	-1.0000	0.8568	0.4199	-0.0271	0.0000	0.4199	0.1800	-1.0000	0.2556	0.2557	-0.0002	0.4752
59.0000	27.0000	Decrease Desire	IceCreamVanilla	4.0000	4.0000	1.0000	1	-1.0000	1.1086	0.4367	0.0713	0.0000	0.4367	0.1409	-1.0000	0.2521	0.2521	-0.0000	0.3896
59.0000	28.0000	Decrease Desire	Beets	1.0000	1.0000	4.0000	5	-1.0000	0.8571	0.2185	0.3292	0.0000	0.2185	0.1133	-1.0000	0.1365	0.1365	-0.0000	0.3272
59.0000	29.0000	Decrease Desire	CannedArtichoke	1.0000	1.0000	5.0000	5	-1.0000	0.9075	0.1681	0.4045	2.0000	0.4033	0.1726	-1.0000	0.1539	0.1539	-0.0000	0.6238
59.0000	30.0000	Decrease Desire	ClifBar	4.0000	3.0000	4.0000	2	1.0000	1.3612	0.3192	-0.0337	1.0000	0.8068	0.2605	-1.0000	0.5335	0.5335	-0.0000	1.1721
59.0000	31.0000	Respond Naturally	SlimStyles	1.0000	1.0000	1.0000	2	-1.0000	0.8402	0.4200	1.1690	0.0000	0.4200	0.2012	-1.0000	0.1895	0.1982	-0.0086	0.6025
59.0000	32.0000	Respond Naturally	Strawberries	4.0000	5.0000	5.0000	3	1.0000	0.8738	0.3025	-0.2905	0.0000	0.3025	0.1449	1.0000	0.2617	0.2617	-0.0000	0.5169
59.0000	33.0000	Respond Naturally	RitzCrackers	6.0000	6.0000	3.0000	5	1.0000	0.8569	0.3024	-0.2954	0.0000	0.3024	0.1216	1.0000	0.1912	0.1925	-0.0012	0.3838
59.0000	34.0000	Respond Naturally	FrozenOkra	1.0000	2.0000	6.0000	5	-1.0000	0.9408	0.4032	0.1477	0.0000	0.4032	0.2454	-1.0000	0.1399	0.1600	-0.0201	0.3307
59.0000	35.0000	Respond Naturally	Cauliflower	1.0000	1.0000	6.0000	2	-1.0000	0.8902	0.2351	0.2872	0.0000	0.2351	0.1720	-1.0000	0.1291	0.1399	-0.0108	0.3763
59.0000	36.0000	Respond Naturally	OikosYogurt	4.0000	2.0000	5.0000	6	-1.0000	0.9233	0.1677	0.1157	0.0000	0.1677	0.1335	-1.0000	0.1116	0.1123	-0.0007	0.3396
59.0000	37.0000	Respond Naturally	MnMPeanuts	3.0000	1.0000	1.0000	4	-1.0000	0.8062	0.1512	0.4012	0.0000	0.1512	0.1604	-1.0000	0.0975	0.0975	-0.0000	0.3690
59.0000	38.0000	Respond Naturally	Fritos	4.0000	4.0000	2.0000	2	1.0000	0.9239	0.3865	-0.2682	0.0000	0.3865	0.1860	1.0000	0.1768	0.1768	-0.0000	0.5968
59.0000	39.0000	Respond Naturally	DriedHerring	6.0000	3.0000	4.0000	3	-1.0000	0.9910	0.4198	0.2720	0.0000	0.4198	0.1032	-1.0000	0.1391	0.1391	-0.0000	0.3025
59.0000	40.0000	Respond Naturally	FrozenPeas	1.0000	4.0000	6.0000	6	-1.0000	0.8731	0.3192	0.3266	0.0000	0.3192	0.1982	-1.0000	0.0704	0.0704	-0.0000	0.1679
59.0000	41.0000	Decrease Desire	Almonds	1.0000	1.0000	4.0000	2	-1.0000	1.0079	0.4702	0.2258	0.0000	0.4702	0.1614	-1.0000	0.1842	0.1842	-0.0000	0.3036
59.0000	42.0000	Decrease Desire	Nutella	6.0000	6.0000	1.0000	4	1.0000	0.9407	0.3360	-0.2986	0.0000	0.3360	0.2543	1.0000	0.2015	0.2035	-0.0020	0.6109
59.0000	43.0000	Decrease Desire	Spinach	1.0000	4.0000	6.0000	2	-1.0000	0.8732	0.2854	0.4245	0.0000	0.2854	0.2344	-1.0000	0.1404	0.1404	-0.0000	0.2605
59.0000	44.0000	Decrease Desire	Cheerios	1.0000	6.0000	5.0000	5	-1.0000	0.9744	0.2352	0.2530	0.0000	0.2352	0.1185	-1.0000	0.1424	0.1424	-0.0000	0.4042
59.0000	45.0000	Decrease Desire	Raspberries	4.0000	5.0000	5.0000	5	-1.0000	0.9571	0.3019	0.2926	0.0000	0.3019	0.1525	-1.0000	0.1546	0.1546	-0.0000	0.3172
59.0000	46.0000	Decrease Desire	Smartfood	5.0000	5.0000	4.0000	4	1.0000	1.0418	0.2857	-0.1055	1.0000	0.5041	0.1854	-1.0000	0.3403	0.3447	-0.0044	0.8809
59.0000	47.0000	Decrease Desire	Bananas	1.0000	3.0000	5.0000	3	-1.0000	0.9074	0.4034	0.0782	0.0000	0.4034	0.2590	-1.0000	0.1234	0.1361	-0.0127	0.3202
59.0000	48.0000	Decrease Desire	FrozenOkra	1.0000	2.0000	6.0000	2	-1.0000	0.9072	0.3359	0.0792	0.0000	0.3359	0.1950	-1.0000	0.2276	0.2397	-0.0121	0.5399
59.0000	49.0000	Decrease Desire	VegetableThins	6.0000	5.0000	2.0000	5	1.0000	1.0418	0.2521	-0.5398	1.0000	0.4202	0.2198	-1.0000	0.3616	0.3711	-0.0095	0.9990
59.0000	50.0000	Decrease Desire	SkimMilk	5.0000	5.0000	5.0000	4	-1.0000	0.7564	0.2689	0.1000	0.0000	0.2689	0.1882	-1.0000	0.1224	0.1224	-0.0000	0.3268
59.0000	51.0000	Respond Naturally	RedPepper	2.0000	3.0000	6.0000	2	-1.0000	0.8233	0.2857	0.2691	0.0000	0.2857	0.2356	-1.0000	0.0871	0.1017	-0.0146	0.2291
59.0000	52.0000	Respond Naturally	Orange	4.0000	1.0000	5.0000	1	-1.0000	0.8235	0.3194	0.3327	0.0000	0.3194	0.1347	-1.0000	0.1107	0.1112	-0.0005	0.2341
59.0000	53.0000	Respond Naturally	Onion	1.0000	1.0000	6.0000	2	-1.0000	0.7058	0.2185	0.2577	0.0000	0.2185	0.1269	-1.0000	0.1089	0.1090	-0.0001	0.2639
59.0000	54.0000	Respond Naturally	YorkPeppermintPatties	1.0000	1.0000	1.0000	4	-1.0000	0.8398	0.1681	0.3691	0.0000	0.1681	0.1484	-1.0000	0.0599	0.0599	-0.0000	0.1775
59.0000	55.0000	Respond Naturally	Mars	2.0000	2.0000	2.0000	4	1.0000	1.0583	0.3360	-0.7203	0.0000	0.3360	0.1298	1.0000	0.2139	0.2139	-0.0000	0.5230
59.0000	56.0000	Respond Naturally	FrozenPeaches	6.0000	5.0000	6.0000	5	1.0000	1.0584	0.3863	-0.0123	1.0000	0.5543	0.2824	-1.0000	0.4154	0.4174	-0.0020	1.1221
59.0000	57.0000	Respond Naturally	FrozenBroccoli	1.0000	1.0000	4.0000	2	-1.0000	0.7388	0.3696	0.1245	0.0000	0.3696	0.1881	-1.0000	0.1959	0.1959	-0.0000	0.3670
59.0000	58.0000	Respond Naturally	DriedApricots	1.0000	1.0000	1.0000	2	-1.0000	0.8225	0.4366	0.1670	0.0000	0.4366	0.1437	-1.0000	0.2632	0.2632	-0.0000	0.4514
59.0000	59.0000	Respond Naturally	Reese	4.0000	2.0000	1.0000	1	-1.0000	0.8396	0.2521	0.4973	0.0000	0.2521	0.1289	-1.0000	0.1475	0.1475	-0.0000	0.3607
59.0000	60.0000	Respond Naturally	Spinach	4.0000	1.0000	6.0000	4	-1.0000	0.8230	0.3359	0.2599	0.0000	0.3359	0.2421	-1.0000	0.0748	0.0845	-0.0097	0.1871
59.0000	61.0000	Decrease Desire	OatmealSquares	4.0000	2.0000	3.0000	7	-1.0000	1.5785	1.0409	0.2197	0.0000	1.0409	0.1549	-1.0000	0.2305	0.2305	-0.0000	0.3286
59.0000	62.0000	Decrease Desire	Triscuit	1.0000	1.0000	4.0000	5	-1.0000	1.1085	0.6548	-0.0642	0.0000	0.6548	0.1714	-1.0000	0.1785	0.1789	-0.0005	0.3197
59.0000	63.0000	Decrease Desire	SlicedTurkey	5.0000	1.0000	4.0000	2	-1.0000	1.1253	0.6049	0.0851	0.0000	0.6049	0.2262	-1.0000	0.1546	0.1560	-0.0013	0.2803
59.0000	64.0000	Decrease Desire	Bananas	4.0000	1.0000	4.0000	2	-1.0000	1.2937	0.7393	0.1581	0.0000	0.7393	0.0758	-1.0000	0.1744	0.1744	-0.0000	0.2519
59.0000	65.0000	Decrease Desire	BabyFoodSweetPotatos	4.0000	4.0000	4.0000	2	-1.0000	1.0753	0.3529	0.4363	0.0000	0.3529	0.1753	-1.0000	0.1212	0.1212	-0.0000	0.3113
59.0000	66.0000	Decrease Desire	RomaineLettuce	1.0000	1.0000	6.0000	4	-1.0000	0.8569	0.4369	0.0473	0.0000	0.4369	0.1469	-1.0000	0.2789	0.2789	-0.0000	0.5100
59.0000	67.0000	Decrease Desire	SkimMilk	3.0000	1.0000	4.0000	1	-1.0000	0.9915	0.1849	0.1446	0.0000	0.1849	0.1462	-1.0000	0.0890	0.0890	-0.0000	0.2357
59.0000	68.0000	Decrease Desire	Smartfood	3.0000	4.0000	3.0000	2	1.0000	1.5784	0.6044	-0.6712	1.0000	0.9235	0.2674	-1.0000	0.5840	0.5840	-0.0000	1.1894
59.0000	69.0000	Decrease Desire	SunChips	5.0000	4.0000	1.0000	4	1.0000	1.8309	0.5878	-0.3561	0.0000	0.5878	0.2080	1.0000	0.2606	0.2607	-0.0001	0.3965
59.0000	70.0000	Decrease Desire	Mackerel	6.0000	5.0000	4.0000	1	1.0000	1.4105	0.6711	-0.0252	0.0000	0.6711	0.1137	1.0000	0.2265	0.2364	-0.0099	0.4544
59.0000	71.0000	Respond Naturally	GreenGrapes	5.0000	3.0000	6.0000	4	-1.0000	0.9748	0.5379	0.0651	0.0000	0.5379	0.1464	-1.0000	0.2117	0.2117	-0.0000	0.3619
59.0000	72.0000	Respond Naturally	Celery	1.0000	1.0000	6.0000	4	-1.0000	0.9054	0.4865	0.1686	0.0000	0.4865	0.1690	-1.0000	0.2170	0.2170	-0.0000	0.3896
59.0000	73.0000	Respond Naturally	RiceKrispiesCereal	1.0000	3.0000	1.0000	3	-1.0000	1.2932	0.7053	0.2643	0.0000	0.7053	0.1293	-1.0000	0.2214	0.2234	-0.0020	0.5015
59.0000	74.0000	Respond Naturally	Shreddies	1.0000	1.0000	5.0000	5	-1.0000	1.1418	0.5035	0.2130	0.0000	0.5035	0.1116	-1.0000	0.1441	0.1441	-0.0000	0.2285
59.0000	75.0000	Respond Naturally	Raspberries	6.0000	5.0000	5.0000	4	1.0000	2.0495	0.5542	-0.2669	1.0000	1.0582	0.3125	-1.0000	0.7230	0.7230	-0.0000	1.3894
59.0000	76.0000	Respond Naturally	Smarties	1.0000	2.0000	1.0000	2	1.0000	1.0758	0.3028	-0.1549	1.0000	0.5045	0.1965	-1.0000	0.2272	0.2273	-0.0001	0.8208
59.0000	77.0000	Respond Naturally	NatureValleyChocolate	3.0000	3.0000	2.0000	4	1.0000	1.0750	0.6553	-0.0485	0.0000	0.6553	0.1771	1.0000	0.2749	0.2749	-0.0000	0.4149
59.0000	78.0000	Respond Naturally	SpeltCakes	2.0000	1.0000	6.0000	2	-1.0000	1.1092	0.2521	0.9737	1.0000	0.5882	0.2710	1.0000	0.3024	0.3024	-0.0000	1.0275
59.0000	79.0000	Respond Naturally	AllBranBar	2.0000	1.0000	4.0000	3	-1.0000	1.0752	0.5375	0.2287	0.0000	0.5375	0.1420	-1.0000	0.1784	0.1801	-0.0018	0.3007
59.0000	80.0000	Respond Naturally	GreenBeans	2.0000	1.0000	4.0000	2	-1.0000	0.8403	0.2521	0.0130	0.0000	0.2521	0.1347	-1.0000	0.1593	0.1593	-0.0000	0.3838
59.0000	81.0000	Respond Naturally	CheeseNips	4.0000	3.0000	2.0000	2	-1.0000	1.3109	0.3530	0.1838	1.0000	0.5715	0.2522	1.0000	0.4718	0.4718	-0.0000	1.3616
59.0000	82.0000	Respond Naturally	WelchsFruitSnacks	1.0000	1.0000	1.0000	1	-1.0000	1.2094	0.6886	0.1499	0.0000	0.6886	0.2082	-1.0000	0.2683	0.2753	-0.0070	0.4512
59.0000	83.0000	Respond Naturally	CheeseNips	4.0000	3.0000	1.0000	5	1.0000	1.2769	0.5541	-0.3724	1.0000	0.7558	0.2511	-1.0000	0.3783	0.3815	-0.0033	1.0746
59.0000	84.0000	Respond Naturally	IceCreamChocolate	1.0000	4.0000	3.0000	1	-1.0000	1.1928	0.5037	-0.0055	0.0000	0.5037	0.1508	-1.0000	0.1688	0.1735	-0.0048	0.2923
59.0000	85.0000	Respond Naturally	AlmondMilk	4.0000	1.0000	5.0000	2	-1.0000	1.0420	0.3698	0.5558	0.0000	0.3698	0.0850	-1.0000	0.0541	0.0588	-0.0047	0.1693
59.0000	86.0000	Respond Naturally	CoffeeCrisp	6.0000	4.0000	2.0000	3	1.0000	1.0084	0.1513	-0.9018	1.0000	0.5379	0.2065	-1.0000	0.3173	0.3178	-0.0005	0.9153
59.0000	87.0000	Respond Naturally	Mentos	1.0000	1.0000	1.0000	2	-1.0000	0.9570	0.2689	0.3926	0.0000	0.2689	0.1414	-1.0000	0.1003	0.1003	-0.0000	0.2511
59.0000	88.0000	Respond Naturally	BabyFoodCarrots	1.0000	1.0000	6.0000	5	-1.0000	1.0249	0.3696	0.2607	0.0000	0.3696	0.1576	-1.0000	0.1395	0.1395	-0.0000	0.3290
59.0000	89.0000	Respond Naturally	Butternut	1.0000	3.0000	6.0000	3	-1.0000	1.8143	0.4869	0.3319	2.0000	1.3103	0.1524	-1.0000	0.1113	0.1269	-0.0156	0.3387
59.0000	90.0000	Respond Naturally	ClamJuice	1.0000	1.0000	1.0000	1	-1.0000	1.1247	0.7719	0.3626	0.0000	0.7719	0.1899	-1.0000	0.1672	0.1672	-0.0000	0.2261
59.0000	91.0000	Decrease Desire	Celery	1.0000	1.0000	6.0000	2	-1.0000	0.8734	0.3190	NA	0.0000	0.3190	0.2095	-1.0000	0.0159	0.0164	-0.0006	0.1634
59.0000	92.0000	Decrease Desire	CornFlakes	4.0000	3.0000	3.0000	3	-1.0000	1.6795	1.0243	0.2298	0.0000	1.0243	0.1662	-1.0000	0.2264	0.2264	-0.0000	0.3393
59.0000	93.0000	Decrease Desire	RufflesSourCreamOnion	5.0000	5.0000	1.0000	5	1.0000	2.8207	1.4098	-0.2209	0.0000	1.4098	0.1624	1.0000	0.2176	0.2196	-0.0020	0.4609
59.0000	94.0000	Decrease Desire	TofuDessert	6.0000	1.0000	5.0000	4	-1.0000	4.4327	1.0240	0.3613	1.0000	1.2593	0.3865	1.0000	0.6836	0.7024	-0.0188	1.0950
59.0000	95.0000	Decrease Desire	Skittles	1.0000	2.0000	1.0000	6	-1.0000	1.2428	0.6381	0.1451	0.0000	0.6381	0.1056	-1.0000	0.2348	0.2348	-0.0000	0.3575
59.0000	96.0000	Decrease Desire	AllBranBar	1.0000	1.0000	4.0000	1	-1.0000	1.0587	0.4201	0.2611	0.0000	0.4201	0.0960	-1.0000	0.0875	0.1066	-0.0190	0.2496
59.0000	97.0000	Decrease Desire	DriedApricots	1.0000	1.0000	4.0000	5	-1.0000	1.0073	0.4029	0.3388	0.0000	0.4029	0.1329	-1.0000	0.0798	0.0835	-0.0036	0.1839
59.0000	98.0000	Decrease Desire	SlicedTurkey	1.0000	1.0000	4.0000	5	-1.0000	1.1255	0.2519	0.2546	0.0000	0.2519	0.1039	-1.0000	0.1297	0.1303	-0.0006	0.3294
59.0000	99.0000	Decrease Desire	KashiBars	1.0000	2.0000	4.0000	1	-1.0000	1.6963	0.3191	0.2195	0.0000	0.3191	0.1096	-1.0000	0.0662	0.0662	-0.0000	0.2174
59.0000	100.0000	Decrease Desire	OatmealSquares	5.0000	3.0000	4.0000	3	-1.0000	1.2937	0.5545	0.2520	0.0000	0.5545	0.1151	-1.0000	0.0874	0.0878	-0.0004	0.1756
59.0000	101.0000	Respond Naturally	FrozenBlueberries	5.0000	5.0000	4.0000	1	1.0000	1.6464	0.4871	-0.2272	2.0000	1.0919	0.1538	1.0000	0.1853	0.1966	-0.0113	0.4656
59.0000	102.0000	Respond Naturally	LaysClassic	4.0000	5.0000	1.0000	4	1.0000	1.0746	0.4030	-0.0732	0.0000	0.4030	0.1374	1.0000	0.0976	0.0981	-0.0005	0.2110
59.0000	103.0000	Respond Naturally	BrusselsSprouts	1.0000	1.0000	6.0000	2	-1.0000	1.0915	0.5875	0.0386	0.0000	0.5875	0.2037	-1.0000	0.1091	0.1356	-0.0264	0.3771
59.0000	104.0000	Respond Naturally	FrootLoops	2.0000	4.0000	1.0000	2	1.0000	0.8906	0.3529	-0.0666	0.0000	0.3529	0.1527	1.0000	0.1320	0.1440	-0.0121	0.3205
59.0000	105.0000	Respond Naturally	SevenGrain	1.0000	1.0000	5.0000	1	-1.0000	0.9907	0.5035	0.2793	0.0000	0.5035	0.2230	-1.0000	0.1581	0.1830	-0.0249	0.4565
59.0000	106.0000	Respond Naturally	BBQCrisps	5.0000	4.0000	1.0000	6	1.0000	0.9736	0.3862	-0.1656	0.0000	0.3862	0.2434	1.0000	0.1035	0.1232	-0.0197	0.3094
59.0000	107.0000	Respond Naturally	GreenBeans	1.0000	1.0000	6.0000	4	-1.0000	0.9577	0.3864	0.0868	0.0000	0.3864	0.2190	-1.0000	0.1049	0.1340	-0.0291	0.4037
59.0000	108.0000	Respond Naturally	BrusselsSprouts	1.0000	1.0000	4.0000	4	-1.0000	0.8400	0.2857	0.2454	0.0000	0.2857	0.1544	-1.0000	0.1437	0.1479	-0.0042	0.3365
59.0000	109.0000	Respond Naturally	Prunes	1.0000	1.0000	4.0000	2	-1.0000	0.7393	0.3024	0.2575	0.0000	0.3024	0.1691	-1.0000	0.1212	0.1217	-0.0005	0.2628
59.0000	110.0000	Respond Naturally	DriedHerring	1.0000	1.0000	5.0000	1	-1.0000	1.4442	0.6214	0.2756	1.0000	0.7387	0.2458	1.0000	0.2698	0.2738	-0.0040	0.8493
59.0000	111.0000	Decrease Desire	FrozenBlueberries	6.0000	5.0000	6.0000	3	-1.0000	3.0901	2.5692	0.3093	0.0000	2.5692	0.1462	-1.0000	0.3259	0.3305	-0.0046	0.4668
59.0000	112.0000	Decrease Desire	AllBranCereal	1.0000	1.0000	5.0000	2	-1.0000	1.1755	0.6380	0.2553	0.0000	0.6380	0.1832	-1.0000	0.1642	0.1642	-0.0000	0.2821
59.0000	113.0000	Decrease Desire	PopTartStrawberry	4.0000	5.0000	1.0000	2	-1.0000	1.7638	1.1422	0.5753	0.0000	1.1422	0.1619	-1.0000	0.2323	0.2323	-0.0000	0.3462
59.0000	114.0000	Decrease Desire	MangoChunks	4.0000	4.0000	4.0000	2	1.0000	2.0652	1.5611	-0.4200	0.0000	1.5611	0.1896	1.0000	0.3713	0.3744	-0.0031	0.4878
59.0000	115.0000	Decrease Desire	WelchsFruitSnacks	1.0000	1.0000	1.0000	3	-1.0000	1.1757	0.6380	0.2973	0.0000	0.6380	0.1519	-1.0000	0.1209	0.1215	-0.0006	0.2554
59.0000	116.0000	Decrease Desire	RaisinBran	1.0000	1.0000	5.0000	7	-1.0000	1.2433	0.6384	0.0271	0.0000	0.6384	0.1709	-1.0000	0.1967	0.2182	-0.0215	0.4322
59.0000	117.0000	Decrease Desire	SunChips	2.0000	5.0000	1.0000	2	-1.0000	2.2506	1.2422	0.2049	0.0000	1.2422	0.1528	-1.0000	0.1891	0.1994	-0.0103	0.3134
59.0000	118.0000	Decrease Desire	FrozenPeas	4.0000	1.0000	5.0000	2	-1.0000	1.3268	0.4368	0.2170	0.0000	0.4368	0.1308	-1.0000	0.0880	0.0880	-0.0000	0.2128
59.0000	119.0000	Decrease Desire	Almonds	1.0000	1.0000	6.0000	4	-1.0000	1.2093	0.5708	0.2730	0.0000	0.5708	0.0983	-1.0000	0.0964	0.0964	-0.0000	0.1662
59.0000	120.0000	Decrease Desire	Starburst	2.0000	4.0000	3.0000	3	-1.0000	1.1087	0.3526	0.1440	0.0000	0.3526	0.1143	-1.0000	0.1059	0.1059	-0.0000	0.1667
59.0000	121.0000	Decrease Desire	Mentos	1.0000	1.0000	1.0000	5	-1.0000	0.8566	0.4535	0.1191	0.0000	0.4535	0.1926	-1.0000	0.2912	0.2912	-0.0000	0.4927
59.0000	122.0000	Decrease Desire	Cauliflower	1.0000	1.0000	5.0000	6	-1.0000	0.9400	0.4198	0.2868	0.0000	0.4198	0.1412	-1.0000	0.1227	0.1309	-0.0082	0.2576
59.0000	123.0000	Decrease Desire	Triscuit	3.0000	2.0000	4.0000	2	-1.0000	0.8398	0.3024	0.3000	0.0000	0.3024	0.1074	-1.0000	0.0934	0.1031	-0.0097	0.2287
59.0000	124.0000	Decrease Desire	Caramilk	2.0000	3.0000	5.0000	2	-1.0000	0.7727	0.2521	0.2479	0.0000	0.2521	0.1293	-1.0000	0.1120	0.1123	-0.0003	0.2248
59.0000	125.0000	Decrease Desire	EnglishCucumber	1.0000	4.0000	5.0000	5	-1.0000	0.6889	0.1847	0.5539	0.0000	0.1847	0.1114	-1.0000	0.0860	0.0860	-0.0000	0.2269
59.0000	126.0000	Decrease Desire	Starburst	1.0000	3.0000	3.0000	6	-1.0000	0.7395	0.1513	0.2968	0.0000	0.1513	0.1201	-1.0000	0.0493	0.0526	-0.0033	0.1616
59.0000	127.0000	Decrease Desire	GreenApple	3.0000	4.0000	6.0000	2	-1.0000	1.1256	0.1680	0.1396	0.0000	0.1680	0.1336	-1.0000	0.0387	0.0387	-0.0000	0.1343
59.0000	128.0000	Decrease Desire	SlimStyles	1.0000	1.0000	1.0000	6	-1.0000	0.9412	0.2521	0.0726	0.0000	0.2521	0.1973	-1.0000	0.0468	0.0914	-0.0445	0.3263
59.0000	129.0000	Decrease Desire	GreenPepper	1.0000	1.0000	5.0000	6	-1.0000	0.9076	0.2185	0.0405	0.0000	0.2185	0.1076	-1.0000	0.0929	0.0929	-0.0000	0.2311
59.0000	130.0000	Decrease Desire	IceCreamChocolate	6.0000	3.0000	1.0000	4	1.0000	1.5791	0.2184	-0.1273	1.0000	0.5713	0.1857	-1.0000	0.4050	0.4050	-0.0000	1.0177
59.0000	131.0000	Respond Naturally	Orange	3.0000	1.0000	6.0000	5	-1.0000	1.0577	0.5711	0.1717	0.0000	0.5711	0.1788	-1.0000	0.1924	0.1932	-0.0009	0.3323
59.0000	132.0000	Respond Naturally	Shreddies	1.0000	2.0000	3.0000	2	-1.0000	0.8569	0.4032	0.0386	0.0000	0.4032	0.2119	-1.0000	0.1570	0.1570	-0.0000	0.2806
59.0000	133.0000	Respond Naturally	KashiBars	1.0000	1.0000	6.0000	4	-1.0000	0.8066	0.3530	0.1470	0.0000	0.3530	0.2000	-1.0000	0.1459	0.1459	-0.0000	0.3010
59.0000	134.0000	Respond Naturally	PureFit	6.0000	5.0000	1.0000	4	1.0000	1.2941	0.6219	-0.1279	0.0000	0.6219	0.1698	1.0000	0.3067	0.3067	-0.0000	0.7352
59.0000	135.0000	Respond Naturally	HoneyNutCheerios	3.0000	4.0000	4.0000	2	1.0000	1.0755	0.5545	-0.3574	0.0000	0.5545	0.1528	1.0000	0.2438	0.2475	-0.0036	0.4961
59.0000	136.0000	Respond Naturally	Smarties	1.0000	4.0000	2.0000	5	1.0000	1.1595	0.4535	-0.4667	0.0000	0.4535	0.2912	1.0000	0.1185	0.1568	-0.0383	0.4589
59.0000	137.0000	Respond Naturally	AppleChips	5.0000	6.0000	3.0000	5	1.0000	0.9408	0.3027	-0.2828	0.0000	0.3027	0.1155	1.0000	0.2025	0.2029	-0.0004	0.4002
59.0000	138.0000	Respond Naturally	AlmondMilk	5.0000	3.0000	6.0000	4	-1.0000	0.8737	0.2518	0.2479	0.0000	0.2518	0.1227	-1.0000	0.0788	0.0788	-0.0000	0.2089
59.0000	139.0000	Respond Naturally	OatBran	4.0000	1.0000	4.0000	2	-1.0000	1.0103	0.4223	0.1430	0.0000	0.4223	0.1495	-1.0000	0.1432	0.1433	-0.0001	0.3389
59.0000	140.0000	Respond Naturally	Caramilk	2.0000	1.0000	1.0000	5	1.0000	1.1256	0.3359	-0.3220	0.0000	0.3359	0.0881	1.0000	0.1650	0.1650	-0.0000	0.4041
59.0000	141.0000	Decrease Desire	ProMax	4.0000	1.0000	2.0000	2	-1.0000	0.9578	0.3528	0.1881	0.0000	0.3528	0.1369	-1.0000	0.2312	0.2312	-0.0000	0.4639
59.0000	142.0000	Decrease Desire	FrozenPeaches	6.0000	5.0000	5.0000	2	1.0000	2.1003	0.6551	-0.0150	3.0000	1.5793	0.2745	-1.0000	0.5572	0.5572	-0.0000	1.1905
59.0000	143.0000	Decrease Desire	Beets	1.0000	1.0000	4.0000	2	-1.0000	0.9409	0.4872	0.2412	0.0000	0.4872	0.2388	-1.0000	0.1192	0.1264	-0.0073	0.2368
59.0000	144.0000	Decrease Desire	VanillaGreekYogurt	6.0000	5.0000	5.0000	4	1.0000	3.0904	1.4947	-0.2637	1.0000	1.7468	0.2273	-1.0000	0.4013	0.4013	-0.0000	0.7710
59.0000	145.0000	Decrease Desire	PureFit	1.0000	1.0000	1.0000	2	-1.0000	1.1424	0.4533	0.2762	0.0000	0.4533	0.1278	-1.0000	0.0616	0.0861	-0.0245	0.2096
59.0000	146.0000	Decrease Desire	Tuna	1.0000	5.0000	5.0000	4	-1.0000	1.1590	0.4868	0.2172	0.0000	0.4868	0.1918	-1.0000	0.0622	0.0873	-0.0251	0.1883
59.0000	147.0000	Decrease Desire	FrootLoops	4.0000	4.0000	1.0000	6	-1.0000	1.1762	0.4203	0.1531	0.0000	0.4203	0.1362	-1.0000	0.1513	0.1513	-0.0000	0.2748
59.0000	148.0000	Decrease Desire	Avocado	3.0000	5.0000	6.0000	5	1.0000	1.4783	0.9070	-0.6935	0.0000	0.9070	0.2185	1.0000	0.4145	0.4147	-0.0002	0.9283
59.0000	149.0000	Decrease Desire	Asparagus	2.0000	1.0000	6.0000	3	-1.0000	0.9237	0.1510	0.5112	0.0000	0.1510	0.1651	-1.0000	0.0158	0.0304	-0.0146	0.1641
59.0000	150.0000	Decrease Desire	Broccoli	1.0000	1.0000	4.0000	1	-1.0000	0.8064	0.1511	NA	0.0000	0.1511	0.1605	-1.0000	0.0362	0.0362	-0.0000	0.1315
59.0000	151.0000	Respond Naturally	RomaineLettuce	1.0000	1.0000	6.0000	2	-1.0000	0.8568	0.4032	0.3328	0.0000	0.4032	0.2673	-1.0000	0.1233	0.1628	-0.0395	0.3348
59.0000	152.0000	Respond Naturally	FrozenBroccoli	3.0000	1.0000	6.0000	6	-1.0000	0.7050	0.3187	0.4146	0.0000	0.3187	0.2418	-1.0000	0.1289	0.1290	-0.0001	0.3341
59.0000	153.0000	Respond Naturally	AllBranCereal	1.0000	1.0000	3.0000	6	-1.0000	0.8566	0.3023	0.7972	0.0000	0.3023	0.1999	-1.0000	0.0101	0.0575	-0.0474	0.1798
59.0000	154.0000	Respond Naturally	EnglishCucumber	2.0000	1.0000	4.0000	2	-1.0000	0.6214	0.1509	0.3446	0.0000	0.1509	0.1159	-1.0000	0.0947	0.0947	-0.0000	0.2430
59.0000	155.0000	Respond Naturally	RedPepper	1.0000	3.0000	6.0000	5	-1.0000	0.8071	0.1682	0.3311	0.0000	0.1682	0.1148	-1.0000	0.0709	0.0709	-0.0000	0.2284
59.0000	156.0000	Respond Naturally	OikosYogurt	3.0000	3.0000	4.0000	3	-1.0000	0.7564	0.1681	0.3975	0.0000	0.1681	0.1215	-1.0000	0.0885	0.0885	-0.0000	0.2048
59.0000	157.0000	Respond Naturally	PCChipCookie	3.0000	5.0000	2.0000	5	1.0000	1.4615	0.2520	-0.6827	1.0000	0.5877	0.3710	-1.0000	0.7004	0.7006	-0.0002	1.8004
59.0000	158.0000	Respond Naturally	FrozenCorn	1.0000	4.0000	6.0000	4	-1.0000	0.8905	0.3864	0.1756	0.0000	0.3864	0.1845	-1.0000	0.1544	0.1683	-0.0139	0.4529
59.0000	159.0000	Respond Naturally	ProMax	3.0000	4.0000	2.0000	4	1.0000	1.0411	0.1513	-0.2886	1.0000	0.4370	0.1556	-1.0000	0.3009	0.3009	-0.0000	0.7588
59.0000	160.0000	Respond Naturally	BabyFoodCarrots	1.0000	4.0000	4.0000	3	1.0000	0.8905	0.4706	-0.1004	0.0000	0.4706	0.1692	1.0000	0.1232	0.1232	-0.0000	0.3090
59.0000	161.0000	Respond Naturally	CannedArtichoke	1.0000	1.0000	5.0000	2	-1.0000	0.9410	0.1681	0.5871	2.0000	0.4706	0.1639	-1.0000	0.0442	0.0539	-0.0097	0.2996
59.0000	162.0000	Respond Naturally	NatureValleyChocolate	1.0000	2.0000	4.0000	1	-1.0000	1.2600	0.7390	NA	0.0000	0.7390	0.2026	-1.0000	0.1456	0.1456	-0.0000	0.4424
59.0000	163.0000	Respond Naturally	WaterChestnuts	1.0000	1.0000	5.0000	5	-1.0000	0.8900	0.3187	0.2623	0.0000	0.3187	0.1511	-1.0000	0.1055	0.1065	-0.0010	0.3038
59.0000	164.0000	Respond Naturally	GreenGrapes	1.0000	1.0000	4.0000	1	-1.0000	0.9237	0.2856	0.1974	0.0000	0.2856	0.1506	-1.0000	0.0511	0.0614	-0.0103	0.1462
59.0000	165.0000	Respond Naturally	FrozenCorn	5.0000	2.0000	6.0000	2	-1.0000	0.9909	0.4195	0.5253	0.0000	0.4195	0.1273	-1.0000	-0.0437	0.0123	-0.0559	-0.2228
59.0000	166.0000	Respond Naturally	Asparagus	1.0000	1.0000	6.0000	6	-1.0000	0.8401	0.3529	0.3139	0.0000	0.3529	0.1926	-1.0000	0.1666	0.1683	-0.0017	0.3944
59.0000	167.0000	Respond Naturally	Onion	1.0000	1.0000	4.0000	4	-1.0000	1.0245	0.3026	0.1805	0.0000	0.3026	0.1193	-1.0000	0.1053	0.1053	-0.0000	0.2320
59.0000	168.0000	Respond Naturally	SkittlesSour	1.0000	2.0000	1.0000	6	1.0000	1.0077	0.4700	-0.1569	0.0000	0.4700	0.1647	1.0000	0.2545	0.2545	-0.0000	0.5740
59.0000	169.0000	Respond Naturally	Snickers	1.0000	2.0000	1.0000	3	1.0000	0.8564	0.3190	-0.3323	0.0000	0.3190	0.1310	1.0000	0.1410	0.1435	-0.0025	0.2814
59.0000	170.0000	Respond Naturally	Aero	3.0000	4.0000	3.0000	1	1.0000	1.0077	0.1677	-0.1752	0.0000	0.1677	0.1467	1.0000	0.0655	0.0655	-0.0000	0.1434
59.0000	171.0000	Decrease Desire	PopTartStrawberry	5.0000	4.0000	2.0000	5	1.0000	2.1167	0.3193	-0.1154	1.0000	0.5714	0.2965	-1.0000	-0.0167	0.2140	-0.2307	-1.3093
59.0000	172.0000	Decrease Desire	Cheetos	5.0000	4.0000	1.0000	6	-1.0000	2.0147	1.3427	0.4704	0.0000	1.3427	0.1733	-1.0000	0.1092	0.1231	-0.0139	0.1962
59.0000	173.0000	Decrease Desire	IceCreamVanilla	6.0000	5.0000	1.0000	4	-1.0000	1.2598	0.6720	0.3739	0.0000	0.6720	0.1212	-1.0000	0.1049	0.1049	-0.0001	0.1700
59.0000	174.0000	Decrease Desire	Twizzlers	1.0000	1.0000	1.0000	4	-1.0000	1.1087	0.4872	-0.0000	0.0000	0.4872	0.3609	-1.0000	0.1336	0.1353	-0.0017	0.2874
59.0000	175.0000	Decrease Desire	Tempeh	1.0000	1.0000	1.0000	4	-1.0000	1.1258	0.4538	0.3037	0.0000	0.4538	0.1197	-1.0000	0.1550	0.1550	-0.0000	0.2731
59.0000	176.0000	Decrease Desire	Mackerel	4.0000	6.0000	5.0000	3	-1.0000	1.3271	0.7559	0.3832	0.0000	0.7559	0.1613	-1.0000	0.1531	0.1531	-0.0000	0.3516
59.0000	177.0000	Decrease Desire	MnMPlain	1.0000	1.0000	3.0000	3	-1.0000	1.0924	0.5546	0.5314	0.0000	0.5546	0.1862	-1.0000	0.0942	0.0942	-0.0000	0.2488
59.0000	178.0000	Decrease Desire	OatBran	4.0000	1.0000	6.0000	4	-1.0000	0.9912	0.5375	0.3421	0.0000	0.5375	0.1443	-1.0000	0.1430	0.1483	-0.0053	0.2723
59.0000	179.0000	Decrease Desire	Twizzlers	1.0000	1.0000	1.0000	2	-1.0000	0.9579	0.1681	0.5158	0.0000	0.1681	0.1192	-1.0000	-0.0257	0.0079	-0.0337	-0.1164
59.0000	180.0000	Decrease Desire	BabyFoodSweetPotatos	1.0000	4.0000	4.0000	5	-1.0000	1.1090	0.3529	-0.0474	0.0000	0.3529	0.0582	-1.0000	0.0790	0.0790	-0.0000	0.1636
59.0000	181.0000	Respond Naturally	BBQCrisps	3.0000	4.0000	1.0000	2	1.0000	1.3103	0.7222	-0.2552	0.0000	0.7222	0.1632	1.0000	0.3410	0.3410	-0.0000	0.4935
59.0000	182.0000	Respond Naturally	Skittles	1.0000	1.0000	2.0000	3	1.0000	1.2418	0.7222	-0.1601	0.0000	0.7222	0.0999	1.0000	0.2542	0.2546	-0.0004	0.3794
59.0000	183.0000	Respond Naturally	Mars	4.0000	1.0000	3.0000	2	1.0000	0.9240	0.4198	-0.1899	0.0000	0.4198	0.1331	1.0000	0.2072	0.2072	-0.0000	0.4043
59.0000	184.0000	Respond Naturally	Tuna	4.0000	4.0000	5.0000	2	-1.0000	1.4277	0.2017	0.2316	1.0000	0.8399	0.5179	1.0000	0.4880	0.5186	-0.0306	1.3341
59.0000	185.0000	Respond Naturally	RitzCrackers	4.0000	5.0000	3.0000	2	1.0000	0.9741	0.3524	-0.4183	0.0000	0.3524	0.2191	1.0000	0.0852	0.1164	-0.0311	0.2799
59.0000	186.0000	Respond Naturally	VegetableThins	4.0000	5.0000	1.0000	2	1.0000	0.9744	0.3527	-0.2075	0.0000	0.3527	0.1277	1.0000	0.1224	0.1227	-0.0003	0.3610
59.0000	187.0000	Respond Naturally	Fritos	5.0000	5.0000	2.0000	5	1.0000	0.9580	0.2185	-0.0589	0.0000	0.2185	0.1974	1.0000	0.0454	0.0903	-0.0449	0.2699
59.0000	188.0000	Respond Naturally	Aero	5.0000	4.0000	1.0000	3	1.0000	0.9072	0.3864	-0.4486	0.0000	0.3864	0.1901	1.0000	0.1196	0.1344	-0.0148	0.3740
59.0000	189.0000	Respond Naturally	GreenApple	1.0000	1.0000	5.0000	4	-1.0000	1.1249	0.4363	0.0900	0.0000	0.4363	0.2107	-1.0000	0.2970	0.3137	-0.0167	0.7382
59.0000	190.0000	Respond Naturally	Snickers	2.0000	2.0000	2.0000	2	1.0000	1.7633	1.0579	0.0000	0.0000	1.0579	0.1422	1.0000	0.2236	0.2236	-0.0000	0.3651
59.0000	191.0000	Decrease Desire	PCChipCookie	4.0000	5.0000	3.0000	2	-1.0000	1.5789	0.3528	0.4189	1.0000	0.6550	0.1201	1.0000	0.3558	0.3560	-0.0002	0.6592
59.0000	192.0000	Decrease Desire	CornFlakes	4.0000	3.0000	4.0000	6	1.0000	1.5453	0.6886	-0.0667	0.0000	0.6886	0.1786	1.0000	0.3576	0.3576	-0.0000	0.5446
59.0000	193.0000	Decrease Desire	RiceKrispiesCereal	4.0000	1.0000	4.0000	7	-1.0000	1.0418	0.3192	-0.0373	0.0000	0.3192	0.0929	-1.0000	0.1062	0.1062	-0.0000	0.2480
59.0000	194.0000	Decrease Desire	ClifBar	4.0000	5.0000	4.0000	4	-1.0000	0.9243	0.3025	0.2045	0.0000	0.3025	0.0809	-1.0000	0.1255	0.1255	-0.0000	0.2556
59.0000	195.0000	Decrease Desire	SkittlesSour	3.0000	1.0000	1.0000	3	-1.0000	0.7902	0.1849	0.2598	0.0000	0.1849	0.1237	-1.0000	0.1199	0.1199	-0.0000	0.2342
59.0000	196.0000	Decrease Desire	YorkPeppermintPatties	1.0000	1.0000	1.0000	2	-1.0000	1.0074	0.2517	0.2724	0.0000	0.2517	0.0746	-1.0000	0.1227	0.1256	-0.0029	0.2812
59.0000	197.0000	Decrease Desire	CoffeeCrisp	3.0000	5.0000	1.0000	1	1.0000	1.0415	0.5884	-0.1322	0.0000	0.5884	0.1674	1.0000	0.2578	0.2582	-0.0003	0.7594
59.0000	198.0000	Decrease Desire	MangoChunks	5.0000	5.0000	6.0000	5	-1.0000	1.0255	0.3529	0.0186	0.0000	0.3529	0.0765	-1.0000	0.1399	0.1409	-0.0010	0.3456
59.0000	199.0000	Decrease Desire	Doritos	1.0000	4.0000	1.0000	5	-1.0000	0.8402	0.1849	0.1514	0.0000	0.1849	0.1077	-1.0000	0.1945	0.1945	-0.0000	0.4050
59.0000	200.0000	Decrease Desire	SpeltCakes	2.0000	4.0000	1.0000	5	-1.0000	0.9746	0.1681	0.2112	0.0000	0.1681	0.0750	-1.0000	0.1148	0.1148	-0.0001	0.2350
