Subject	Trial	Instruction	Food	Liking	Taste	Health	Amount	Choice	ChoiceRT	FirstDevTimeChoice	InitAngleChoice	NumChangeMindChoice	FinalDevTimeChoice	MaxVelocityChoice	DrxFirstDevChoice	TotalAUCChoice	AUCtoNonChosenChoice	AUCtoChosenChoice	MaxDevChoice
66.0000	1.0000	Respond Naturally	Triscuit	5.0000	6.0000	5.0000	2	1.0000	2.2004	0.2350	0.1656	1.0000	1.6122	0.2431	-1.0000	0.5639	0.5639	-0.0000	0.7626
66.0000	2.0000	Respond Naturally	Aero	6.0000	6.0000	1.0000	3	1.0000	1.4448	0.1682	0.0159	1.0000	0.8065	0.2622	-1.0000	0.2302	0.2302	-0.0000	0.3821
66.0000	3.0000	Respond Naturally	Starburst	1.0000	1.0000	1.0000	3	-1.0000	1.5112	0.7888	-0.0774	1.0000	0.9232	0.2488	1.0000	0.2515	0.2600	-0.0085	0.5662
66.0000	4.0000	Respond Naturally	BabyFoodSweetPotatos	2.0000	3.0000	5.0000	5	-1.0000	1.6291	0.9067	0.1514	1.0000	1.1251	0.1610	1.0000	0.3928	0.3928	-0.0000	0.9601
66.0000	5.0000	Respond Naturally	FrozenPeas	6.0000	6.0000	6.0000	2	-1.0000	6.1990	0.7726	0.3929	5.0000	4.4690	0.2626	1.0000	0.6519	0.6569	-0.0050	1.5050
66.0000	6.0000	Respond Naturally	Skittles	6.0000	6.0000	1.0000	3	1.0000	1.3607	0.9070	-0.1391	0.0000	0.9070	0.1495	1.0000	0.3665	0.3665	-0.0000	0.6637
66.0000	7.0000	Respond Naturally	CornFlakes	6.0000	6.0000	5.0000	6	1.0000	1.2603	0.5715	-0.0499	0.0000	0.5715	0.1428	1.0000	0.1919	0.1919	-0.0000	0.3564
66.0000	8.0000	Respond Naturally	GreenGrapes	6.0000	6.0000	6.0000	1	-1.0000	2.1674	0.7223	-0.0435	2.0000	1.4449	0.1495	-1.0000	0.2768	0.2768	-0.0000	0.4598
66.0000	9.0000	Respond Naturally	SpeltCakes	6.0000	5.0000	3.0000	5	1.0000	2.6036	0.7387	-0.1698	0.0000	0.7387	0.0888	1.0000	0.1983	0.2025	-0.0041	0.4135
66.0000	10.0000	Respond Naturally	Smartfood	6.0000	6.0000	1.0000	2	1.0000	4.7357	0.6215	0.0298	2.0000	1.6628	0.2467	1.0000	0.8253	0.8253	-0.0000	1.4068
66.0000	11.0000	Focus on Health	GreenPepper	5.0000	4.0000	5.0000	2	1.0000	2.4017	0.6887	-0.1414	0.0000	0.6887	0.1970	1.0000	0.2225	0.2225	-0.0000	0.5480
66.0000	12.0000	Focus on Health	Mentos	6.0000	6.0000	1.0000	5	-1.0000	1.2763	0.6882	0.2945	0.0000	0.6882	0.1696	-1.0000	0.2230	0.2230	-0.0000	0.3700
66.0000	13.0000	Focus on Health	FrozenCorn	6.0000	6.0000	6.0000	2	1.0000	1.0749	0.5372	-0.0097	0.0000	0.5372	0.1722	1.0000	0.2483	0.2483	-0.0000	0.3906
66.0000	14.0000	Focus on Health	LaysClassic	6.0000	6.0000	1.0000	3	-1.0000	1.3101	0.5541	-0.1347	1.0000	0.8734	0.4723	1.0000	0.4412	0.4412	-0.0000	1.4636
66.0000	15.0000	Focus on Health	RitzCrackers	6.0000	6.0000	3.0000	2	-1.0000	1.3279	0.6556	-0.1200	0.0000	0.6556	0.1447	-1.0000	0.1822	0.1923	-0.0101	0.5024
66.0000	16.0000	Focus on Health	GreenBeans	6.0000	5.0000	5.0000	2	1.0000	1.3616	0.4706	-0.2281	1.0000	0.6726	0.1401	-1.0000	0.2752	0.2789	-0.0037	0.6469
66.0000	17.0000	Focus on Health	Smartfood	6.0000	6.0000	1.0000	4	-1.0000	1.1594	0.3865	-0.1587	0.0000	0.3865	0.1700	-1.0000	0.1550	0.1550	-0.0000	0.3053
66.0000	18.0000	Focus on Health	IceCreamChocolate	6.0000	6.0000	1.0000	1	1.0000	5.8617	0.9583	0.1272	3.0000	3.4442	0.2837	-1.0000	0.5294	0.5294	-0.0000	1.3642
66.0000	19.0000	Focus on Health	ClifBar	6.0000	5.0000	4.0000	4	-1.0000	2.8046	1.1920	-0.1340	2.0000	1.8470	0.2311	-1.0000	0.4512	0.4512	-0.0000	1.4012
66.0000	20.0000	Focus on Health	EnglishCucumber	6.0000	6.0000	6.0000	5	1.0000	1.2765	0.5542	0.0323	0.0000	0.5542	0.1961	1.0000	0.2128	0.2399	-0.0271	0.4340
66.0000	21.0000	Respond Naturally	RedPepper	6.0000	5.0000	6.0000	2	-1.0000	1.3779	0.7394	0.0185	0.0000	0.7394	0.1867	-1.0000	0.2671	0.2671	-0.0000	0.6017
66.0000	22.0000	Respond Naturally	SkimMilk	6.0000	6.0000	6.0000	1	1.0000	2.1334	1.2760	0.2300	1.0000	1.6126	0.2685	-1.0000	0.4450	0.4450	-0.0000	1.3792
66.0000	23.0000	Respond Naturally	Butternut	3.0000	4.0000	4.0000	3	-1.0000	1.7462	1.2255	0.0903	0.0000	1.2255	0.2129	-1.0000	0.3541	0.3541	-0.0000	0.4525
66.0000	24.0000	Respond Naturally	RomaineLettuce	6.0000	5.0000	6.0000	4	-1.0000	1.0244	0.4869	0.1757	0.0000	0.4869	0.3080	-1.0000	0.2486	0.2486	-0.0000	0.3900
66.0000	25.0000	Respond Naturally	Doritos	6.0000	6.0000	1.0000	2	1.0000	2.1167	0.5540	-0.0552	1.0000	1.3941	0.1784	-1.0000	0.6766	0.6766	-0.0000	1.3785
66.0000	26.0000	Respond Naturally	SkittlesSour	5.0000	6.0000	1.0000	6	-1.0000	5.2917	0.5711	0.0943	8.0000	5.0566	0.3680	-1.0000	0.6448	0.6448	-0.0000	1.5542
66.0000	27.0000	Respond Naturally	FrozenBlueberries	6.0000	6.0000	5.0000	3	-1.0000	2.5185	1.6953	0.2435	0.0000	1.6953	0.3130	-1.0000	0.2520	0.2520	-0.0000	0.3354
66.0000	28.0000	Respond Naturally	BabyFoodCarrots	3.0000	3.0000	5.0000	5	-1.0000	1.5124	0.1848	0.2238	2.0000	0.9411	0.2186	-1.0000	0.4323	0.4323	-0.0000	1.2819
66.0000	29.0000	Respond Naturally	WaterChestnuts	4.0000	3.0000	4.0000	3	-1.0000	1.2592	0.6373	-0.0116	0.0000	0.6373	0.2063	-1.0000	0.1541	0.1776	-0.0235	0.3195
66.0000	30.0000	Respond Naturally	CannedArtichoke	6.0000	6.0000	5.0000	2	-1.0000	1.2430	0.5708	-0.1727	0.0000	0.5708	0.1562	-1.0000	0.1465	0.1493	-0.0029	0.2684
66.0000	31.0000	Focus on Health	RaisinBran	6.0000	6.0000	5.0000	7	1.0000	1.7817	0.8400	-0.0969	2.0000	1.3443	0.2418	1.0000	0.3405	0.3405	-0.0000	1.0610
66.0000	32.0000	Focus on Health	Shreddies	5.0000	6.0000	3.0000	5	1.0000	1.1592	0.1847	0.0985	1.0000	0.7393	0.3126	-1.0000	0.3194	0.3221	-0.0027	0.8691
66.0000	33.0000	Focus on Health	CheeseNips	5.0000	6.0000	3.0000	5	-1.0000	1.0584	0.5542	-0.0000	0.0000	0.5542	0.1837	-1.0000	0.1748	0.1748	-0.0000	0.2719
66.0000	34.0000	Focus on Health	Orange	6.0000	6.0000	6.0000	1	1.0000	1.1593	0.5205	-0.1825	1.0000	0.6718	0.2792	-1.0000	0.3880	0.3932	-0.0052	0.9519
66.0000	35.0000	Focus on Health	Strawberries	6.0000	6.0000	6.0000	2	1.0000	2.0162	0.5209	0.0000	2.0000	1.3610	0.2340	1.0000	0.3210	0.3224	-0.0014	1.2548
66.0000	36.0000	Focus on Health	ClifBar	6.0000	5.0000	3.0000	2	1.0000	2.1000	0.7557	0.1607	1.0000	1.4615	0.1998	-1.0000	0.5120	0.5120	-0.0000	1.3472
66.0000	37.0000	Focus on Health	HoneyNutCheerios	6.0000	6.0000	1.0000	5	-1.0000	2.7388	0.4035	0.1420	1.0000	0.8908	0.4409	1.0000	0.4410	0.4585	-0.0175	1.2912
66.0000	38.0000	Focus on Health	Cheetos	6.0000	6.0000	1.0000	6	-1.0000	1.1927	0.3695	-0.1062	1.0000	0.6720	0.4333	1.0000	0.3724	0.3724	-0.0000	1.0366
66.0000	39.0000	Focus on Health	RufflesSourCreamOnion	6.0000	6.0000	1.0000	3	-1.0000	1.6629	0.5706	-0.0000	0.0000	0.5706	0.1595	-1.0000	0.2734	0.3139	-0.0405	0.4771
66.0000	40.0000	Focus on Health	GreenGrapes	6.0000	6.0000	6.0000	4	1.0000	1.5116	0.5207	-0.0840	1.0000	0.9575	0.4883	-1.0000	0.4655	0.5004	-0.0350	1.3217
66.0000	41.0000	Respond Naturally	IceCreamVanilla	6.0000	6.0000	2.0000	4	1.0000	1.9820	0.2515	-0.4284	2.0000	1.2092	0.2036	1.0000	0.5014	0.5017	-0.0003	0.9734
66.0000	42.0000	Respond Naturally	Pringles	6.0000	6.0000	1.0000	2	1.0000	2.0491	0.8897	-0.1083	1.0000	1.4946	0.3099	-1.0000	0.6356	0.6399	-0.0043	1.3232
66.0000	43.0000	Respond Naturally	AllBranCereal	6.0000	6.0000	5.0000	2	1.0000	1.7799	0.4031	-0.0500	0.0000	0.4031	0.2156	1.0000	0.0850	0.0850	-0.0000	0.2997
66.0000	44.0000	Respond Naturally	RedPepper	5.0000	5.0000	6.0000	5	-1.0000	1.6130	0.7564	0.0380	2.0000	1.2602	0.2570	-1.0000	0.1502	0.1506	-0.0004	0.6680
66.0000	45.0000	Respond Naturally	SunChips	6.0000	6.0000	1.0000	2	1.0000	1.1587	0.5706	-0.1533	0.0000	0.5706	0.1444	1.0000	0.2550	0.2550	-0.0000	0.3642
66.0000	46.0000	Respond Naturally	MnMPlain	6.0000	6.0000	6.0000	5	1.0000	0.9746	0.4197	0.1026	0.0000	0.4197	0.1544	1.0000	0.1147	0.1312	-0.0165	0.3573
66.0000	47.0000	Respond Naturally	PopTartStrawberry	2.0000	6.0000	2.0000	2	-1.0000	1.3936	0.6878	-0.2466	0.0000	0.6878	0.2442	-1.0000	0.2531	0.2783	-0.0252	0.4829
66.0000	48.0000	Respond Naturally	AppleChips	2.0000	6.0000	5.0000	5	1.0000	2.6039	1.3438	-0.2037	0.0000	1.3438	0.1289	1.0000	0.2027	0.2027	-0.0001	0.3477
66.0000	49.0000	Respond Naturally	Beets	1.0000	2.0000	5.0000	2	-1.0000	1.2261	0.4870	-0.0000	0.0000	0.4870	0.2099	-1.0000	0.0505	0.0844	-0.0339	0.1849
66.0000	50.0000	Respond Naturally	BBQCrisps	6.0000	6.0000	1.0000	2	1.0000	1.1248	0.6040	-0.1509	0.0000	0.6040	0.1816	1.0000	0.2319	0.2319	-0.0000	0.3450
66.0000	51.0000	Focus on Health	BabyFoodCarrots	3.0000	3.0000	4.0000	3	-1.0000	1.7810	0.5206	0.0197	2.0000	1.1762	0.2502	-1.0000	0.3016	0.3016	-0.0000	1.1845
66.0000	52.0000	Focus on Health	CheeseNips	6.0000	5.0000	1.0000	2	-1.0000	1.5113	0.9065	0.1951	0.0000	0.9065	0.2185	-1.0000	0.0454	0.0634	-0.0180	0.1366
66.0000	53.0000	Focus on Health	PCChipCookie	6.0000	6.0000	1.0000	5	-1.0000	0.8740	0.2016	-0.1573	0.0000	0.2016	0.2007	-1.0000	0.1375	0.1380	-0.0004	0.3224
66.0000	54.0000	Focus on Health	FrozenOkra	6.0000	6.0000	5.0000	5	1.0000	2.4187	0.7554	-0.1412	1.0000	1.4443	0.4293	-1.0000	0.2873	0.3158	-0.0285	1.1139
66.0000	55.0000	Focus on Health	WelchsFruitSnacks	3.0000	1.0000	1.0000	3	-1.0000	1.2940	0.3025	-0.4043	0.0000	0.3025	0.1283	-1.0000	0.1174	0.1438	-0.0264	0.4073
66.0000	56.0000	Focus on Health	Cauliflower	6.0000	6.0000	6.0000	6	1.0000	1.9149	0.6045	-0.2739	1.0000	1.2598	0.2776	-1.0000	0.4388	0.4388	-0.0000	0.8527
66.0000	57.0000	Focus on Health	PCChipCookie	6.0000	6.0000	1.0000	2	-1.0000	1.0085	0.4705	-0.0793	0.0000	0.4705	0.1683	-1.0000	0.1566	0.1566	-0.0000	0.3601
66.0000	58.0000	Focus on Health	CoffeeCrisp	6.0000	6.0000	1.0000	3	-1.0000	1.8642	0.5708	0.0625	1.0000	1.1253	0.4612	1.0000	0.5344	0.5545	-0.0200	1.9655
66.0000	59.0000	Focus on Health	MnMPeanuts	6.0000	6.0000	1.0000	4	-1.0000	1.2765	0.1677	-0.0946	0.0000	0.1677	0.1230	-1.0000	0.1202	0.1202	-0.0000	0.3804
66.0000	60.0000	Focus on Health	Onion	6.0000	6.0000	6.0000	4	-1.0000	4.5513	0.5713	0.3749	4.0000	3.7956	0.3483	-1.0000	0.8308	0.8314	-0.0006	1.5628
66.0000	61.0000	Focus on Health	TofuDessert	3.0000	3.0000	4.0000	4	-1.0000	1.6625	0.9567	-0.0182	1.0000	1.1920	0.2824	1.0000	0.3706	0.3706	-0.0000	0.9823
66.0000	62.0000	Focus on Health	AllBranCereal	6.0000	6.0000	5.0000	6	1.0000	1.0919	0.5373	-0.4636	0.0000	0.5373	0.2281	1.0000	0.2261	0.2261	-0.0000	0.3975
66.0000	63.0000	Focus on Health	Shreddies	6.0000	6.0000	3.0000	2	1.0000	1.1086	0.6045	0.1764	0.0000	0.6045	0.2112	1.0000	0.1075	0.1160	-0.0085	0.2031
66.0000	64.0000	Focus on Health	VegetableThins	6.0000	6.0000	4.0000	2	1.0000	0.9913	0.5375	0.1708	0.0000	0.5375	0.1401	1.0000	0.1109	0.1170	-0.0061	0.2019
66.0000	65.0000	Focus on Health	MangoChunks	6.0000	6.0000	6.0000	2	1.0000	1.2256	0.7047	0.5329	0.0000	0.7047	0.2255	1.0000	0.1520	0.1520	-0.0000	0.2893
66.0000	66.0000	Focus on Health	PopTartStrawberry	4.0000	5.0000	4.0000	5	-1.0000	0.9748	0.4205	NA	1.0000	0.5549	0.1187	1.0000	0.1425	0.1425	-0.0000	0.4055
66.0000	67.0000	Focus on Health	FrozenBroccoli	6.0000	6.0000	6.0000	2	1.0000	1.1426	0.3697	0.3423	1.0000	0.6722	0.4483	-1.0000	0.3301	0.3332	-0.0031	1.2835
66.0000	68.0000	Focus on Health	Reese	6.0000	6.0000	1.0000	4	-1.0000	1.2096	0.4369	-0.0000	0.0000	0.4369	0.1953	-1.0000	0.1529	0.1529	-0.0000	0.4278
66.0000	69.0000	Focus on Health	SlimStyles	5.0000	6.0000	4.0000	6	1.0000	2.4352	0.9068	-0.0180	0.0000	0.9068	0.1605	1.0000	0.2317	0.2317	-0.0000	0.5084
66.0000	70.0000	Focus on Health	Spinach	6.0000	5.0000	6.0000	2	1.0000	1.0575	0.6038	0.0000	0.0000	0.6038	0.2088	1.0000	0.2721	0.2727	-0.0006	0.3913
66.0000	71.0000	Respond Naturally	YorkPeppermintPatties	6.0000	6.0000	1.0000	2	1.0000	0.9909	0.5205	-0.2801	0.0000	0.5205	0.1640	1.0000	0.1929	0.1929	-0.0000	0.2810
66.0000	72.0000	Respond Naturally	Broccoli	6.0000	6.0000	6.0000	1	-1.0000	2.4029	0.3695	0.1159	2.0000	1.7308	0.2760	-1.0000	0.6489	0.6489	-0.0000	1.3620
66.0000	73.0000	Respond Naturally	Triscuit	6.0000	5.0000	5.0000	5	1.0000	1.2596	0.5204	0.0000	0.0000	0.5204	0.1521	1.0000	0.2254	0.2366	-0.0112	0.3967
66.0000	74.0000	Respond Naturally	Prunes	4.0000	6.0000	6.0000	5	1.0000	2.1668	1.2595	0.0000	0.0000	1.2595	0.2159	1.0000	0.2150	0.2219	-0.0069	0.3394
66.0000	75.0000	Respond Naturally	Prunes	6.0000	6.0000	5.0000	2	1.0000	1.4619	0.4034	0.0000	0.0000	0.4034	0.1793	1.0000	0.1990	0.1990	-0.0000	0.4336
66.0000	76.0000	Respond Naturally	HoneyNutCheerios	6.0000	6.0000	2.0000	2	1.0000	1.8982	0.6214	-0.0628	1.0000	1.0080	0.3075	-1.0000	0.4398	0.4398	-0.0000	1.2610
66.0000	77.0000	Respond Naturally	Almonds	6.0000	6.0000	6.0000	4	1.0000	1.3776	0.6889	-0.0095	0.0000	0.6889	0.1184	1.0000	0.1761	0.1761	-0.0000	0.2750
66.0000	78.0000	Respond Naturally	NatureValleyChocolate	6.0000	6.0000	4.0000	1	1.0000	1.4276	0.8564	0.2156	0.0000	0.8564	0.2208	1.0000	0.1747	0.1749	-0.0003	0.2797
66.0000	79.0000	Respond Naturally	GreenBeans	6.0000	6.0000	6.0000	4	-1.0000	1.4113	0.2017	-0.3209	1.0000	0.8401	0.1322	1.0000	0.2910	0.3007	-0.0097	0.8314
66.0000	80.0000	Respond Naturally	Spinach	6.0000	5.0000	6.0000	4	-1.0000	1.7136	0.5874	0.1311	0.0000	0.5874	0.1717	-1.0000	0.1130	0.1315	-0.0185	0.2930
66.0000	81.0000	Respond Naturally	Strawberries	6.0000	6.0000	5.0000	3	1.0000	4.8878	0.1007	0.2327	7.0000	4.3166	0.2028	-1.0000	0.4682	0.4736	-0.0054	1.3211
66.0000	82.0000	Respond Naturally	DriedHerring	5.0000	4.0000	4.0000	1	-1.0000	1.3267	0.7386	0.0613	0.0000	0.7386	0.2401	-1.0000	0.2359	0.2359	-0.0000	0.3718
66.0000	83.0000	Respond Naturally	Snickers	6.0000	6.0000	1.0000	3	1.0000	1.0922	0.4030	-0.0206	1.0000	0.5374	0.2638	-1.0000	0.2242	0.2242	-0.0000	0.4253
66.0000	84.0000	Respond Naturally	SlimStyles	5.0000	4.0000	4.0000	2	-1.0000	2.4355	0.8898	-0.0773	0.0000	0.8898	0.2029	-1.0000	0.1852	0.1997	-0.0146	0.5011
66.0000	85.0000	Respond Naturally	Tempeh	4.0000	4.0000	4.0000	2	-1.0000	1.3436	0.7556	0.1116	0.0000	0.7556	0.2581	-1.0000	0.0840	0.1202	-0.0362	-0.2479
66.0000	86.0000	Respond Naturally	RomaineLettuce	6.0000	5.0000	6.0000	2	-1.0000	1.0756	0.4203	0.3646	0.0000	0.4203	0.2417	-1.0000	0.1851	0.1851	-0.0000	0.5154
66.0000	87.0000	Respond Naturally	FrozenPeas	6.0000	6.0000	6.0000	6	-1.0000	1.1757	0.4701	-0.0000	0.0000	0.4701	0.1550	-1.0000	0.1331	0.1516	-0.0185	0.3224
66.0000	88.0000	Respond Naturally	Bananas	6.0000	6.0000	6.0000	3	1.0000	1.3610	0.3360	-0.4202	1.0000	0.7057	0.2655	-1.0000	0.2536	0.2598	-0.0062	0.6602
66.0000	89.0000	Respond Naturally	VegetableThins	6.0000	5.0000	5.0000	5	1.0000	1.0752	0.5039	NA	0.0000	0.5039	0.2273	1.0000	0.1151	0.1151	-0.0000	0.4601
66.0000	90.0000	Respond Naturally	Tuna	6.0000	6.0000	5.0000	4	-1.0000	1.6125	0.5876	-0.0000	1.0000	0.9404	0.1762	1.0000	0.3391	0.3398	-0.0007	1.0442
66.0000	91.0000	Focus on Health	Avocado	6.0000	6.0000	6.0000	5	1.0000	1.2934	0.5037	-0.2603	0.0000	0.5037	0.1198	1.0000	0.1983	0.1983	-0.0000	0.3054
66.0000	92.0000	Focus on Health	PureFit	5.0000	5.0000	4.0000	4	1.0000	3.9302	0.2017	0.0349	2.0000	1.0585	0.1682	1.0000	0.2442	0.2579	-0.0137	1.3863
66.0000	93.0000	Focus on Health	SunChips	6.0000	6.0000	1.0000	4	-1.0000	0.9743	0.4869	0.3413	0.0000	0.4869	0.1425	-1.0000	0.1030	0.1109	-0.0078	0.2105
66.0000	94.0000	Focus on Health	MnMPlain	6.0000	6.0000	1.0000	3	-1.0000	4.5342	0.3359	0.1655	2.0000	1.1760	0.2654	-1.0000	0.9362	0.9363	-0.0001	1.3470
66.0000	95.0000	Focus on Health	SkittlesSour	5.0000	6.0000	1.0000	3	-1.0000	1.2428	0.7723	0.1484	0.0000	0.7723	0.1915	-1.0000	0.0924	0.0977	-0.0053	0.1445
66.0000	96.0000	Focus on Health	CoffeeCrisp	6.0000	6.0000	1.0000	1	-1.0000	1.6129	0.4368	0.2447	0.0000	0.4368	0.1089	-1.0000	0.0564	0.0745	-0.0181	0.2150
66.0000	97.0000	Focus on Health	AllBranBar	6.0000	6.0000	5.0000	1	1.0000	2.2683	0.4708	-0.3078	1.0000	1.4116	0.3781	-1.0000	0.4670	0.5136	-0.0466	1.2550
66.0000	98.0000	Focus on Health	RiceKrispiesCereal	6.0000	6.0000	1.0000	3	1.0000	2.2845	0.5708	-0.2421	2.0000	1.6628	0.4387	1.0000	0.7208	0.7208	-0.0000	1.6145
66.0000	99.0000	Focus on Health	LaysClassic	6.0000	6.0000	1.0000	4	-1.0000	1.2091	0.4364	-0.0606	0.0000	0.4364	0.2363	-1.0000	0.0561	0.1023	-0.0462	0.2795
66.0000	100.0000	Focus on Health	Raspberries	6.0000	6.0000	5.0000	5	1.0000	3.3431	0.7386	-0.0627	2.0000	1.8981	0.3007	1.0000	0.5152	0.5152	-0.0000	1.4568
66.0000	101.0000	Respond Naturally	DriedApricots	6.0000	6.0000	5.0000	2	1.0000	1.1758	0.6382	-0.0933	1.0000	0.7727	0.3087	-1.0000	0.3084	0.3168	-0.0084	0.5191
66.0000	102.0000	Respond Naturally	WelchsFruitSnacks	1.0000	1.0000	1.0000	1	-1.0000	0.9406	0.1176	-0.1910	0.0000	0.1176	0.1556	-1.0000	0.2329	0.2329	-0.0000	0.3764
66.0000	103.0000	Respond Naturally	Doritos	6.0000	6.0000	1.0000	5	1.0000	1.4613	0.5878	-0.0114	0.0000	0.5878	0.2288	1.0000	0.2197	0.2355	-0.0158	0.6496
66.0000	104.0000	Respond Naturally	RaisinBran	6.0000	6.0000	6.0000	3	1.0000	2.6372	0.3864	-0.1513	0.0000	0.3864	0.1237	1.0000	0.1355	0.1395	-0.0039	0.5247
66.0000	105.0000	Respond Naturally	SlicedTurkey	3.0000	3.0000	4.0000	5	-1.0000	1.5124	0.5713	-0.0803	0.0000	0.5713	0.1289	-1.0000	0.1704	0.1732	-0.0029	0.4671
66.0000	106.0000	Respond Naturally	Fritos	6.0000	6.0000	1.0000	2	1.0000	1.1924	0.5876	0.4558	0.0000	0.5876	0.2081	1.0000	0.1075	0.1076	-0.0001	0.2041
66.0000	107.0000	Respond Naturally	Twizzlers	6.0000	6.0000	2.0000	2	1.0000	0.9909	0.4364	-0.2097	0.0000	0.4364	0.2526	1.0000	0.1614	0.1860	-0.0245	0.3880
66.0000	108.0000	Respond Naturally	Butternut	4.0000	5.0000	6.0000	7	-1.0000	1.1940	0.2857	-0.2775	0.0000	0.2857	0.0882	-1.0000	0.2212	0.2223	-0.0011	0.4679
66.0000	109.0000	Respond Naturally	GreenApple	5.0000	6.0000	6.0000	4	1.0000	1.0417	0.2352	0.3112	0.0000	0.2352	0.0981	1.0000	0.1067	0.1161	-0.0094	0.2644
66.0000	110.0000	Respond Naturally	AlmondMilk	6.0000	6.0000	5.0000	2	-1.0000	1.4447	0.1007	0.0514	0.0000	0.1007	0.1281	-1.0000	0.1758	0.1758	-0.0000	0.2787
66.0000	111.0000	Focus on Health	SlicedTurkey	3.0000	4.0000	3.0000	2	-1.0000	1.2097	0.4200	0.1241	0.0000	0.4200	0.1864	-1.0000	0.1303	0.1306	-0.0003	0.3132
66.0000	112.0000	Focus on Health	Mars	6.0000	6.0000	1.0000	2	-1.0000	1.0913	0.6213	0.2153	0.0000	0.6213	0.1744	-1.0000	0.1397	0.1397	-0.0000	0.5803
66.0000	113.0000	Focus on Health	Nutella	6.0000	6.0000	1.0000	4	-1.0000	0.9742	0.4702	0.3184	0.0000	0.4702	0.1971	-1.0000	0.1701	0.1701	-0.0000	0.2550
66.0000	114.0000	Focus on Health	MnMPeanuts	6.0000	6.0000	6.0000	2	-1.0000	1.2933	0.6717	0.1086	0.0000	0.6717	0.2155	-1.0000	0.0846	0.0868	-0.0022	0.1998
66.0000	115.0000	Focus on Health	Smarties	1.0000	1.0000	1.0000	2	-1.0000	0.8905	0.2856	0.1797	0.0000	0.2856	0.1724	-1.0000	0.1263	0.1263	-0.0000	0.2383
66.0000	116.0000	Focus on Health	OatmealSquares	6.0000	6.0000	4.0000	3	1.0000	1.6630	0.1846	0.0000	1.0000	0.7555	0.5348	-1.0000	0.3728	0.4051	-0.0323	1.2877
66.0000	117.0000	Focus on Health	OatBran	5.0000	5.0000	5.0000	4	1.0000	2.0155	0.3860	-0.0117	1.0000	1.4275	0.3570	-1.0000	0.7737	0.7737	-0.0000	1.5405
66.0000	118.0000	Focus on Health	BrusselsSprouts	3.0000	3.0000	5.0000	2	1.0000	2.0161	0.5544	-0.1301	1.0000	1.4281	0.1589	-1.0000	0.6741	0.6741	-0.0000	1.4214
66.0000	119.0000	Focus on Health	Mentos	6.0000	6.0000	1.0000	2	-1.0000	1.2765	0.3863	-0.1025	0.0000	0.3863	0.1832	-1.0000	0.1737	0.1737	-0.0000	0.4052
66.0000	120.0000	Focus on Health	ProMax	5.0000	5.0000	3.0000	4	-1.0000	2.0661	0.5205	0.0630	2.0000	1.6964	0.3252	-1.0000	0.2319	0.2319	-0.0000	1.0467
66.0000	121.0000	Respond Naturally	FrootLoops	6.0000	6.0000	1.0000	6	1.0000	1.2599	0.6048	-0.0519	0.0000	0.6048	0.1648	1.0000	0.1336	0.1336	-0.0000	0.2417
66.0000	122.0000	Respond Naturally	Asparagus	5.0000	5.0000	6.0000	6	-1.0000	1.0589	0.4537	0.0307	0.0000	0.4537	0.2128	-1.0000	0.1247	0.1247	-0.0000	0.1876
66.0000	123.0000	Respond Naturally	Smarties	1.0000	1.0000	1.0000	5	-1.0000	1.6293	0.5373	-0.1823	0.0000	0.5373	0.1536	-1.0000	0.1390	0.1391	-0.0001	0.3312
66.0000	124.0000	Respond Naturally	BBQCrisps	6.0000	6.0000	1.0000	6	1.0000	1.4113	0.5710	-0.0048	1.0000	0.8063	0.1967	-1.0000	0.2207	0.2249	-0.0042	0.8137
66.0000	125.0000	Respond Naturally	KashiBars	6.0000	6.0000	5.0000	1	1.0000	1.5614	0.6379	0.0242	0.0000	0.6379	0.3313	1.0000	0.1507	0.1508	-0.0001	0.3272
66.0000	126.0000	Respond Naturally	Caramilk	6.0000	6.0000	3.0000	2	1.0000	1.2266	0.4870	0.0786	0.0000	0.4870	0.1606	1.0000	0.0883	0.0934	-0.0051	0.1697
66.0000	127.0000	Respond Naturally	NatureValleyChocolate	6.0000	6.0000	5.0000	4	1.0000	1.1255	0.1343	-0.1316	1.0000	0.6211	0.1594	-1.0000	0.1693	0.1819	-0.0126	0.3477
66.0000	128.0000	Respond Naturally	TofuDessert	3.0000	4.0000	4.0000	2	-1.0000	0.9741	0.5876	0.1708	0.0000	0.5876	0.2032	-1.0000	0.1193	0.1202	-0.0009	0.1990
66.0000	129.0000	Respond Naturally	Cheerios	6.0000	6.0000	5.0000	2	1.0000	1.4277	0.4534	-0.1366	1.0000	0.6550	0.2580	-1.0000	0.1681	0.2160	-0.0479	0.6733
66.0000	130.0000	Respond Naturally	FrootLoops	6.0000	6.0000	1.0000	2	1.0000	0.8905	0.4200	0.0128	0.0000	0.4200	0.2139	1.0000	0.0536	0.0678	-0.0143	0.1351
66.0000	131.0000	Focus on Health	YorkPeppermintPatties	6.0000	6.0000	1.0000	4	-1.0000	1.1753	0.5705	0.0864	0.0000	0.5705	0.2142	-1.0000	0.3078	0.3078	-0.0000	0.4786
66.0000	132.0000	Focus on Health	GreenPepper	5.0000	5.0000	6.0000	6	1.0000	2.0826	0.3356	-0.0036	1.0000	0.8565	0.3945	-1.0000	0.5510	0.5845	-0.0335	1.4712
66.0000	133.0000	Focus on Health	Raspberries	6.0000	6.0000	5.0000	4	1.0000	1.9153	0.9744	0.0000	0.0000	0.9744	0.2318	1.0000	0.1973	0.1973	-0.0000	0.4199
66.0000	134.0000	Focus on Health	FrozenBroccoli	6.0000	6.0000	5.0000	6	1.0000	1.0085	0.4370	0.0033	1.0000	0.5884	0.3010	-1.0000	0.2449	0.2449	-0.0000	0.4347
66.0000	135.0000	Focus on Health	Broccoli	5.0000	5.0000	6.0000	4	1.0000	1.0582	0.3525	-0.1286	0.0000	0.3525	0.2508	1.0000	0.1737	0.1955	-0.0218	0.4444
66.0000	136.0000	Focus on Health	KashiBars	6.0000	6.0000	5.0000	4	1.0000	4.2814	1.9636	-0.1064	0.0000	1.9636	0.1793	1.0000	0.2512	0.2519	-0.0007	0.3236
66.0000	137.0000	Focus on Health	SkimMilk	6.0000	6.0000	6.0000	4	1.0000	1.3438	0.5876	-0.3514	1.0000	0.8060	0.2751	-1.0000	0.2026	0.2026	-0.0000	0.4720
66.0000	138.0000	Focus on Health	ClamJuice	3.0000	3.0000	5.0000	1	-1.0000	4.6537	0.5035	0.1852	4.0000	4.2171	0.3695	-1.0000	0.4475	0.4604	-0.0129	1.4656
66.0000	139.0000	Focus on Health	Celery	3.0000	3.0000	6.0000	4	1.0000	1.3938	1.0071	-0.1493	0.0000	1.0071	0.2385	1.0000	0.2779	0.2791	-0.0012	0.4070
66.0000	140.0000	Focus on Health	BrusselsSprouts	3.0000	1.0000	4.0000	4	1.0000	1.8637	1.0909	-0.0798	0.0000	1.0909	0.2622	1.0000	0.1292	0.1292	-0.0000	0.2624
66.0000	141.0000	Respond Naturally	Snickers	6.0000	6.0000	1.0000	2	1.0000	0.8066	0.2857	-0.2144	0.0000	0.2857	0.2120	1.0000	0.0955	0.0957	-0.0001	0.2524
66.0000	142.0000	Respond Naturally	OikosYogurt	4.0000	4.0000	3.0000	6	-1.0000	1.2266	0.1512	-0.6971	1.0000	0.4872	0.2702	1.0000	0.3102	0.3231	-0.0129	0.8587
66.0000	143.0000	Respond Naturally	Skittles	6.0000	6.0000	1.0000	6	1.0000	0.8732	0.2684	0.2523	0.0000	0.2684	0.1669	1.0000	0.1245	0.1245	-0.0000	0.2884
66.0000	144.0000	Respond Naturally	Pringles	6.0000	6.0000	1.0000	5	1.0000	1.1586	0.3526	-0.2244	0.0000	0.3526	0.2019	1.0000	0.1661	0.2006	-0.0346	0.5481
66.0000	145.0000	Respond Naturally	SevenGrain	6.0000	6.0000	4.0000	3	1.0000	1.2938	0.3193	-0.0071	0.0000	0.3193	0.1382	1.0000	0.1629	0.1629	-0.0000	0.3152
66.0000	146.0000	Respond Naturally	AppleChips	6.0000	5.0000	4.0000	2	1.0000	1.1758	0.3359	-0.1726	0.0000	0.3359	0.2645	1.0000	0.1626	0.1679	-0.0053	0.3816
66.0000	147.0000	Respond Naturally	ProMax	6.0000	6.0000	1.0000	2	1.0000	2.9892	0.3360	-0.0877	0.0000	0.3360	0.2151	1.0000	0.0396	0.0396	-0.0000	0.3104
66.0000	148.0000	Respond Naturally	VanillaGreekYogurt	4.0000	4.0000	5.0000	4	-1.0000	0.9244	0.3359	0.1161	1.0000	0.5209	0.2421	1.0000	0.1970	0.1970	-0.0000	0.3580
66.0000	149.0000	Respond Naturally	Fritos	6.0000	6.0000	1.0000	5	1.0000	1.6307	0.3533	0.5690	0.0000	0.3533	0.1085	1.0000	0.0801	0.0931	-0.0130	0.4118
66.0000	150.0000	Respond Naturally	Twizzlers	6.0000	6.0000	1.0000	4	1.0000	0.9244	0.3193	0.0125	0.0000	0.3193	0.1425	1.0000	0.2008	0.2097	-0.0088	0.4106
66.0000	151.0000	Focus on Health	Mars	6.0000	6.0000	1.0000	4	-1.0000	1.3605	0.3523	0.0469	1.0000	0.6717	0.3603	1.0000	0.5625	0.5625	-0.0000	1.6499
66.0000	152.0000	Focus on Health	RitzCrackers	6.0000	6.0000	1.0000	5	-1.0000	1.2765	0.3860	-0.1129	1.0000	0.5876	0.2422	1.0000	0.3860	0.3887	-0.0026	1.2581
66.0000	153.0000	Focus on Health	Cheetos	6.0000	6.0000	1.0000	3	-1.0000	1.1092	0.2687	0.1997	0.0000	0.2687	0.1839	-1.0000	0.2516	0.2762	-0.0247	0.6335
66.0000	154.0000	Focus on Health	CannedArtichoke	2.0000	1.0000	5.0000	5	1.0000	1.7802	0.3695	-0.0275	1.0000	1.2932	0.3455	-1.0000	0.7444	0.7444	-0.0000	1.3326
66.0000	155.0000	Focus on Health	BabyFoodSweetPotatos	2.0000	3.0000	5.0000	2	-1.0000	1.8473	0.4194	-0.0000	2.0000	1.2426	0.2332	-1.0000	0.1717	0.1717	-0.0000	0.4512
66.0000	156.0000	Focus on Health	OatmealSquares	6.0000	5.0000	5.0000	7	-1.0000	1.2431	0.5545	-0.0612	0.0000	0.5545	0.1574	-1.0000	0.2742	0.2742	-0.0000	0.7316
66.0000	157.0000	Focus on Health	FrozenPeaches	6.0000	6.0000	6.0000	2	1.0000	0.9578	0.4200	0.0000	0.0000	0.4200	0.2377	1.0000	0.1796	0.2009	-0.0213	0.3926
66.0000	158.0000	Focus on Health	Tuna	6.0000	6.0000	5.0000	2	1.0000	1.6465	0.2014	0.3912	1.0000	1.1762	0.3829	-1.0000	0.7017	0.7017	-0.0000	1.4600
66.0000	159.0000	Focus on Health	MangoChunks	6.0000	6.0000	6.0000	5	1.0000	0.9572	0.4533	-0.1445	0.0000	0.4533	0.3519	1.0000	0.4165	0.4165	-0.0000	0.7213
66.0000	160.0000	Focus on Health	EnglishCucumber	6.0000	6.0000	6.0000	2	1.0000	0.8563	0.4366	0.1243	0.0000	0.4366	0.3242	1.0000	0.2764	0.2764	-0.0000	0.4711
66.0000	161.0000	Respond Naturally	WaterChestnuts	3.0000	4.0000	3.0000	5	-1.0000	1.2096	0.5542	0.1653	0.0000	0.5542	0.1578	-1.0000	0.2343	0.2343	-0.0000	0.3902
66.0000	162.0000	Respond Naturally	ClamJuice	6.0000	3.0000	4.0000	3	-1.0000	1.0579	0.6047	0.2477	0.0000	0.6047	0.2059	-1.0000	0.1853	0.1853	-0.0000	0.2880
66.0000	163.0000	Respond Naturally	FrozenBlueberries	6.0000	6.0000	5.0000	1	-1.0000	2.9892	0.2855	0.0273	2.0000	1.1424	0.4482	-1.0000	0.2615	0.2765	-0.0151	1.4294
66.0000	164.0000	Respond Naturally	Starburst	2.0000	1.0000	1.0000	6	-1.0000	1.5441	0.2682	0.0876	2.0000	0.8726	0.2271	-1.0000	0.4265	0.4265	-0.0000	1.2189
66.0000	165.0000	Respond Naturally	OatBran	6.0000	6.0000	4.0000	2	-1.0000	3.7967	0.4200	-0.0550	2.0000	2.9898	0.3965	-1.0000	0.1961	0.2193	-0.0231	1.2237
66.0000	166.0000	Respond Naturally	Aero	6.0000	6.0000	1.0000	1	1.0000	1.1079	0.3855	-0.0045	0.0000	0.3855	0.1861	1.0000	0.1367	0.1367	-0.0000	0.2882
66.0000	167.0000	Respond Naturally	Cauliflower	6.0000	6.0000	5.0000	2	1.0000	1.6975	0.4873	0.0000	1.0000	0.9413	0.3827	-1.0000	0.2345	0.2972	-0.0627	1.0479
66.0000	168.0000	Respond Naturally	Mackerel	4.0000	5.0000	4.0000	3	-1.0000	1.1932	0.5042	-0.5228	0.0000	0.5042	0.1491	-1.0000	0.2198	0.2310	-0.0112	0.5743
66.0000	169.0000	Respond Naturally	Orange	6.0000	6.0000	6.0000	5	1.0000	1.3443	0.2687	0.0000	0.0000	0.2687	0.1391	1.0000	0.1092	0.1092	-0.0000	0.2041
66.0000	170.0000	Respond Naturally	CornFlakes	6.0000	6.0000	1.0000	3	1.0000	1.1256	0.6048	0.2045	0.0000	0.6048	0.1666	1.0000	0.0998	0.0998	-0.0000	0.2126
66.0000	171.0000	Focus on Health	FrozenPeaches	6.0000	6.0000	5.0000	5	1.0000	1.2442	0.3194	0.0686	0.0000	0.3194	0.2104	1.0000	0.0840	0.1148	-0.0308	0.3280
66.0000	172.0000	Focus on Health	Asparagus	6.0000	6.0000	6.0000	3	1.0000	1.5791	0.3696	-0.0162	1.0000	0.7225	0.4308	-1.0000	0.2095	0.2811	-0.0716	1.0156
66.0000	173.0000	Focus on Health	Celery	2.0000	3.0000	6.0000	2	-1.0000	1.0923	0.3362	0.1035	1.0000	0.5714	0.2416	1.0000	0.2084	0.2091	-0.0007	0.4512
66.0000	174.0000	Focus on Health	IceCreamChocolate	6.0000	6.0000	1.0000	4	-1.0000	1.3774	0.3191	-0.0272	1.0000	0.6718	0.6151	1.0000	0.3931	0.4388	-0.0457	1.2610
66.0000	175.0000	Focus on Health	PureFit	4.0000	4.0000	5.0000	2	1.0000	9.6870	2.2154	0.1456	5.0000	6.3628	0.2205	-1.0000	0.4027	0.4027	-0.0000	0.7554
66.0000	176.0000	Focus on Health	Mackerel	4.0000	5.0000	4.0000	1	-1.0000	1.2930	0.4698	0.1382	0.0000	0.4698	0.2576	-1.0000	0.1237	0.1336	-0.0099	0.3476
66.0000	177.0000	Focus on Health	FrozenCorn	6.0000	6.0000	6.0000	4	1.0000	1.0418	0.3359	0.0385	0.0000	0.3359	0.1407	1.0000	0.0956	0.0972	-0.0016	0.1868
66.0000	178.0000	Focus on Health	AllBranBar	6.0000	6.0000	4.0000	3	1.0000	2.4527	0.6885	-0.1135	2.0000	1.7640	0.3505	1.0000	0.5507	0.5522	-0.0015	1.5028
66.0000	179.0000	Focus on Health	GreenApple	5.0000	6.0000	6.0000	2	1.0000	1.0581	0.4698	-0.1153	0.0000	0.4698	0.1725	1.0000	0.2311	0.2335	-0.0024	0.3690
66.0000	180.0000	Focus on Health	Nutella	6.0000	6.0000	1.0000	1	-1.0000	0.8901	0.2687	-0.0945	0.0000	0.2687	0.2734	-1.0000	0.2278	0.2278	-0.0000	0.4152
66.0000	181.0000	Respond Naturally	Bananas	6.0000	6.0000	6.0000	2	1.0000	1.3775	0.3861	-0.1916	0.0000	0.3861	0.2864	1.0000	0.2522	0.2814	-0.0292	0.6856
66.0000	182.0000	Respond Naturally	VanillaGreekYogurt	3.0000	3.0000	3.0000	2	-1.0000	1.2769	0.5208	0.0658	0.0000	0.5208	0.1533	-1.0000	0.1056	0.1094	-0.0038	0.2411
66.0000	183.0000	Respond Naturally	DriedApricots	5.0000	6.0000	5.0000	5	1.0000	0.9580	0.2520	0.0029	1.0000	0.5041	0.1830	-1.0000	0.2075	0.2092	-0.0017	0.5035
66.0000	184.0000	Respond Naturally	RufflesSourCreamOnion	6.0000	6.0000	1.0000	5	1.0000	1.1757	0.3695	-0.0981	1.0000	0.5706	0.2524	-1.0000	0.2509	0.2528	-0.0018	0.6438
66.0000	185.0000	Respond Naturally	Onion	5.0000	6.0000	6.0000	2	-1.0000	1.2436	0.4031	-0.0815	0.0000	0.4031	0.1716	-1.0000	0.0583	0.1188	-0.0605	-0.3384
66.0000	186.0000	Respond Naturally	Cheerios	6.0000	6.0000	5.0000	5	1.0000	1.3609	0.3694	0.0775	1.0000	0.7224	0.3177	-1.0000	0.3665	0.3714	-0.0049	1.1773
66.0000	187.0000	Respond Naturally	DriedHerring	4.0000	4.0000	4.0000	3	-1.0000	1.5617	0.4532	-0.1138	0.0000	0.4532	0.2479	-1.0000	0.1156	0.1331	-0.0175	0.3237
66.0000	188.0000	Respond Naturally	Beets	3.0000	1.0000	4.0000	5	-1.0000	1.1420	0.4701	-0.1509	0.0000	0.4701	0.2146	-1.0000	0.0854	0.1220	-0.0367	0.2602
66.0000	189.0000	Respond Naturally	AlmondMilk	6.0000	5.0000	4.0000	4	1.0000	2.3176	0.4364	-0.2193	0.0000	0.4364	0.1361	1.0000	0.1652	0.1652	-0.0000	0.3768
66.0000	190.0000	Respond Naturally	Almonds	6.0000	6.0000	4.0000	2	1.0000	1.3607	0.1174	0.0232	1.0000	0.6550	0.1544	-1.0000	0.2275	0.2346	-0.0071	0.6339
66.0000	191.0000	Focus on Health	Tempeh	4.0000	4.0000	4.0000	4	-1.0000	1.4780	0.7725	0.0294	0.0000	0.7725	0.2663	-1.0000	0.2420	0.2518	-0.0098	0.7096
66.0000	192.0000	Focus on Health	OikosYogurt	1.0000	4.0000	4.0000	3	-1.0000	0.9240	0.3695	0.1612	0.0000	0.3695	0.2031	-1.0000	0.2568	0.2568	-0.0000	0.4692
66.0000	193.0000	Focus on Health	Caramilk	6.0000	6.0000	1.0000	5	-1.0000	1.3439	0.2182	0.0713	2.0000	0.8065	0.1889	-1.0000	0.3042	0.3075	-0.0033	1.0565
66.0000	194.0000	Focus on Health	SpeltCakes	6.0000	5.0000	3.0000	2	1.0000	1.5958	0.4700	0.0000	1.0000	0.8733	0.4617	-1.0000	0.3740	0.3740	-0.0000	1.1213
66.0000	195.0000	Focus on Health	SevenGrain	6.0000	5.0000	5.0000	1	1.0000	1.2598	0.4868	-0.1027	0.0000	0.4868	0.2308	1.0000	0.1582	0.1582	-0.0000	0.2505
66.0000	196.0000	Focus on Health	IceCreamVanilla	6.0000	6.0000	1.0000	1	1.0000	2.4527	0.3362	0.0017	2.0000	1.1762	0.2271	1.0000	0.3027	0.3119	-0.0092	1.1046
66.0000	197.0000	Focus on Health	RiceKrispiesCereal	6.0000	6.0000	1.0000	7	-1.0000	1.4785	0.2686	-0.0979	0.0000	0.2686	0.1338	-1.0000	0.1725	0.1781	-0.0056	0.4104
66.0000	198.0000	Focus on Health	FrozenOkra	6.0000	6.0000	5.0000	2	1.0000	1.2600	0.4198	0.0915	1.0000	0.6551	0.1733	-1.0000	0.2441	0.2518	-0.0077	0.6495
66.0000	199.0000	Focus on Health	Avocado	6.0000	6.0000	6.0000	2	1.0000	2.0825	1.0073	0.0906	0.0000	1.0073	0.3153	1.0000	0.1486	0.1522	-0.0036	0.2981
66.0000	200.0000	Focus on Health	Reese	6.0000	6.0000	1.0000	1	-1.0000	1.7979	0.4201	0.1383	2.0000	1.1426	0.2312	-1.0000	0.5515	0.5515	-0.0000	1.3734
