Subject	Trial	Instruction	Food	Liking	Taste	Health	Amount	Choice	ChoiceRT	FirstDevTimeChoice	InitAngleChoice	NumChangeMindChoice	FinalDevTimeChoice	MaxVelocityChoice	DrxFirstDevChoice	TotalAUCChoice	AUCtoNonChosenChoice	AUCtoChosenChoice	MaxDevChoice
45.0000	1.0000	Decrease Desire	LaysClassic	4.0000	6.0000	2.0000	3	-1.0000	2.8895	1.4274	-0.4485	1.0000	1.6963	0.3565	1.0000	0.4045	0.4439	-0.0393	1.4741
45.0000	2.0000	Decrease Desire	Tempeh	3.0000	5.0000	4.0000	2	1.0000	3.2244	2.0819	-0.1881	0.0000	2.0819	0.1967	1.0000	0.3675	0.3675	-0.0000	0.5376
45.0000	3.0000	Decrease Desire	Snickers	4.0000	5.0000	3.0000	2	-1.0000	1.5458	0.7391	-0.1147	1.0000	0.9744	0.3331	1.0000	0.4248	0.4248	-0.0000	1.9407
45.0000	4.0000	Decrease Desire	EnglishCucumber	4.0000	5.0000	6.0000	5	1.0000	1.4440	0.8896	0.1002	0.0000	0.8896	0.1951	1.0000	0.1784	0.1976	-0.0191	0.3817
45.0000	5.0000	Decrease Desire	VanillaGreekYogurt	4.0000	4.0000	5.0000	4	1.0000	1.7982	0.7394	-0.0266	1.0000	0.9411	0.2626	-1.0000	0.3787	0.3787	-0.0000	1.1433
45.0000	6.0000	Decrease Desire	Pringles	5.0000	6.0000	1.0000	2	-1.0000	1.5448	0.9568	0.1529	0.0000	0.9568	0.2491	-1.0000	0.1606	0.1756	-0.0150	0.2799
45.0000	7.0000	Decrease Desire	GreenPepper	3.0000	2.0000	4.0000	2	-1.0000	1.3939	0.6210	0.0173	1.0000	0.7890	0.2048	1.0000	0.0972	0.1462	-0.0489	0.6098
45.0000	8.0000	Decrease Desire	CornFlakes	5.0000	2.0000	1.0000	6	-1.0000	1.2429	0.6884	-0.0027	0.0000	0.6884	0.1805	-1.0000	0.1532	0.1532	-0.0000	0.2458
45.0000	9.0000	Decrease Desire	YorkPeppermintPatties	3.0000	1.0000	1.0000	2	-1.0000	1.1761	0.5545	0.5536	1.0000	0.7393	0.1386	1.0000	0.1930	0.1930	-0.0000	0.5643
45.0000	10.0000	Decrease Desire	Snickers	4.0000	4.0000	2.0000	3	-1.0000	1.1090	0.6385	-0.1287	0.0000	0.6385	0.1508	-1.0000	0.1730	0.1730	-0.0000	0.3444
45.0000	11.0000	Respond Naturally	GreenBeans	1.0000	3.0000	5.0000	4	-1.0000	1.4620	0.3192	0.1935	1.0000	0.8402	0.2817	1.0000	0.5838	0.5838	-0.0000	1.5212
45.0000	12.0000	Respond Naturally	AppleChips	3.0000	5.0000	3.0000	2	-1.0000	1.8477	0.7388	-0.2178	0.0000	0.7388	0.2193	-1.0000	0.1352	0.1352	-0.0000	0.2727
45.0000	13.0000	Respond Naturally	SunChips	4.0000	4.0000	2.0000	4	1.0000	0.9409	0.3528	0.0000	0.0000	0.3528	0.3136	1.0000	0.0045	0.0593	-0.0549	-0.2448
45.0000	14.0000	Respond Naturally	BBQCrisps	4.0000	4.0000	3.0000	2	1.0000	1.3771	0.8563	-0.0009	0.0000	0.8563	0.2573	1.0000	0.1361	0.1511	-0.0150	0.2303
45.0000	15.0000	Respond Naturally	RiceKrispiesCereal	4.0000	5.0000	5.0000	3	-1.0000	1.4952	0.6551	-0.0000	0.0000	0.6551	0.2473	-1.0000	0.0652	0.0897	-0.0246	0.2049
45.0000	16.0000	Respond Naturally	Smartfood	4.0000	6.0000	3.0000	2	1.0000	1.3604	0.7387	-0.3106	0.0000	0.7387	0.2349	1.0000	0.2436	0.2436	-0.0000	0.3404
45.0000	17.0000	Respond Naturally	MnMPeanuts	4.0000	4.0000	3.0000	2	1.0000	0.9907	0.4364	-0.0506	0.0000	0.4364	0.3271	1.0000	0.0141	0.0844	-0.0703	-0.2597
45.0000	18.0000	Respond Naturally	Cheerios	6.0000	5.0000	5.0000	5	-1.0000	1.6971	0.5712	0.0782	1.0000	0.7393	0.3590	1.0000	0.4631	0.5407	-0.0776	1.7659
45.0000	19.0000	Respond Naturally	Broccoli	1.0000	1.0000	6.0000	4	-1.0000	0.9230	0.5207	0.2349	0.0000	0.5207	0.2424	-1.0000	0.1097	0.1107	-0.0010	0.1914
45.0000	20.0000	Respond Naturally	Pringles	6.0000	5.0000	2.0000	5	1.0000	1.0747	0.4866	-0.1836	0.0000	0.4866	0.2375	1.0000	0.0824	0.1172	-0.0348	0.2422
45.0000	21.0000	Respond Naturally	RitzCrackers	5.0000	5.0000	2.0000	5	1.0000	1.0921	0.5712	-0.1539	0.0000	0.5712	0.2131	1.0000	0.0893	0.1131	-0.0238	0.2833
45.0000	22.0000	Respond Naturally	RitzCrackers	4.0000	5.0000	2.0000	2	1.0000	1.2097	0.6216	-0.2893	0.0000	0.6216	0.3004	1.0000	0.1272	0.1406	-0.0133	0.2421
45.0000	23.0000	Respond Naturally	MnMPeanuts	5.0000	6.0000	3.0000	4	1.0000	1.0411	0.5371	-0.0082	0.0000	0.5371	0.3497	1.0000	0.0788	0.0930	-0.0142	0.1707
45.0000	24.0000	Respond Naturally	Orange	5.0000	6.0000	4.0000	1	1.0000	0.9571	0.5203	-0.0766	0.0000	0.5203	0.3133	1.0000	0.1096	0.1096	-0.0000	0.1915
45.0000	25.0000	Respond Naturally	ProMax	1.0000	4.0000	2.0000	4	1.0000	0.9574	0.4535	-0.2584	0.0000	0.4535	0.2200	1.0000	0.1291	0.1443	-0.0152	0.2782
45.0000	26.0000	Respond Naturally	FrozenPeas	6.0000	6.0000	6.0000	6	-1.0000	1.1763	0.3528	0.0058	0.0000	0.3528	0.2957	-1.0000	-0.0006	0.0317	-0.0323	-0.1284
45.0000	27.0000	Respond Naturally	SlimStyles	1.0000	4.0000	4.0000	6	-1.0000	1.0921	0.4872	-0.3941	0.0000	0.4872	0.2113	-1.0000	0.0419	0.0711	-0.0292	0.1510
45.0000	28.0000	Respond Naturally	DriedApricots	4.0000	4.0000	5.0000	5	-1.0000	1.1252	0.5038	0.1817	0.0000	0.5038	0.1766	-1.0000	0.0262	0.0365	-0.0104	0.0849
45.0000	29.0000	Respond Naturally	BrusselsSprouts	1.0000	2.0000	5.0000	4	-1.0000	1.0580	0.5036	0.0181	0.0000	0.5036	0.2389	-1.0000	0.0257	0.0468	-0.0211	0.0901
45.0000	30.0000	Respond Naturally	BabyFoodSweetPotatos	3.0000	5.0000	4.0000	5	-1.0000	1.2262	0.5876	0.0041	0.0000	0.5876	0.1464	-1.0000	0.1748	0.1748	-0.0000	0.2649
45.0000	31.0000	Decrease Desire	SpeltCakes	3.0000	5.0000	2.0000	5	-1.0000	0.7056	0.1513	0.6396	0.0000	0.1513	0.3948	1.0000	0.0141	0.0159	-0.0018	0.0956
45.0000	32.0000	Decrease Desire	BabyFoodSweetPotatos	4.0000	5.0000	4.0000	2	-1.0000	0.6383	0.1512	0.5201	0.0000	0.1512	0.1374	-1.0000	0.0259	0.0329	-0.0070	0.1074
45.0000	33.0000	Decrease Desire	Almonds	4.0000	4.0000	4.0000	2	-1.0000	0.6386	0.1681	0.0112	0.0000	0.1681	0.1472	-1.0000	0.1624	0.1624	-0.0000	0.4166
45.0000	34.0000	Decrease Desire	CornFlakes	6.0000	4.0000	5.0000	3	-1.0000	0.7058	0.2017	0.2796	0.0000	0.2017	0.2121	-1.0000	0.1061	0.1061	-0.0000	0.1828
45.0000	35.0000	Decrease Desire	GreenBeans	5.0000	1.0000	4.0000	2	-1.0000	0.8737	0.2688	0.4765	0.0000	0.2688	0.2270	-1.0000	0.0875	0.0875	-0.0000	0.3417
45.0000	36.0000	Decrease Desire	Smarties	5.0000	5.0000	1.0000	5	-1.0000	0.8061	0.1680	-0.1127	0.0000	0.1680	0.3410	-1.0000	-0.0287	0.0430	-0.0716	-0.1767
45.0000	37.0000	Decrease Desire	Mentos	6.0000	4.0000	5.0000	2	-1.0000	0.9405	0.2184	-0.1929	0.0000	0.2184	0.1364	-1.0000	0.0650	0.0784	-0.0133	0.2369
45.0000	38.0000	Decrease Desire	SevenGrain	6.0000	5.0000	5.0000	3	-1.0000	0.8229	0.2016	0.3014	0.0000	0.2016	0.1153	-1.0000	0.0843	0.0843	-0.0000	0.1669
45.0000	39.0000	Decrease Desire	Almonds	4.0000	5.0000	5.0000	4	-1.0000	0.8569	0.1681	-0.1103	0.0000	0.1681	0.0951	-1.0000	0.1002	0.1004	-0.0002	0.2196
45.0000	40.0000	Decrease Desire	Shreddies	4.0000	6.0000	6.0000	5	-1.0000	1.0244	0.2182	0.3511	0.0000	0.2182	0.1333	-1.0000	0.0693	0.0708	-0.0014	0.2006
45.0000	41.0000	Respond Naturally	BabyFoodCarrots	3.0000	3.0000	4.0000	3	-1.0000	1.4787	0.3193	-0.0543	1.0000	0.6050	0.2204	1.0000	0.1855	0.2464	-0.0609	1.0270
45.0000	42.0000	Respond Naturally	GreenApple	6.0000	6.0000	4.0000	2	1.0000	1.0247	0.5375	0.0182	0.0000	0.5375	0.1986	1.0000	0.1834	0.1834	-0.0000	0.3530
45.0000	43.0000	Respond Naturally	FrozenOkra	1.0000	1.0000	3.0000	2	-1.0000	1.1254	0.6045	0.1546	0.0000	0.6045	0.3095	-1.0000	0.1258	0.1671	-0.0413	0.2959
45.0000	44.0000	Respond Naturally	Smartfood	4.0000	4.0000	1.0000	4	1.0000	1.2600	0.6719	-0.2537	0.0000	0.6719	0.4309	1.0000	0.2920	0.3269	-0.0349	0.6244
45.0000	45.0000	Respond Naturally	IceCreamChocolate	6.0000	4.0000	4.0000	1	1.0000	1.1080	0.6211	0.1369	0.0000	0.6211	0.1851	1.0000	0.1513	0.1584	-0.0071	0.2484
45.0000	46.0000	Respond Naturally	Fritos	6.0000	4.0000	3.0000	2	1.0000	1.0415	0.5203	0.3932	0.0000	0.5203	0.1481	1.0000	0.1353	0.1353	-0.0000	0.2370
45.0000	47.0000	Respond Naturally	FrozenOkra	1.0000	2.0000	5.0000	5	-1.0000	0.9073	0.3360	-0.2809	0.0000	0.3360	0.1483	-1.0000	0.1791	0.1841	-0.0050	0.3468
45.0000	48.0000	Respond Naturally	LaysClassic	6.0000	4.0000	2.0000	4	1.0000	0.9409	0.2520	0.0000	0.0000	0.2520	0.3133	1.0000	0.0176	0.0688	-0.0512	-0.2285
45.0000	49.0000	Respond Naturally	TofuDessert	5.0000	2.0000	4.0000	2	-1.0000	1.1256	0.5206	-0.1302	0.0000	0.5206	0.2344	-1.0000	0.0767	0.1719	-0.0952	0.4591
45.0000	50.0000	Respond Naturally	RufflesSourCreamOnion	4.0000	4.0000	2.0000	3	1.0000	1.0750	0.6045	0.1837	0.0000	0.6045	0.1889	1.0000	0.1018	0.1114	-0.0097	0.1849
45.0000	51.0000	Decrease Desire	Tempeh	4.0000	1.0000	5.0000	4	-1.0000	0.9408	0.2350	-0.0539	0.0000	0.2350	0.2023	-1.0000	-0.0595	0.0541	-0.1136	-0.5348
45.0000	52.0000	Decrease Desire	OatmealSquares	5.0000	4.0000	4.0000	3	-1.0000	0.7891	0.1509	0.0891	0.0000	0.1509	0.1455	-1.0000	0.0383	0.0435	-0.0051	0.1437
45.0000	53.0000	Decrease Desire	Butternut	6.0000	4.0000	6.0000	7	-1.0000	1.4960	0.1512	-0.0892	0.0000	0.1512	0.1535	-1.0000	0.0540	0.0588	-0.0048	0.1673
45.0000	54.0000	Decrease Desire	Spinach	1.0000	2.0000	6.0000	2	-1.0000	0.8567	0.1677	-0.0620	0.0000	0.1677	0.1652	-1.0000	0.0820	0.0824	-0.0004	0.2338
45.0000	55.0000	Decrease Desire	Fritos	4.0000	5.0000	1.0000	5	-1.0000	0.8734	0.3022	-0.0212	0.0000	0.3022	0.1713	-1.0000	0.0862	0.0876	-0.0013	0.1796
45.0000	56.0000	Decrease Desire	IceCreamVanilla	6.0000	6.0000	1.0000	4	-1.0000	1.0244	0.2521	0.9134	0.0000	0.2521	0.1900	-1.0000	0.0257	0.0916	-0.0659	0.3708
45.0000	57.0000	Decrease Desire	WelchsFruitSnacks	4.0000	4.0000	3.0000	1	-1.0000	0.7726	0.1677	-0.2541	0.0000	0.1677	0.1296	-1.0000	0.0796	0.0796	-0.0000	0.1755
45.0000	58.0000	Decrease Desire	RomaineLettuce	6.0000	6.0000	6.0000	2	1.0000	1.1926	0.1513	0.2795	1.0000	0.5038	0.3269	-1.0000	0.5462	0.5462	-0.0000	1.4928
45.0000	59.0000	Decrease Desire	Skittles	4.0000	5.0000	2.0000	3	-1.0000	0.8068	0.2521	0.2683	0.0000	0.2521	0.1540	-1.0000	0.1325	0.1326	-0.0000	0.2748
45.0000	60.0000	Decrease Desire	Nutella	1.0000	1.0000	1.0000	4	-1.0000	0.6386	0.1513	0.0305	0.0000	0.1513	0.2248	-1.0000	0.0623	0.0734	-0.0110	0.2450
45.0000	61.0000	Decrease Desire	GreenApple	6.0000	5.0000	5.0000	4	1.0000	1.1426	0.2352	-0.2119	1.0000	0.5040	0.2773	-1.0000	0.3639	0.3667	-0.0028	1.1364
45.0000	62.0000	Decrease Desire	VegetableThins	6.0000	4.0000	5.0000	5	-1.0000	1.0247	0.5542	-0.0741	0.0000	0.5542	0.1917	-1.0000	0.1858	0.1858	-0.0000	0.2719
45.0000	63.0000	Decrease Desire	BrusselsSprouts	1.0000	6.0000	4.0000	2	-1.0000	0.9913	0.6552	0.7130	0.0000	0.6552	0.0866	-1.0000	0.1231	0.1233	-0.0002	0.2615
45.0000	64.0000	Decrease Desire	FrozenCorn	5.0000	4.0000	5.0000	2	-1.0000	1.4279	0.4364	-0.0185	0.0000	0.4364	0.1110	-1.0000	0.1292	0.1292	-0.0000	0.3087
45.0000	65.0000	Decrease Desire	SkittlesSour	4.0000	4.0000	3.0000	3	-1.0000	0.8066	0.1513	-0.1652	0.0000	0.1513	0.1694	-1.0000	0.0525	0.0525	-0.0000	0.1599
45.0000	66.0000	Decrease Desire	Mars	4.0000	4.0000	2.0000	4	-1.0000	1.1754	0.1510	0.1818	0.0000	0.1510	0.1239	-1.0000	0.0305	0.0542	-0.0236	0.2011
45.0000	67.0000	Decrease Desire	OatmealSquares	6.0000	4.0000	6.0000	7	-1.0000	0.9404	0.2017	0.1346	0.0000	0.2017	0.0958	-1.0000	0.1326	0.1326	-0.0000	0.2842
45.0000	68.0000	Decrease Desire	Celery	1.0000	1.0000	6.0000	4	1.0000	1.4111	0.8567	-0.1076	0.0000	0.8567	0.5391	1.0000	0.6557	0.6682	-0.0125	1.3109
45.0000	69.0000	Decrease Desire	RedPepper	3.0000	2.0000	4.0000	2	1.0000	1.4448	0.4367	0.0358	2.0000	0.8064	0.3000	1.0000	0.3832	0.3832	-0.0000	1.1775
45.0000	70.0000	Decrease Desire	SpeltCakes	3.0000	5.0000	4.0000	2	-1.0000	1.3770	0.6378	-0.2484	0.0000	0.6378	0.1346	-1.0000	0.1396	0.1454	-0.0058	0.2804
45.0000	71.0000	Respond Naturally	Beets	3.0000	2.0000	3.0000	2	-1.0000	1.0922	0.4201	-0.0642	1.0000	0.6553	0.2859	1.0000	0.4421	0.4429	-0.0007	1.3331
45.0000	72.0000	Respond Naturally	Strawberries	3.0000	2.0000	4.0000	2	-1.0000	0.9404	0.4867	-0.2037	0.0000	0.4867	0.1915	-1.0000	0.1337	0.1349	-0.0012	0.2767
45.0000	73.0000	Respond Naturally	AlmondMilk	6.0000	6.0000	6.0000	4	1.0000	1.0078	0.4030	0.0646	0.0000	0.4030	0.2377	1.0000	0.0348	0.1014	-0.0666	0.2365
45.0000	74.0000	Respond Naturally	CheeseNips	6.0000	5.0000	6.0000	5	1.0000	1.1084	0.5709	-0.0321	0.0000	0.5709	0.3225	1.0000	0.1008	0.1385	-0.0377	0.2753
45.0000	75.0000	Respond Naturally	OikosYogurt	4.0000	5.0000	5.0000	3	1.0000	1.0754	0.4705	0.2447	1.0000	0.6385	0.3862	-1.0000	0.2633	0.2639	-0.0005	0.9479
45.0000	76.0000	Respond Naturally	ClifBar	3.0000	4.0000	2.0000	4	-1.0000	1.2597	0.5876	-0.4859	0.0000	0.5876	0.1909	-1.0000	0.0408	0.0523	-0.0115	0.1711
45.0000	77.0000	Respond Naturally	Broccoli	3.0000	2.0000	4.0000	1	-1.0000	1.0251	0.3361	0.2911	0.0000	0.3361	0.2426	-1.0000	0.1649	0.1649	-0.0000	0.4133
45.0000	78.0000	Respond Naturally	AlmondMilk	4.0000	5.0000	4.0000	2	1.0000	1.0588	0.4706	0.2522	0.0000	0.4706	0.2605	1.0000	0.1793	0.1834	-0.0041	0.5649
45.0000	79.0000	Respond Naturally	AllBranCereal	3.0000	2.0000	6.0000	6	-1.0000	1.0253	0.3362	-0.1280	0.0000	0.3362	0.1203	-1.0000	0.0746	0.0867	-0.0121	0.1986
45.0000	80.0000	Respond Naturally	DriedApricots	4.0000	4.0000	4.0000	2	1.0000	1.8819	0.5544	-0.0055	2.0000	1.1426	0.2466	1.0000	0.3771	0.3771	-0.0000	1.4002
45.0000	81.0000	Decrease Desire	Mentos	6.0000	6.0000	2.0000	5	-1.0000	1.4618	0.4873	0.5959	1.0000	0.7057	0.3424	1.0000	0.2345	0.2578	-0.0233	1.3165
45.0000	82.0000	Decrease Desire	PureFit	4.0000	4.0000	3.0000	2	-1.0000	0.7725	0.1513	0.3078	0.0000	0.1513	0.1540	-1.0000	0.1088	0.1088	-0.0000	0.2338
45.0000	83.0000	Decrease Desire	OatBran	1.0000	6.0000	6.0000	2	-1.0000	0.8054	0.1512	1.2726	0.0000	0.1512	0.2661	1.0000	-0.2633	0.0000	-0.2633	-0.5034
45.0000	84.0000	Decrease Desire	FrootLoops	4.0000	5.0000	1.0000	6	-1.0000	0.4705	0.1512	0.4898	0.0000	0.1512	0.1906	-1.0000	0.0671	0.0671	-0.0000	0.1466
45.0000	85.0000	Decrease Desire	ProMax	4.0000	4.0000	3.0000	2	-1.0000	0.8398	0.1513	0.7233	0.0000	0.1513	0.1811	-1.0000	-0.0039	0.0106	-0.0145	-0.0514
45.0000	86.0000	Decrease Desire	CoffeeCrisp	4.0000	5.0000	3.0000	3	-1.0000	0.5708	0.1512	0.6332	0.0000	0.1512	0.1990	-1.0000	0.0145	0.0147	-0.0003	0.0763
45.0000	87.0000	Decrease Desire	GreenGrapes	6.0000	4.0000	4.0000	1	-1.0000	0.9241	0.1511	-0.4739	0.0000	0.1511	0.1138	-1.0000	0.0503	0.0552	-0.0050	0.1341
45.0000	88.0000	Decrease Desire	CannedArtichoke	3.0000	1.0000	4.0000	5	1.0000	1.6464	0.6887	-0.7027	2.0000	1.1088	0.5292	1.0000	0.6992	0.7059	-0.0067	1.2391
45.0000	89.0000	Decrease Desire	KashiBars	4.0000	3.0000	4.0000	1	-1.0000	1.0412	0.3193	0.6206	0.0000	0.3193	0.0862	-1.0000	0.0541	0.0717	-0.0176	0.2227
45.0000	90.0000	Decrease Desire	Triscuit	4.0000	4.0000	5.0000	2	-1.0000	1.4612	0.2015	0.1436	0.0000	0.2015	0.1073	-1.0000	0.0516	0.0531	-0.0015	0.2977
45.0000	91.0000	Respond Naturally	Caramilk	4.0000	5.0000	3.0000	2	1.0000	1.4619	0.2520	0.9160	1.0000	0.7226	0.5713	-1.0000	0.3152	0.3294	-0.0142	1.2296
45.0000	92.0000	Respond Naturally	AllBranBar	5.0000	5.0000	5.0000	1	1.0000	1.0080	0.5544	0.0000	0.0000	0.5544	0.2449	1.0000	0.1682	0.1682	-0.0000	0.3547
45.0000	93.0000	Respond Naturally	AppleChips	3.0000	3.0000	4.0000	5	-1.0000	1.3444	0.1513	-0.7055	2.0000	0.7396	0.4817	-1.0000	0.7883	0.7914	-0.0031	1.8018
45.0000	94.0000	Respond Naturally	Aero	4.0000	4.0000	3.0000	1	1.0000	1.0079	0.3190	0.5313	1.0000	0.5038	0.2073	-1.0000	0.1638	0.1638	-0.0000	0.5484
45.0000	95.0000	Respond Naturally	Caramilk	4.0000	4.0000	2.0000	5	1.0000	1.3440	0.7391	0.2582	0.0000	0.7391	0.2018	1.0000	0.2048	0.2048	-0.0000	0.3387
45.0000	96.0000	Respond Naturally	Mackerel	1.0000	1.0000	4.0000	1	-1.0000	0.9910	0.4370	0.4853	0.0000	0.4370	0.1519	-1.0000	0.0639	0.0712	-0.0073	0.1906
45.0000	97.0000	Respond Naturally	Butternut	5.0000	5.0000	4.0000	3	1.0000	0.9071	0.3526	0.0322	0.0000	0.3526	0.1776	1.0000	0.0140	0.0534	-0.0394	-0.1989
45.0000	98.0000	Respond Naturally	Prunes	3.0000	2.0000	6.0000	5	-1.0000	1.5628	0.5881	0.0574	0.0000	0.5881	0.1797	-1.0000	0.0863	0.0920	-0.0057	0.3632
45.0000	99.0000	Respond Naturally	ClamJuice	4.0000	4.0000	4.0000	3	-1.0000	1.1257	0.4703	-0.0585	0.0000	0.4703	0.1096	-1.0000	0.0596	0.0846	-0.0250	0.2133
45.0000	100.0000	Respond Naturally	CannedArtichoke	4.0000	1.0000	5.0000	2	-1.0000	0.9907	0.4033	-0.2772	0.0000	0.4033	0.2122	-1.0000	0.1044	0.1044	-0.0000	0.2069
45.0000	101.0000	Decrease Desire	Raspberries	5.0000	3.0000	6.0000	4	-1.0000	0.9746	0.4872	0.1408	0.0000	0.4872	0.1729	-1.0000	0.2323	0.2323	-0.0000	0.8405
45.0000	102.0000	Decrease Desire	FrozenBlueberries	1.0000	3.0000	4.0000	1	-1.0000	1.1257	0.6047	0.1016	0.0000	0.6047	0.1111	-1.0000	0.1164	0.1182	-0.0018	0.3567
45.0000	103.0000	Decrease Desire	Strawberries	1.0000	2.0000	6.0000	3	-1.0000	0.8229	0.3020	1.0997	0.0000	0.3020	0.1218	-1.0000	0.0561	0.0692	-0.0130	0.2538
45.0000	104.0000	Decrease Desire	RaisinBran	6.0000	4.0000	2.0000	7	-1.0000	0.7053	0.1509	0.4516	0.0000	0.1509	0.1719	-1.0000	0.0887	0.0887	-0.0000	0.1925
45.0000	105.0000	Decrease Desire	Beets	1.0000	1.0000	5.0000	5	-1.0000	0.7221	0.1512	0.4817	0.0000	0.1512	0.1094	-1.0000	0.1082	0.1082	-0.0000	0.2375
45.0000	106.0000	Decrease Desire	Cauliflower	5.0000	4.0000	4.0000	2	-1.0000	0.6718	0.1513	0.6207	0.0000	0.1513	0.1575	-1.0000	0.0764	0.0764	-0.0000	0.1255
45.0000	107.0000	Decrease Desire	IceCreamChocolate	4.0000	5.0000	1.0000	4	-1.0000	1.1759	0.1512	0.6505	0.0000	0.1512	0.1155	-1.0000	0.0174	0.0255	-0.0081	-0.0728
45.0000	108.0000	Decrease Desire	Smarties	4.0000	4.0000	3.0000	2	-1.0000	0.9072	0.1512	0.6191	0.0000	0.1512	0.1292	-1.0000	-0.0202	0.0159	-0.0360	-0.1042
45.0000	109.0000	Decrease Desire	FrozenPeaches	6.0000	5.0000	6.0000	5	-1.0000	0.8906	0.1512	0.0030	0.0000	0.1512	0.1088	-1.0000	0.0831	0.0866	-0.0034	0.1788
45.0000	110.0000	Decrease Desire	VegetableThins	4.0000	4.0000	4.0000	2	-1.0000	0.7729	0.1512	0.6489	0.0000	0.1512	0.1499	-1.0000	0.0254	0.0255	-0.0000	0.0669
45.0000	111.0000	Respond Naturally	OikosYogurt	2.0000	6.0000	5.0000	6	1.0000	0.8231	0.3863	0.0372	0.0000	0.3863	0.1739	1.0000	0.2315	0.2315	-0.0000	0.4331
45.0000	112.0000	Respond Naturally	Starburst	5.0000	4.0000	4.0000	3	1.0000	1.1584	0.4195	0.0457	1.0000	0.6714	0.2487	-1.0000	0.1656	0.1693	-0.0037	0.6107
45.0000	113.0000	Respond Naturally	RiceKrispiesCereal	4.0000	5.0000	1.0000	7	1.0000	0.9410	0.4369	0.9513	0.0000	0.4369	0.1498	1.0000	-0.0105	0.0136	-0.0240	0.1029
45.0000	114.0000	Respond Naturally	VanillaGreekYogurt	6.0000	4.0000	5.0000	2	1.0000	1.2603	0.7562	-0.2538	0.0000	0.7562	0.1282	1.0000	0.3277	0.3277	-0.0000	0.6412
45.0000	115.0000	Respond Naturally	FrozenPeas	6.0000	4.0000	5.0000	2	1.0000	1.7304	0.3189	0.2858	3.0000	1.5287	0.3455	-1.0000	0.5213	0.5213	-0.0000	1.1902
45.0000	116.0000	Respond Naturally	Avocado	6.0000	6.0000	4.0000	2	1.0000	1.0249	0.3697	0.3701	1.0000	0.5210	0.2059	-1.0000	0.2250	0.2250	-0.0000	0.8293
45.0000	117.0000	Respond Naturally	PopTartStrawberry	4.0000	4.0000	2.0000	5	-1.0000	1.2266	0.3192	-0.3163	0.0000	0.3192	0.1326	-1.0000	0.1610	0.1625	-0.0015	0.3863
45.0000	118.0000	Respond Naturally	ClifBar	4.0000	5.0000	2.0000	2	-1.0000	1.1926	0.4031	-0.0000	0.0000	0.4031	0.1509	-1.0000	0.0980	0.1025	-0.0044	0.2323
45.0000	119.0000	Respond Naturally	IceCreamVanilla	5.0000	5.0000	3.0000	1	1.0000	1.6964	0.3018	0.0051	2.0000	0.6548	0.1667	1.0000	0.1198	0.1198	-0.0000	0.4061
45.0000	120.0000	Respond Naturally	FrozenBroccoli	1.0000	2.0000	6.0000	6	-1.0000	1.3444	0.2688	0.7091	1.0000	0.4873	0.3520	1.0000	0.0994	0.1547	-0.0553	0.7262
45.0000	121.0000	Decrease Desire	HoneyNutCheerios	4.0000	4.0000	3.0000	2	-1.0000	0.9578	0.4369	0.9520	0.0000	0.4369	0.2427	-1.0000	0.0976	0.1002	-0.0026	0.3085
45.0000	122.0000	Decrease Desire	SkimMilk	5.0000	4.0000	6.0000	4	-1.0000	1.0252	0.2689	0.5449	0.0000	0.2689	0.2232	-1.0000	-0.0208	0.0010	-0.0218	-0.0634
45.0000	123.0000	Decrease Desire	Bananas	6.0000	4.0000	4.0000	2	-1.0000	0.8395	0.1513	0.9440	0.0000	0.1513	0.1370	-1.0000	-0.0271	0.0000	-0.0271	-0.0716
45.0000	124.0000	Decrease Desire	BBQCrisps	6.0000	4.0000	1.0000	6	-1.0000	0.5374	0.1509	0.8443	0.0000	0.1509	0.2125	-1.0000	-0.0152	0.0000	-0.0153	-0.0472
45.0000	125.0000	Decrease Desire	GreenPepper	1.0000	1.0000	6.0000	6	-1.0000	0.6890	0.1512	0.4765	0.0000	0.1512	0.1377	-1.0000	0.0580	0.0580	-0.0000	0.1249
45.0000	126.0000	Decrease Desire	AllBranCereal	3.0000	2.0000	5.0000	2	-1.0000	0.6721	0.2185	0.7156	0.0000	0.2185	0.3034	1.0000	-0.0482	0.0081	-0.0563	-0.1511
45.0000	127.0000	Decrease Desire	BabyFoodCarrots	3.0000	2.0000	6.0000	5	-1.0000	0.7395	0.1849	0.1483	0.0000	0.1849	0.1029	-1.0000	0.1711	0.1712	-0.0001	0.2876
45.0000	128.0000	Decrease Desire	SkittlesSour	4.0000	4.0000	3.0000	6	-1.0000	0.6720	0.1511	0.3149	0.0000	0.1511	0.1839	-1.0000	0.1612	0.1612	-0.0000	0.2666
45.0000	129.0000	Decrease Desire	WaterChestnuts	4.0000	1.0000	5.0000	3	-1.0000	0.7896	0.1513	0.4819	0.0000	0.1513	0.1774	-1.0000	0.0511	0.0512	-0.0002	0.1137
45.0000	130.0000	Decrease Desire	FrootLoops	5.0000	4.0000	3.0000	2	-1.0000	0.5540	0.1510	0.7711	0.0000	0.1510	0.1651	-1.0000	0.0194	0.0194	-0.0000	0.0455
45.0000	131.0000	Respond Naturally	RomaineLettuce	6.0000	6.0000	4.0000	4	1.0000	1.3779	0.4202	0.3023	1.0000	0.6555	0.4391	-1.0000	0.4679	0.4679	-0.0000	1.3388
45.0000	132.0000	Respond Naturally	Prunes	4.0000	2.0000	4.0000	2	-1.0000	1.1255	0.3526	-0.0256	0.0000	0.3526	0.1134	-1.0000	0.1198	0.1209	-0.0011	0.2359
45.0000	133.0000	Respond Naturally	Orange	4.0000	5.0000	5.0000	5	-1.0000	1.2771	0.2854	0.0278	1.0000	0.4871	0.2952	1.0000	0.7954	0.7963	-0.0009	1.8765
45.0000	134.0000	Respond Naturally	Bananas	6.0000	6.0000	6.0000	3	1.0000	0.8736	0.3527	-0.3978	0.0000	0.3527	0.2326	1.0000	0.2131	0.2131	-0.0000	0.4483
45.0000	135.0000	Respond Naturally	SlicedTurkey	1.0000	1.0000	3.0000	5	-1.0000	1.4616	0.2013	0.0655	2.0000	0.8903	0.3838	-1.0000	0.4898	0.4898	-0.0000	1.5552
45.0000	136.0000	Respond Naturally	NatureValleyChocolate	4.0000	4.0000	3.0000	1	-1.0000	1.6961	0.2516	-0.0419	3.0000	1.1920	0.2449	1.0000	0.2437	0.3283	-0.0846	1.1559
45.0000	137.0000	Respond Naturally	AllBranBar	4.0000	5.0000	4.0000	3	1.0000	0.9239	0.2687	-0.0823	0.0000	0.2687	0.1282	1.0000	0.0853	0.0989	-0.0137	0.2438
45.0000	138.0000	Respond Naturally	HoneyNutCheerios	5.0000	4.0000	6.0000	5	-1.0000	1.5793	0.3863	0.1715	3.0000	1.2936	0.4298	1.0000	0.2524	0.3331	-0.0806	1.4231
45.0000	139.0000	Respond Naturally	Cheetos	5.0000	5.0000	1.0000	6	-1.0000	1.4946	0.6039	0.3861	0.0000	0.6039	0.3083	-1.0000	-0.0474	0.0650	-0.1124	-0.5168
45.0000	140.0000	Respond Naturally	Doritos	5.0000	4.0000	3.0000	2	1.0000	1.0920	0.3526	-0.0746	1.0000	0.5879	0.3578	-1.0000	0.3147	0.3147	-0.0000	1.1238
45.0000	141.0000	Respond Naturally	WelchsFruitSnacks	5.0000	5.0000	3.0000	3	-1.0000	1.5963	0.3192	0.4321	1.0000	0.5545	0.3590	1.0000	0.0756	0.1400	-0.0644	1.0780
45.0000	142.0000	Respond Naturally	FrozenBroccoli	1.0000	2.0000	4.0000	2	-1.0000	1.2431	0.5208	0.1774	0.0000	0.5208	0.2380	-1.0000	-0.0627	0.0566	-0.1193	-0.3987
45.0000	143.0000	Respond Naturally	Starburst	5.0000	6.0000	2.0000	6	-1.0000	1.0587	0.3698	-0.0025	0.0000	0.3698	0.2788	-1.0000	0.0294	0.1219	-0.0925	0.4101
45.0000	144.0000	Respond Naturally	Onion	3.0000	3.0000	5.0000	2	-1.0000	1.3443	0.4534	-0.0001	0.0000	0.4534	0.1748	-1.0000	0.0737	0.1021	-0.0284	0.4019
45.0000	145.0000	Respond Naturally	Cheetos	4.0000	5.0000	3.0000	3	1.0000	1.1418	0.5877	-0.1790	0.0000	0.5877	0.2678	1.0000	0.0866	0.0910	-0.0045	0.1932
45.0000	146.0000	Respond Naturally	Spinach	3.0000	2.0000	6.0000	4	-1.0000	1.1086	0.1509	0.8461	1.0000	0.3524	0.2045	1.0000	0.2625	0.2633	-0.0008	0.7367
45.0000	147.0000	Respond Naturally	SunChips	4.0000	6.0000	1.0000	2	1.0000	1.0922	0.5881	-0.1657	0.0000	0.5881	0.1804	1.0000	0.1231	0.1231	-0.0000	0.2951
45.0000	148.0000	Respond Naturally	RaisinBran	4.0000	2.0000	3.0000	3	1.0000	1.3947	0.4532	0.1153	0.0000	0.4532	0.1677	1.0000	0.0978	0.0978	-0.0000	0.2110
45.0000	149.0000	Respond Naturally	FrozenCorn	5.0000	5.0000	6.0000	4	-1.0000	0.9747	0.5209	0.0594	0.0000	0.5209	0.2211	-1.0000	0.1169	0.1252	-0.0083	0.3632
45.0000	150.0000	Respond Naturally	WaterChestnuts	6.0000	4.0000	4.0000	5	-1.0000	1.0910	0.5705	0.5628	0.0000	0.5705	0.2028	-1.0000	-0.0276	0.0309	-0.0585	-0.2391
45.0000	151.0000	Decrease Desire	Asparagus	4.0000	1.0000	6.0000	6	-1.0000	0.9574	0.2179	-0.1678	0.0000	0.2179	0.1872	-1.0000	0.1389	0.1389	-0.0000	0.3196
45.0000	152.0000	Decrease Desire	Onion	3.0000	2.0000	6.0000	4	-1.0000	0.7221	0.1512	0.3915	0.0000	0.1512	0.1265	-1.0000	0.0136	0.0299	-0.0162	0.1141
45.0000	153.0000	Decrease Desire	EnglishCucumber	4.0000	4.0000	4.0000	2	-1.0000	0.7396	0.1513	0.5303	0.0000	0.1513	0.1608	-1.0000	0.0496	0.0498	-0.0002	0.1067
45.0000	154.0000	Decrease Desire	MnMPlain	4.0000	4.0000	1.0000	3	-1.0000	0.6889	0.1512	0.3780	0.0000	0.1512	0.0942	-1.0000	0.1026	0.1026	-0.0000	0.2114
45.0000	155.0000	Decrease Desire	Cheerios	4.0000	4.0000	6.0000	2	-1.0000	0.6386	0.1513	0.1787	0.0000	0.1513	0.1450	-1.0000	-0.0355	0.0146	-0.0502	-0.1473
45.0000	156.0000	Decrease Desire	KashiBars	4.0000	4.0000	5.0000	4	-1.0000	0.6384	0.1848	-0.0281	0.0000	0.1848	0.1454	-1.0000	0.0250	0.0319	-0.0069	0.1251
45.0000	157.0000	Decrease Desire	Doritos	4.0000	5.0000	1.0000	5	-1.0000	0.6045	0.1513	0.2967	0.0000	0.1513	0.1506	-1.0000	0.0482	0.0618	-0.0135	0.1976
45.0000	158.0000	Decrease Desire	RedPepper	6.0000	1.0000	6.0000	5	-1.0000	0.7895	0.2184	0.1972	0.0000	0.2184	0.1326	-1.0000	0.0899	0.0900	-0.0001	0.1640
45.0000	159.0000	Decrease Desire	Triscuit	4.0000	4.0000	4.0000	5	-1.0000	0.6214	0.1510	-0.0186	0.0000	0.1510	0.2428	-1.0000	0.0550	0.0550	-0.0000	0.1348
45.0000	160.0000	Decrease Desire	CheeseNips	4.0000	4.0000	3.0000	2	-1.0000	0.7895	0.1511	0.0346	0.0000	0.1511	0.2286	-1.0000	0.0935	0.0935	-0.0000	0.1713
45.0000	161.0000	Decrease Desire	Avocado	6.0000	6.0000	6.0000	5	-1.0000	0.6383	0.1510	0.6261	0.0000	0.1510	0.1729	-1.0000	0.1095	0.1095	-0.0000	0.2949
45.0000	162.0000	Decrease Desire	SevenGrain	6.0000	4.0000	4.0000	1	-1.0000	0.5881	0.1513	0.2956	0.0000	0.1513	0.2142	-1.0000	0.0302	0.0406	-0.0103	0.2126
45.0000	163.0000	Decrease Desire	PCChipCookie	4.0000	4.0000	3.0000	5	-1.0000	0.6888	0.1510	0.3430	0.0000	0.1510	0.1435	-1.0000	0.0064	0.0139	-0.0075	0.0881
45.0000	164.0000	Decrease Desire	SkimMilk	4.0000	4.0000	4.0000	1	-1.0000	0.5714	0.1512	0.6024	0.0000	0.1512	0.2325	-1.0000	0.0355	0.0364	-0.0008	0.1420
45.0000	165.0000	Decrease Desire	Twizzlers	3.0000	1.0000	3.0000	2	-1.0000	0.5877	0.1510	0.3568	0.0000	0.1510	0.1912	-1.0000	0.0559	0.0559	-0.0000	0.1998
45.0000	166.0000	Decrease Desire	MangoChunks	4.0000	4.0000	4.0000	2	-1.0000	0.6380	0.1678	0.0293	0.0000	0.1678	0.1967	-1.0000	0.0437	0.0479	-0.0041	0.1574
45.0000	167.0000	Decrease Desire	PCChipCookie	4.0000	4.0000	4.0000	2	-1.0000	0.8570	0.1513	0.0862	0.0000	0.1513	0.1640	-1.0000	0.1454	0.1454	-0.0000	0.3403
45.0000	168.0000	Decrease Desire	NatureValleyChocolate	5.0000	5.0000	2.0000	4	-1.0000	0.6046	0.1512	0.1545	0.0000	0.1512	0.1293	-1.0000	0.0687	0.0695	-0.0008	0.2341
45.0000	169.0000	Decrease Desire	YorkPeppermintPatties	3.0000	1.0000	4.0000	4	-1.0000	0.6045	0.1511	0.6263	0.0000	0.1511	0.2500	-1.0000	0.0141	0.0262	-0.0121	0.1037
45.0000	170.0000	Decrease Desire	Skittles	6.0000	6.0000	1.0000	6	-1.0000	0.8234	0.1681	0.8056	0.0000	0.1681	0.1696	-1.0000	0.0138	0.0230	-0.0092	-0.0585
45.0000	171.0000	Respond Naturally	Shreddies	4.0000	4.0000	3.0000	2	1.0000	1.4285	0.4874	0.0057	1.0000	0.8235	0.2984	-1.0000	0.3385	0.3385	-0.0000	1.2262
45.0000	172.0000	Respond Naturally	PopTartStrawberry	3.0000	4.0000	2.0000	2	-1.0000	1.2269	0.1512	-0.2802	1.0000	0.4874	0.3184	1.0000	0.5815	0.5815	-0.0000	1.3639
45.0000	173.0000	Respond Naturally	Reese	4.0000	5.0000	3.0000	1	-1.0000	0.8901	0.3192	0.1931	0.0000	0.3192	0.1281	-1.0000	0.1026	0.1026	-0.0000	0.1885
45.0000	174.0000	Respond Naturally	ClamJuice	4.0000	4.0000	4.0000	1	-1.0000	1.0755	0.4538	-0.2829	0.0000	0.4538	0.1262	-1.0000	0.2060	0.2066	-0.0006	0.5965
45.0000	175.0000	Respond Naturally	PureFit	6.0000	6.0000	2.0000	4	-1.0000	1.1764	0.4034	-0.8053	0.0000	0.4034	0.1003	-1.0000	0.1503	0.1667	-0.0164	0.4261
45.0000	176.0000	Respond Naturally	DriedHerring	3.0000	1.0000	3.0000	3	-1.0000	1.0419	0.4202	-0.2796	0.0000	0.4202	0.1729	-1.0000	0.1241	0.1901	-0.0660	0.5731
45.0000	177.0000	Respond Naturally	CoffeeCrisp	4.0000	4.0000	3.0000	1	1.0000	0.8061	0.3861	-0.3193	0.0000	0.3861	0.1897	1.0000	0.1921	0.1921	-0.0000	0.4248
45.0000	178.0000	Respond Naturally	MnMPlain	5.0000	6.0000	1.0000	5	1.0000	1.2435	0.4538	-0.3289	1.0000	0.7900	0.3015	-1.0000	0.4339	0.4339	-0.0000	1.2366
45.0000	179.0000	Respond Naturally	Nutella	4.0000	5.0000	3.0000	1	1.0000	1.1426	0.3528	-0.2097	1.0000	0.5377	0.3018	-1.0000	0.2208	0.2210	-0.0002	0.7316
45.0000	180.0000	Respond Naturally	Tuna	6.0000	4.0000	5.0000	4	1.0000	1.2265	0.3023	0.4034	1.0000	0.5712	0.4103	-1.0000	0.2443	0.2465	-0.0022	0.9192
45.0000	181.0000	Respond Naturally	Asparagus	1.0000	1.0000	4.0000	3	-1.0000	0.9072	0.5206	-0.3027	0.0000	0.5206	0.1858	-1.0000	0.2291	0.2312	-0.0021	0.4110
45.0000	182.0000	Respond Naturally	DriedHerring	3.0000	2.0000	2.0000	1	-1.0000	0.7730	0.4203	0.5103	0.0000	0.4203	0.1937	-1.0000	0.1001	0.1001	-0.0000	0.1935
45.0000	183.0000	Respond Naturally	FrozenPeaches	4.0000	5.0000	4.0000	2	1.0000	1.0920	0.5547	-0.1985	0.0000	0.5547	0.2431	1.0000	0.1435	0.1855	-0.0420	0.5836
45.0000	184.0000	Respond Naturally	Twizzlers	1.0000	1.0000	6.0000	4	-1.0000	1.0078	0.4533	-0.1670	0.0000	0.4533	0.1802	-1.0000	0.0879	0.0905	-0.0026	0.2233
45.0000	185.0000	Respond Naturally	Reese	4.0000	6.0000	2.0000	4	-1.0000	1.2429	0.3189	0.2044	1.0000	0.7220	0.2210	1.0000	0.2540	0.2560	-0.0020	0.9201
45.0000	186.0000	Respond Naturally	FrozenBlueberries	4.0000	1.0000	5.0000	3	-1.0000	1.0247	0.3694	-0.3779	1.0000	0.4870	0.1721	1.0000	0.1485	0.1536	-0.0051	0.4804
45.0000	187.0000	Respond Naturally	MangoChunks	4.0000	4.0000	6.0000	5	1.0000	1.0077	0.2520	0.2766	1.0000	0.5372	0.2786	-1.0000	0.2435	0.2549	-0.0113	0.8661
45.0000	188.0000	Respond Naturally	OatBran	1.0000	1.0000	6.0000	4	-1.0000	1.0247	0.4702	0.0511	0.0000	0.4702	0.1699	-1.0000	0.2003	0.2003	-0.0000	0.3582
45.0000	189.0000	Respond Naturally	RufflesSourCreamOnion	5.0000	6.0000	2.0000	5	1.0000	1.1924	0.5034	0.2119	0.0000	0.5034	0.2589	1.0000	0.0709	0.1003	-0.0294	0.4481
45.0000	190.0000	Respond Naturally	Tuna	4.0000	4.0000	4.0000	2	1.0000	0.9064	0.4194	0.6352	0.0000	0.4194	0.2416	1.0000	0.0184	0.0265	-0.0080	-0.0836
45.0000	191.0000	Decrease Desire	Celery	2.0000	2.0000	5.0000	2	-1.0000	0.6383	0.1510	0.3878	0.0000	0.1510	0.1013	-1.0000	0.0314	0.0378	-0.0064	0.1358
45.0000	192.0000	Decrease Desire	TofuDessert	1.0000	3.0000	6.0000	4	-1.0000	0.7056	0.1511	0.8373	0.0000	0.1511	0.1745	-1.0000	-0.0980	0.0000	-0.0980	-0.1760
45.0000	193.0000	Decrease Desire	GreenGrapes	6.0000	5.0000	6.0000	4	-1.0000	0.5714	0.1513	0.6258	0.0000	0.1513	0.3247	-1.0000	0.0016	0.0124	-0.0108	0.1048
45.0000	194.0000	Decrease Desire	Aero	3.0000	5.0000	3.0000	3	-1.0000	0.5042	0.1513	0.6893	0.0000	0.1513	0.1755	-1.0000	0.0301	0.0301	-0.0000	0.0617
45.0000	195.0000	Decrease Desire	SlicedTurkey	1.0000	2.0000	4.0000	2	-1.0000	0.8564	0.1512	0.3387	0.0000	0.1512	0.1911	-1.0000	0.0438	0.0507	-0.0069	0.2926
45.0000	196.0000	Decrease Desire	Raspberries	2.0000	1.0000	5.0000	5	-1.0000	0.7058	0.1513	0.6773	0.0000	0.1513	0.0975	-1.0000	-0.0624	0.0031	-0.0655	-0.1665
45.0000	197.0000	Decrease Desire	Mars	4.0000	4.0000	2.0000	2	-1.0000	0.5207	0.1512	0.7779	0.0000	0.1512	0.1932	1.0000	-0.0865	0.0007	-0.0871	-0.1828
45.0000	198.0000	Decrease Desire	SlimStyles	4.0000	5.0000	4.0000	2	-1.0000	0.5378	0.1513	0.9322	0.0000	0.1513	0.2384	-1.0000	-0.0998	0.0000	-0.0998	-0.2070
45.0000	199.0000	Decrease Desire	Mackerel	3.0000	1.0000	5.0000	3	-1.0000	0.6217	0.1513	0.6428	0.0000	0.1513	0.1883	-1.0000	0.0324	0.0324	-0.0000	0.0870
45.0000	200.0000	Decrease Desire	Cauliflower	1.0000	5.0000	4.0000	6	-1.0000	0.5546	0.1513	0.4770	0.0000	0.1513	0.1515	-1.0000	-0.0093	0.0175	-0.0268	0.1081
