Subject	Trial	Instruction	Food	Liking	Taste	Health	Amount	Choice	ChoiceRT	FirstDevTimeChoice	InitAngleChoice	NumChangeMindChoice	FinalDevTimeChoice	MaxVelocityChoice	DrxFirstDevChoice	TotalAUCChoice	AUCtoNonChosenChoice	AUCtoChosenChoice	MaxDevChoice
49.0000	1.0000	Decrease Desire	RaisinBran	3.0000	2.0000	4.0000	3	1.0000	1.7636	0.6884	0.2860	1.0000	1.1084	0.3484	-1.0000	0.5035	0.5035	-0.0000	1.8742
49.0000	2.0000	Decrease Desire	BBQCrisps	4.0000	5.0000	1.0000	6	-1.0000	1.2432	0.5544	-0.0128	0.0000	0.5544	0.1501	-1.0000	0.1160	0.1160	-0.0000	0.3386
49.0000	3.0000	Decrease Desire	BabyFoodSweetPotatos	1.0000	1.0000	6.0000	5	1.0000	1.3605	0.6382	-0.0602	1.0000	0.9406	0.4892	-1.0000	0.3384	0.3391	-0.0007	1.3756
49.0000	4.0000	Decrease Desire	Onion	1.0000	1.0000	6.0000	2	1.0000	1.4108	0.4699	-0.2394	1.0000	0.9907	0.3623	-1.0000	0.4381	0.4405	-0.0023	1.3191
49.0000	5.0000	Decrease Desire	Bananas	4.0000	4.0000	5.0000	2	-1.0000	1.2755	0.6712	-0.0792	0.0000	0.6712	0.2435	-1.0000	0.1148	0.1152	-0.0003	0.2552
49.0000	6.0000	Decrease Desire	RitzCrackers	4.0000	5.0000	3.0000	2	-1.0000	2.7045	0.3864	0.0752	1.0000	0.7394	0.3969	1.0000	0.9313	0.9313	-0.0000	1.7008
49.0000	7.0000	Decrease Desire	RedPepper	2.0000	3.0000	6.0000	5	-1.0000	1.8815	0.4873	-0.0000	1.0000	0.9407	0.3357	1.0000	0.6273	0.6273	-0.0000	1.3371
49.0000	8.0000	Decrease Desire	DriedHerring	4.0000	5.0000	6.0000	3	-1.0000	1.2764	0.5709	0.1702	0.0000	0.5709	0.1851	-1.0000	0.0605	0.0605	-0.0000	0.1952
49.0000	9.0000	Decrease Desire	BabyFoodSweetPotatos	2.0000	2.0000	5.0000	2	1.0000	1.2935	0.6717	-0.3286	0.0000	0.6717	0.1028	1.0000	0.0976	0.0976	-0.0000	0.2037
49.0000	10.0000	Decrease Desire	OatBran	1.0000	1.0000	4.0000	4	1.0000	1.5623	0.8065	0.0000	0.0000	0.8065	0.1765	1.0000	0.1463	0.1579	-0.0116	0.5470
49.0000	11.0000	Respond Naturally	Spinach	3.0000	3.0000	6.0000	2	-1.0000	1.9649	0.5373	-0.0684	1.0000	0.8902	0.3203	1.0000	0.3350	0.3350	-0.0000	1.4162
49.0000	12.0000	Respond Naturally	HoneyNutCheerios	4.0000	4.0000	3.0000	2	1.0000	2.5029	0.4870	-0.3909	2.0000	1.2767	0.2919	1.0000	0.6468	0.6515	-0.0047	1.4450
49.0000	13.0000	Respond Naturally	VanillaGreekYogurt	3.0000	4.0000	4.0000	4	-1.0000	2.4688	1.2258	0.1841	1.0000	1.5786	0.4641	1.0000	0.4976	0.4976	-0.0000	1.3929
49.0000	14.0000	Respond Naturally	Smarties	6.0000	4.0000	2.0000	2	1.0000	1.4275	0.3192	-0.0414	0.0000	0.3192	0.1955	1.0000	0.0461	0.0492	-0.0030	0.1461
49.0000	15.0000	Respond Naturally	GreenApple	4.0000	4.0000	6.0000	4	-1.0000	1.4445	0.4701	0.0544	1.0000	0.7389	0.2593	1.0000	0.5777	0.5777	-0.0000	1.4479
49.0000	16.0000	Respond Naturally	TofuDessert	4.0000	4.0000	4.0000	2	-1.0000	1.4775	0.6717	0.3135	1.0000	0.8902	0.1582	1.0000	0.2815	0.2815	-0.0000	1.0344
49.0000	17.0000	Respond Naturally	EnglishCucumber	2.0000	4.0000	6.0000	2	-1.0000	1.0574	0.6545	0.0671	0.0000	0.6545	0.1790	-1.0000	0.2058	0.2058	-0.0000	0.6938
49.0000	18.0000	Respond Naturally	RomaineLettuce	2.0000	4.0000	5.0000	2	-1.0000	1.0917	0.5541	-0.0982	0.0000	0.5541	0.2106	-1.0000	0.0547	0.0704	-0.0157	0.2304
49.0000	19.0000	Respond Naturally	FrozenPeaches	5.0000	6.0000	6.0000	5	1.0000	1.0747	0.4028	-0.2154	0.0000	0.4028	0.2176	1.0000	0.0543	0.0671	-0.0128	0.1559
49.0000	20.0000	Respond Naturally	Asparagus	1.0000	2.0000	6.0000	3	-1.0000	1.1590	0.5206	0.1349	1.0000	0.6549	0.2359	1.0000	0.3030	0.3030	-0.0000	0.9166
49.0000	21.0000	Decrease Desire	Celery	2.0000	4.0000	5.0000	2	-1.0000	3.0731	0.5874	-0.1432	2.0000	1.6626	0.5470	-1.0000	0.7134	0.7134	-0.0000	1.4669
49.0000	22.0000	Decrease Desire	Avocado	6.0000	6.0000	6.0000	2	-1.0000	3.2583	0.4365	0.2621	3.0000	2.6535	0.5211	1.0000	0.4107	0.4335	-0.0228	1.3823
49.0000	23.0000	Decrease Desire	AppleChips	4.0000	5.0000	5.0000	2	-1.0000	1.4103	0.6375	-0.0000	1.0000	0.8224	0.4957	1.0000	0.3488	0.3488	-0.0000	1.3332
49.0000	24.0000	Decrease Desire	DriedApricots	3.0000	4.0000	4.0000	5	1.0000	1.4442	0.4032	-0.6153	2.0000	1.0242	0.1811	1.0000	0.2277	0.2378	-0.0101	0.5857
49.0000	25.0000	Decrease Desire	Fritos	3.0000	5.0000	2.0000	2	1.0000	4.0969	0.7559	0.1646	0.0000	0.7559	0.2047	1.0000	0.0700	0.0728	-0.0029	0.4126
49.0000	26.0000	Decrease Desire	Skittles	3.0000	4.0000	1.0000	6	-1.0000	3.3750	1.7964	-0.2070	1.0000	2.1325	0.2439	1.0000	0.1548	0.1548	-0.0000	0.8492
49.0000	27.0000	Decrease Desire	CannedArtichoke	1.0000	2.0000	5.0000	5	1.0000	1.3093	0.6044	-0.0300	1.0000	0.7218	0.2134	-1.0000	0.1416	0.1416	-0.0000	0.4046
49.0000	28.0000	Decrease Desire	Bananas	4.0000	5.0000	6.0000	3	-1.0000	1.0908	0.5536	-0.1791	0.0000	0.5536	0.1970	-1.0000	0.1327	0.1520	-0.0193	0.2861
49.0000	29.0000	Decrease Desire	Skittles	2.0000	4.0000	1.0000	3	-1.0000	1.1927	0.4537	0.1489	0.0000	0.4537	0.1498	-1.0000	0.1032	0.1032	-0.0000	0.2221
49.0000	30.0000	Decrease Desire	VanillaGreekYogurt	2.0000	3.0000	5.0000	2	1.0000	1.7634	0.4868	-0.0607	0.0000	0.4868	0.3710	1.0000	0.0496	0.0624	-0.0128	0.2033
49.0000	31.0000	Respond Naturally	WelchsFruitSnacks	4.0000	4.0000	1.0000	1	1.0000	1.6294	0.5036	-0.0132	1.0000	1.0750	0.4325	-1.0000	0.5046	0.5046	-0.0000	1.3415
49.0000	32.0000	Respond Naturally	ProMax	1.0000	1.0000	2.0000	2	-1.0000	1.1250	0.4196	-0.1210	0.0000	0.4196	0.3158	-1.0000	0.1704	0.1704	-0.0000	0.2620
49.0000	33.0000	Respond Naturally	Tuna	2.0000	4.0000	5.0000	4	-1.0000	0.9737	0.5537	0.1563	0.0000	0.5537	0.1378	-1.0000	0.2350	0.2350	-0.0000	0.4212
49.0000	34.0000	Respond Naturally	Almonds	4.0000	5.0000	4.0000	2	1.0000	1.2423	0.5874	-0.1938	0.0000	0.5874	0.2746	1.0000	0.1625	0.1905	-0.0280	0.4576
49.0000	35.0000	Respond Naturally	SkimMilk	2.0000	3.0000	5.0000	4	-1.0000	1.0577	0.2183	-0.0023	0.0000	0.2183	0.1240	-1.0000	0.1255	0.1255	-0.0000	0.3429
49.0000	36.0000	Respond Naturally	WaterChestnuts	4.0000	3.0000	5.0000	3	-1.0000	1.1757	0.4871	-0.0225	0.0000	0.4871	0.1179	-1.0000	0.0710	0.0712	-0.0002	0.1385
49.0000	37.0000	Respond Naturally	Caramilk	1.0000	2.0000	1.0000	2	-1.0000	0.9737	0.4531	0.3046	0.0000	0.4531	0.1534	-1.0000	0.0711	0.0711	-0.0000	0.1762
49.0000	38.0000	Respond Naturally	Starburst	3.0000	4.0000	1.0000	3	-1.0000	1.0246	0.5039	0.0579	0.0000	0.5039	0.1453	-1.0000	0.0946	0.0946	-0.0000	0.1802
49.0000	39.0000	Respond Naturally	Raspberries	2.0000	4.0000	4.0000	4	-1.0000	1.4108	0.6381	-0.1120	0.0000	0.6381	0.2311	-1.0000	0.1409	0.1443	-0.0034	0.3086
49.0000	40.0000	Respond Naturally	Beets	1.0000	3.0000	6.0000	5	-1.0000	1.0914	0.2685	-0.0159	0.0000	0.2685	0.1077	-1.0000	0.0886	0.0928	-0.0042	0.2156
49.0000	41.0000	Respond Naturally	Onion	1.0000	3.0000	6.0000	4	-1.0000	1.0748	0.4701	0.0273	0.0000	0.4701	0.2341	-1.0000	0.1267	0.1267	-0.0000	0.2683
49.0000	42.0000	Respond Naturally	FrootLoops	1.0000	2.0000	1.0000	6	-1.0000	0.9897	0.4020	-0.1186	0.0000	0.4020	0.1897	-1.0000	0.1464	0.1563	-0.0099	0.3060
49.0000	43.0000	Respond Naturally	AllBranCereal	1.0000	2.0000	2.0000	2	-1.0000	0.9408	0.3863	0.1998	0.0000	0.3863	0.2378	-1.0000	0.1278	0.1278	-0.0000	0.2265
49.0000	44.0000	Respond Naturally	OikosYogurt	2.0000	3.0000	5.0000	6	-1.0000	1.1422	0.4535	0.4047	0.0000	0.4535	0.1449	-1.0000	0.1698	0.1698	-0.0000	0.4356
49.0000	45.0000	Respond Naturally	YorkPeppermintPatties	4.0000	4.0000	2.0000	2	1.0000	1.2093	0.4533	0.1253	1.0000	0.6885	0.4753	-1.0000	0.2856	0.3016	-0.0160	1.1595
49.0000	46.0000	Respond Naturally	Strawberries	4.0000	4.0000	5.0000	2	-1.0000	0.8902	0.4198	-0.1982	0.0000	0.4198	0.1467	-1.0000	0.0843	0.0845	-0.0003	0.1409
49.0000	47.0000	Respond Naturally	Snickers	4.0000	5.0000	1.0000	3	-1.0000	1.2764	0.3024	0.2234	0.0000	0.3024	0.2191	-1.0000	0.0398	0.0443	-0.0046	0.1777
49.0000	48.0000	Respond Naturally	Cheerios	4.0000	4.0000	2.0000	2	-1.0000	1.0574	0.4023	0.1231	0.0000	0.4023	0.1958	-1.0000	0.0761	0.0761	-0.0000	0.1375
49.0000	49.0000	Respond Naturally	CornFlakes	3.0000	4.0000	4.0000	3	-1.0000	0.9072	0.3358	0.0903	0.0000	0.3358	0.1531	-1.0000	0.1125	0.1125	-0.0000	0.2426
49.0000	50.0000	Respond Naturally	Triscuit	3.0000	4.0000	3.0000	5	-1.0000	1.7801	0.6713	0.0649	1.0000	0.9737	0.3331	1.0000	0.3905	0.3905	-0.0000	1.3445
49.0000	51.0000	Decrease Desire	IceCreamChocolate	3.0000	4.0000	3.0000	4	1.0000	2.8720	0.5706	-0.2201	3.0000	2.2336	0.5314	-1.0000	0.7246	0.7412	-0.0166	1.5722
49.0000	52.0000	Decrease Desire	Orange	4.0000	6.0000	6.0000	1	-1.0000	1.0580	0.5879	-0.0000	0.0000	0.5879	0.1305	-1.0000	0.2296	0.2297	-0.0001	0.5426
49.0000	53.0000	Decrease Desire	RaisinBran	1.0000	3.0000	2.0000	7	1.0000	2.8712	0.1845	-0.0427	1.0000	0.6212	0.3533	-1.0000	1.0838	1.0838	-0.0000	1.9960
49.0000	54.0000	Decrease Desire	Aero	1.0000	2.0000	1.0000	1	1.0000	2.5357	0.4528	-0.1662	3.0000	1.9814	0.3672	-1.0000	0.7934	0.7935	-0.0000	1.6412
49.0000	55.0000	Decrease Desire	Nutella	1.0000	2.0000	1.0000	4	1.0000	2.1997	0.6043	-0.0136	1.0000	0.7891	0.5726	-1.0000	0.2139	0.2384	-0.0245	1.2704
49.0000	56.0000	Decrease Desire	MnMPlain	4.0000	4.0000	3.0000	3	-1.0000	1.0748	0.4533	-0.0000	0.0000	0.4533	0.1437	-1.0000	0.1167	0.1167	-0.0000	0.2281
49.0000	57.0000	Decrease Desire	CornFlakes	3.0000	3.0000	1.0000	6	1.0000	1.3769	0.5374	-0.1770	0.0000	0.5374	0.2571	1.0000	0.1677	0.1677	-0.0000	0.6430
49.0000	58.0000	Decrease Desire	EnglishCucumber	3.0000	4.0000	6.0000	5	1.0000	4.7356	0.4195	0.0868	3.0000	2.9561	0.2783	-1.0000	0.5130	0.5141	-0.0011	1.5779
49.0000	59.0000	Decrease Desire	Pringles	4.0000	6.0000	1.0000	5	-1.0000	0.8734	0.4366	-0.0089	0.0000	0.4366	0.1647	-1.0000	0.1364	0.1364	-0.0000	0.2236
49.0000	60.0000	Decrease Desire	Doritos	3.0000	5.0000	1.0000	2	-1.0000	1.0915	0.3191	0.3447	0.0000	0.3191	0.1736	-1.0000	0.1484	0.1534	-0.0049	0.3086
49.0000	61.0000	Decrease Desire	Mentos	3.0000	3.0000	1.0000	2	-1.0000	1.6293	0.5206	-0.0260	1.0000	0.7726	0.2876	1.0000	0.5493	0.5493	-0.0000	1.5406
49.0000	62.0000	Decrease Desire	OatmealSquares	3.0000	3.0000	4.0000	3	1.0000	0.9570	0.5707	-0.3467	0.0000	0.5707	0.3126	1.0000	0.3164	0.3172	-0.0009	0.7670
49.0000	63.0000	Decrease Desire	GreenBeans	2.0000	3.0000	6.0000	4	1.0000	1.8971	0.4197	0.2099	1.0000	0.8558	0.2601	-1.0000	0.6463	0.6463	-0.0000	1.3479
49.0000	64.0000	Decrease Desire	ClamJuice	1.0000	1.0000	4.0000	3	1.0000	2.3839	0.4700	0.0676	1.0000	0.9064	0.1788	-1.0000	0.3714	0.3714	-0.0000	1.3577
49.0000	65.0000	Decrease Desire	GreenGrapes	4.0000	4.0000	6.0000	4	-1.0000	1.4942	0.7387	-0.1142	0.0000	0.7387	0.1641	-1.0000	0.2721	0.2721	-0.0000	0.5135
49.0000	66.0000	Decrease Desire	Raspberries	2.0000	4.0000	5.0000	5	1.0000	1.0409	0.3524	-0.1944	1.0000	0.5369	0.2372	-1.0000	0.2876	0.3058	-0.0182	0.8185
49.0000	67.0000	Decrease Desire	RufflesSourCreamOnion	5.0000	6.0000	1.0000	5	-1.0000	1.1924	0.3359	0.0428	0.0000	0.3359	0.1382	-1.0000	0.1954	0.1954	-0.0000	0.3236
49.0000	68.0000	Decrease Desire	FrootLoops	1.0000	2.0000	1.0000	2	1.0000	3.6780	1.0744	-0.0862	3.0000	3.1236	0.3585	-1.0000	0.6472	0.6472	-0.0000	1.3205
49.0000	69.0000	Decrease Desire	FrozenOkra	4.0000	3.0000	5.0000	5	1.0000	1.2255	0.5705	0.1010	0.0000	0.5705	0.1786	1.0000	0.1471	0.1471	-0.0000	0.2526
49.0000	70.0000	Decrease Desire	Pringles	5.0000	6.0000	1.0000	2	-1.0000	1.0245	0.2856	0.0786	1.0000	0.4870	0.2380	1.0000	0.2918	0.2918	-0.0001	0.7849
49.0000	71.0000	Respond Naturally	Snickers	4.0000	4.0000	2.0000	2	1.0000	2.4525	0.4198	-0.0461	2.0000	1.9149	0.2567	1.0000	0.4061	0.4061	-0.0000	1.5604
49.0000	72.0000	Respond Naturally	RiceKrispiesCereal	3.0000	4.0000	2.0000	7	-1.0000	1.0410	0.5371	0.3238	0.0000	0.5371	0.1020	-1.0000	0.1561	0.1561	-0.0000	0.2719
49.0000	73.0000	Respond Naturally	FrozenBroccoli	3.0000	4.0000	6.0000	6	-1.0000	1.6289	1.1585	0.0795	0.0000	1.1585	0.1856	-1.0000	0.1656	0.1656	-0.0000	0.3641
49.0000	74.0000	Respond Naturally	CheeseNips	4.0000	5.0000	3.0000	2	1.0000	2.6702	0.3356	-0.1145	2.0000	1.2259	0.2087	1.0000	0.3781	0.3886	-0.0105	1.3718
49.0000	75.0000	Respond Naturally	CoffeeCrisp	3.0000	5.0000	2.0000	3	1.0000	1.0747	0.4701	0.1718	1.0000	0.6214	0.2612	-1.0000	0.2202	0.2202	-0.0000	0.8759
49.0000	76.0000	Respond Naturally	Shreddies	2.0000	3.0000	3.0000	5	-1.0000	2.1325	0.4201	-0.1338	0.0000	0.4201	0.1771	-1.0000	0.0747	0.0876	-0.0128	0.4279
49.0000	77.0000	Respond Naturally	Caramilk	2.0000	2.0000	2.0000	5	-1.0000	1.1754	0.2856	0.6830	0.0000	0.2856	0.1105	-1.0000	0.0450	0.0450	-0.0000	0.0926
49.0000	78.0000	Respond Naturally	FrozenPeaches	4.0000	5.0000	6.0000	2	1.0000	0.9405	0.4198	0.1431	0.0000	0.4198	0.2083	1.0000	0.1653	0.1653	-0.0000	0.6903
49.0000	79.0000	Respond Naturally	AlmondMilk	4.0000	4.0000	5.0000	4	-1.0000	1.1924	0.4365	-0.3382	0.0000	0.4365	0.2363	-1.0000	0.2189	0.2189	-0.0000	0.4814
49.0000	80.0000	Respond Naturally	RitzCrackers	4.0000	5.0000	3.0000	5	1.0000	1.5957	0.5041	0.4288	0.0000	0.5041	0.1622	1.0000	0.0497	0.0564	-0.0068	0.3595
49.0000	81.0000	Respond Naturally	Cheerios	3.0000	4.0000	5.0000	5	-1.0000	1.0244	0.4365	0.0922	0.0000	0.4365	0.1163	-1.0000	0.0805	0.0805	-0.0000	0.2015
49.0000	82.0000	Respond Naturally	Mars	1.0000	2.0000	1.0000	4	-1.0000	0.9905	0.5370	-0.4573	0.0000	0.5370	0.1689	-1.0000	0.1307	0.1308	-0.0001	0.3445
49.0000	83.0000	Respond Naturally	IceCreamVanilla	4.0000	4.0000	3.0000	4	-1.0000	1.9308	0.5534	0.3257	2.0000	1.1581	0.3025	-1.0000	0.3443	0.3443	-0.0000	1.0692
49.0000	84.0000	Respond Naturally	GreenPepper	3.0000	3.0000	5.0000	6	-1.0000	1.2593	0.7217	0.2466	0.0000	0.7217	0.1571	-1.0000	0.1200	0.1224	-0.0023	0.2950
49.0000	85.0000	Respond Naturally	Twizzlers	1.0000	1.0000	1.0000	2	-1.0000	0.9399	0.4365	-0.3050	0.0000	0.4365	0.2152	-1.0000	0.1657	0.1657	-0.0000	0.3365
49.0000	86.0000	Respond Naturally	Tempeh	2.0000	1.0000	4.0000	4	-1.0000	1.1080	0.5537	-0.0193	0.0000	0.5537	0.1659	-1.0000	0.1818	0.1818	-0.0000	0.3854
49.0000	87.0000	Respond Naturally	ClifBar	1.0000	2.0000	3.0000	2	-1.0000	1.0750	0.5375	-0.1495	0.0000	0.5375	0.2043	-1.0000	0.1700	0.1700	-0.0000	0.3803
49.0000	88.0000	Respond Naturally	SevenGrain	2.0000	3.0000	3.0000	3	-1.0000	0.9574	0.4031	0.0852	0.0000	0.4031	0.1422	-1.0000	0.1767	0.1767	-0.0001	0.3669
49.0000	89.0000	Respond Naturally	HoneyNutCheerios	3.0000	3.0000	3.0000	5	-1.0000	1.0413	0.4368	0.5715	0.0000	0.4368	0.1559	-1.0000	0.0930	0.0930	-0.0000	0.1812
49.0000	90.0000	Respond Naturally	WaterChestnuts	3.0000	3.0000	5.0000	5	-1.0000	0.9240	0.2352	0.1778	0.0000	0.2352	0.1550	-1.0000	0.1255	0.1255	-0.0000	0.2265
49.0000	91.0000	Decrease Desire	Avocado	6.0000	4.0000	6.0000	5	-1.0000	1.9313	0.4869	-0.0799	1.0000	0.7389	0.3173	1.0000	0.5950	0.5950	-0.0000	1.5022
49.0000	92.0000	Decrease Desire	SevenGrain	2.0000	3.0000	3.0000	1	1.0000	1.6792	0.3863	-0.2123	1.0000	0.9908	0.2735	-1.0000	0.4740	0.4740	-0.0000	1.5896
49.0000	93.0000	Decrease Desire	IceCreamChocolate	3.0000	4.0000	3.0000	1	1.0000	2.6875	0.3695	0.1843	3.0000	1.9652	0.1646	-1.0000	0.4785	0.4961	-0.0177	1.3296
49.0000	94.0000	Decrease Desire	TofuDessert	4.0000	5.0000	4.0000	4	1.0000	3.5270	0.5873	0.2074	2.0000	2.4860	0.3308	1.0000	0.2836	0.3123	-0.0286	1.3052
49.0000	95.0000	Decrease Desire	Cauliflower	1.0000	2.0000	6.0000	2	1.0000	2.8204	1.7956	0.0498	1.0000	2.1988	0.4516	-1.0000	0.3980	0.3980	-0.0000	1.4975
49.0000	96.0000	Decrease Desire	SunChips	4.0000	5.0000	2.0000	4	-1.0000	1.1255	0.4368	-0.0942	0.0000	0.4368	0.1856	-1.0000	0.1397	0.1397	-0.0001	0.3312
49.0000	97.0000	Decrease Desire	Cauliflower	1.0000	3.0000	6.0000	6	1.0000	0.8567	0.1849	-0.0183	1.0000	0.5040	0.2699	-1.0000	0.2616	0.2616	-0.0000	0.8274
49.0000	98.0000	Decrease Desire	KashiBars	2.0000	3.0000	3.0000	1	1.0000	1.3604	0.3023	0.1056	1.0000	0.6719	0.3357	-1.0000	0.2574	0.2574	-0.0000	0.9729
49.0000	99.0000	Decrease Desire	MangoChunks	5.0000	6.0000	5.0000	5	-1.0000	1.2089	0.7386	0.3387	0.0000	0.7386	0.2264	-1.0000	0.1031	0.1031	-0.0000	0.1710
49.0000	100.0000	Decrease Desire	PCChipCookie	1.0000	3.0000	1.0000	5	1.0000	1.3939	0.7555	-0.0887	1.0000	0.8899	0.3350	-1.0000	0.2131	0.2131	-0.0000	0.7282
49.0000	101.0000	Decrease Desire	Mentos	3.0000	4.0000	1.0000	5	1.0000	2.8385	0.5709	0.0548	2.0000	1.3438	0.3588	1.0000	0.4154	0.4201	-0.0047	1.3797
49.0000	102.0000	Decrease Desire	FrozenPeas	4.0000	4.0000	6.0000	2	1.0000	1.4778	0.3355	-0.0250	1.0000	0.8228	0.3091	-1.0000	0.5385	0.5385	-0.0000	1.4010
49.0000	103.0000	Decrease Desire	FrozenOkra	3.0000	3.0000	5.0000	2	1.0000	0.9735	0.5370	0.1755	0.0000	0.5370	0.1974	1.0000	0.0917	0.0917	-0.0000	0.2245
49.0000	104.0000	Decrease Desire	Reese	1.0000	3.0000	1.0000	1	1.0000	1.5113	0.3862	0.0932	1.0000	0.8396	0.2709	-1.0000	0.0954	0.1237	-0.0283	0.4477
49.0000	105.0000	Decrease Desire	Broccoli	2.0000	2.0000	6.0000	4	1.0000	4.2489	1.9308	0.0064	1.0000	2.2669	0.1674	-1.0000	0.3122	0.3154	-0.0033	0.8693
49.0000	106.0000	Decrease Desire	PCChipCookie	2.0000	4.0000	1.0000	2	1.0000	2.6193	0.3696	-0.1148	0.0000	0.3696	0.1612	1.0000	0.0198	0.0340	-0.0141	0.1779
49.0000	107.0000	Decrease Desire	FrozenBroccoli	3.0000	4.0000	6.0000	2	1.0000	2.9380	0.4196	0.2763	2.0000	0.8396	0.1619	1.0000	0.0818	0.0829	-0.0011	0.4627
49.0000	108.0000	Decrease Desire	MangoChunks	5.0000	5.0000	5.0000	2	-1.0000	1.0745	0.3024	-0.1509	0.0000	0.3024	0.1101	-1.0000	0.1183	0.1183	-0.0000	0.2627
49.0000	109.0000	Decrease Desire	LaysClassic	4.0000	6.0000	1.0000	4	-1.0000	0.8735	0.4032	0.3872	0.0000	0.4032	0.1271	-1.0000	0.1489	0.1489	-0.0000	0.3398
49.0000	110.0000	Decrease Desire	PopTartStrawberry	1.0000	2.0000	1.0000	2	1.0000	1.2422	0.1847	-0.3034	1.0000	0.6715	0.3287	-1.0000	0.6547	0.6548	-0.0001	1.3850
49.0000	111.0000	Respond Naturally	SlimStyles	1.0000	1.0000	3.0000	6	-1.0000	1.8980	0.4868	-0.3280	2.0000	1.1925	0.3073	-1.0000	0.2039	0.2101	-0.0062	1.0903
49.0000	112.0000	Respond Naturally	NatureValleyChocolate	2.0000	3.0000	2.0000	4	-1.0000	1.0584	0.3528	0.1753	2.0000	0.7560	0.1206	-1.0000	0.1419	0.1419	-0.0000	0.3126
49.0000	113.0000	Respond Naturally	Doritos	4.0000	5.0000	1.0000	5	1.0000	1.0921	0.1680	-0.1949	1.0000	0.6217	0.2754	-1.0000	0.4257	0.4257	-0.0000	1.0468
49.0000	114.0000	Respond Naturally	MnMPeanuts	4.0000	5.0000	1.0000	4	1.0000	1.7973	0.1679	0.0576	1.0000	0.5543	0.2994	-1.0000	0.3104	0.3157	-0.0054	1.2787
49.0000	115.0000	Respond Naturally	SkittlesSour	3.0000	3.0000	1.0000	3	-1.0000	1.4446	0.7726	-0.0000	0.0000	0.7726	0.2495	-1.0000	0.0664	0.0821	-0.0156	0.6286
49.0000	116.0000	Respond Naturally	Cheetos	5.0000	6.0000	1.0000	3	1.0000	1.4946	0.3191	-0.1400	2.0000	1.1755	0.2234	1.0000	0.0442	0.0773	-0.0331	0.3067
49.0000	117.0000	Respond Naturally	ClamJuice	1.0000	1.0000	4.0000	1	-1.0000	0.8561	0.3692	-0.0737	0.0000	0.3692	0.2319	-1.0000	0.1031	0.1031	-0.0000	0.1708
49.0000	118.0000	Respond Naturally	Smartfood	4.0000	6.0000	2.0000	4	1.0000	0.9568	0.4697	-0.1827	0.0000	0.4697	0.2804	1.0000	0.1578	0.1578	-0.0000	0.5072
49.0000	119.0000	Respond Naturally	OatBran	1.0000	1.0000	5.0000	2	-1.0000	1.0416	0.3191	0.1133	0.0000	0.3191	0.1504	-1.0000	0.0916	0.0917	-0.0001	0.2213
49.0000	120.0000	Respond Naturally	Strawberries	5.0000	4.0000	4.0000	3	-1.0000	2.0487	0.4362	-0.0000	1.0000	1.3939	0.1974	1.0000	0.6369	0.6369	-0.0000	1.2579
49.0000	121.0000	Decrease Desire	GreenBeans	1.0000	4.0000	5.0000	2	1.0000	6.6844	1.2426	-0.2038	6.0000	5.3241	0.3654	1.0000	0.3534	0.3540	-0.0006	1.3563
49.0000	122.0000	Decrease Desire	Fritos	3.0000	4.0000	2.0000	5	-1.0000	0.9404	0.5205	0.0097	0.0000	0.5205	0.2881	-1.0000	0.1550	0.1582	-0.0032	0.3259
49.0000	123.0000	Decrease Desire	VegetableThins	4.0000	3.0000	2.0000	2	1.0000	1.1251	0.1680	0.0245	0.0000	0.1680	0.1333	1.0000	0.0904	0.0904	-0.0000	0.1701
49.0000	124.0000	Decrease Desire	Mackerel	5.0000	6.0000	5.0000	3	-1.0000	5.1879	0.6217	-0.4960	1.0000	1.2596	0.3079	1.0000	1.1092	1.1092	-0.0000	1.4971
49.0000	125.0000	Decrease Desire	Mackerel	4.0000	5.0000	5.0000	1	-1.0000	0.8894	0.4365	-0.1690	0.0000	0.4365	0.2192	-1.0000	0.0811	0.0811	-0.0000	0.1586
49.0000	126.0000	Decrease Desire	CheeseNips	4.0000	5.0000	2.0000	5	-1.0000	1.2596	0.5373	-0.3343	1.0000	0.7893	0.3453	1.0000	0.3959	0.3959	-0.0000	1.3764
49.0000	127.0000	Decrease Desire	Prunes	1.0000	4.0000	5.0000	5	1.0000	1.1079	0.4864	-0.0996	0.0000	0.4864	0.2287	1.0000	0.0960	0.0964	-0.0004	0.2063
49.0000	128.0000	Decrease Desire	FrozenCorn	5.0000	6.0000	6.0000	4	1.0000	3.5441	0.5375	0.0988	3.0000	2.3514	0.1806	-1.0000	0.6707	0.6707	-0.0000	1.3708
49.0000	129.0000	Decrease Desire	NatureValleyChocolate	3.0000	2.0000	2.0000	1	1.0000	0.8901	0.3359	-0.0311	0.0000	0.3359	0.1224	1.0000	0.1632	0.1636	-0.0004	0.2881
49.0000	130.0000	Decrease Desire	Mars	1.0000	2.0000	1.0000	2	1.0000	1.0578	0.4029	-0.0360	0.0000	0.4029	0.3204	1.0000	0.2442	0.2444	-0.0001	0.6773
49.0000	131.0000	Respond Naturally	MnMPlain	4.0000	4.0000	1.0000	5	-1.0000	9.8394	8.2439	0.0859	2.0000	9.4531	0.3408	-1.0000	0.2986	0.3015	-0.0030	1.4046
49.0000	132.0000	Respond Naturally	Aero	1.0000	4.0000	1.0000	3	-1.0000	0.8395	0.3355	-0.0193	0.0000	0.3355	0.1369	-1.0000	0.0928	0.0928	-0.0000	0.2351
49.0000	133.0000	Respond Naturally	SkittlesSour	3.0000	3.0000	1.0000	6	-1.0000	0.9235	0.2013	0.0233	0.0000	0.2013	0.1733	-1.0000	0.0864	0.1011	-0.0147	0.2201
49.0000	134.0000	Respond Naturally	BrusselsSprouts	1.0000	1.0000	6.0000	2	-1.0000	1.4949	0.5207	0.2747	1.0000	0.8231	0.2944	1.0000	0.5366	0.5366	-0.0000	1.5458
49.0000	135.0000	Respond Naturally	Prunes	1.0000	3.0000	6.0000	2	-1.0000	1.9315	0.5878	0.2588	1.0000	1.0246	0.3801	1.0000	0.5894	0.5894	-0.0000	1.3070
49.0000	136.0000	Respond Naturally	MnMPeanuts	4.0000	6.0000	2.0000	2	1.0000	1.4448	0.2016	0.0515	1.0000	0.7897	0.2155	-1.0000	0.5140	0.5140	-0.0000	1.2314
49.0000	137.0000	Respond Naturally	CannedArtichoke	1.0000	2.0000	5.0000	2	-1.0000	1.2263	0.4032	0.0122	0.0000	0.4032	0.2476	-1.0000	0.1245	0.1245	-0.0000	0.3477
49.0000	138.0000	Respond Naturally	DriedApricots	2.0000	4.0000	4.0000	2	-1.0000	1.1080	0.4699	0.1607	0.0000	0.4699	0.1190	-1.0000	0.1446	0.1448	-0.0003	0.2812
49.0000	139.0000	Respond Naturally	Celery	2.0000	4.0000	6.0000	4	-1.0000	2.9552	0.4703	-0.0645	4.0000	2.6193	0.2655	-1.0000	0.7409	0.7409	-0.0000	1.4390
49.0000	140.0000	Respond Naturally	PopTartStrawberry	1.0000	1.0000	1.0000	5	-1.0000	0.9900	0.5034	0.0033	0.0000	0.5034	0.2131	-1.0000	0.0753	0.0901	-0.0148	0.1720
49.0000	141.0000	Respond Naturally	BabyFoodCarrots	1.0000	2.0000	6.0000	3	-1.0000	3.4090	2.7873	0.0414	0.0000	2.7873	0.1300	-1.0000	0.1327	0.1328	-0.0001	0.2783
49.0000	142.0000	Respond Naturally	AppleChips	5.0000	5.0000	5.0000	5	1.0000	1.7975	0.5373	-0.3222	2.0000	1.1422	0.2711	1.0000	0.3650	0.3721	-0.0071	1.4039
49.0000	143.0000	Respond Naturally	Almonds	5.0000	5.0000	4.0000	4	-1.0000	9.9891	0.3021	-0.1579	2.0000	6.3626	0.6060	-1.0000	1.9387	1.9387	-0.0000	3.4668
49.0000	144.0000	Respond Naturally	LaysClassic	5.0000	6.0000	1.0000	3	1.0000	1.6624	0.5871	0.0082	1.0000	0.9399	0.3223	-1.0000	0.4176	0.4176	-0.0000	1.5033
49.0000	145.0000	Respond Naturally	Smartfood	5.0000	5.0000	3.0000	2	1.0000	1.3604	0.4364	-0.0498	0.0000	0.4364	0.1290	1.0000	0.1999	0.1999	-0.0000	0.3529
49.0000	146.0000	Respond Naturally	Tempeh	2.0000	3.0000	4.0000	2	-1.0000	0.8905	0.4200	-0.2652	0.0000	0.4200	0.1749	-1.0000	0.1550	0.1550	-0.0000	0.3199
49.0000	147.0000	Respond Naturally	Twizzlers	1.0000	1.0000	1.0000	4	-1.0000	0.9406	0.4870	0.1367	0.0000	0.4870	0.1289	-1.0000	0.1479	0.1479	-0.0000	0.2222
49.0000	148.0000	Respond Naturally	Cheetos	6.0000	6.0000	1.0000	6	1.0000	0.9568	0.3859	-0.0742	0.0000	0.3859	0.1980	1.0000	0.1388	0.1394	-0.0006	0.3921
49.0000	149.0000	Respond Naturally	Shreddies	2.0000	3.0000	3.0000	2	-1.0000	1.7295	0.4197	-0.2569	0.0000	0.4197	0.1813	-1.0000	0.0563	0.0622	-0.0059	0.1975
49.0000	150.0000	Respond Naturally	CoffeeCrisp	5.0000	5.0000	2.0000	1	1.0000	2.6701	0.2015	0.4679	1.0000	0.9068	0.3332	-1.0000	0.8447	0.8447	-0.0000	1.3335
49.0000	151.0000	Decrease Desire	Starburst	4.0000	4.0000	1.0000	6	-1.0000	6.0957	3.4080	0.2273	2.0000	4.8361	0.1942	-1.0000	0.2177	0.2207	-0.0030	1.1073
49.0000	152.0000	Decrease Desire	RedPepper	3.0000	2.0000	5.0000	2	-1.0000	2.0155	0.4368	-0.0000	0.0000	0.4368	0.1083	-1.0000	0.0712	0.0731	-0.0019	0.2957
49.0000	153.0000	Decrease Desire	Broccoli	1.0000	3.0000	6.0000	1	-1.0000	0.8733	0.3696	0.0940	0.0000	0.3696	0.1470	-1.0000	0.0923	0.1007	-0.0084	0.2359
49.0000	154.0000	Decrease Desire	SlimStyles	1.0000	3.0000	3.0000	2	-1.0000	4.0293	0.5542	0.0364	0.0000	0.5542	0.2647	-1.0000	-0.0030	0.0264	-0.0294	0.2090
49.0000	155.0000	Decrease Desire	AllBranBar	1.0000	3.0000	3.0000	1	-1.0000	0.8727	0.4192	0.3384	0.0000	0.4192	0.1651	-1.0000	0.1056	0.1056	-0.0000	0.1796
49.0000	156.0000	Decrease Desire	AlmondMilk	4.0000	4.0000	5.0000	2	1.0000	2.9381	0.2687	-0.0072	1.0000	0.9573	0.3938	-1.0000	0.4812	0.4813	-0.0000	1.4363
49.0000	157.0000	Decrease Desire	BrusselsSprouts	1.0000	1.0000	6.0000	4	-1.0000	1.0579	0.3189	-0.1929	0.0000	0.3189	0.1566	-1.0000	0.0859	0.0876	-0.0017	0.2234
49.0000	158.0000	Decrease Desire	GreenGrapes	2.0000	3.0000	6.0000	1	-1.0000	1.8310	0.2854	-0.0292	2.0000	1.2263	0.3428	-1.0000	0.4492	0.4492	-0.0000	1.4560
49.0000	159.0000	Decrease Desire	BabyFoodCarrots	1.0000	1.0000	5.0000	5	-1.0000	1.2094	0.6718	0.3487	0.0000	0.6718	0.2413	-1.0000	0.0978	0.0978	-0.0000	0.1758
49.0000	160.0000	Decrease Desire	Triscuit	3.0000	5.0000	3.0000	2	-1.0000	0.8899	0.4868	-0.1426	0.0000	0.4868	0.1991	-1.0000	0.1497	0.1499	-0.0001	0.2855
49.0000	161.0000	Decrease Desire	AllBranBar	3.0000	3.0000	2.0000	3	-1.0000	1.5116	0.5541	0.4596	0.0000	0.5541	0.1829	-1.0000	0.1097	0.1097	-0.0000	0.2068
49.0000	162.0000	Decrease Desire	SlicedTurkey	6.0000	6.0000	5.0000	5	1.0000	5.0877	0.6721	-0.7033	2.0000	1.2770	0.3248	1.0000	0.2057	0.2057	-0.0000	1.1872
49.0000	163.0000	Decrease Desire	Reese	1.0000	1.0000	1.0000	4	-1.0000	0.8400	0.4536	-0.1535	0.0000	0.4536	0.2135	-1.0000	0.2217	0.2217	-0.0000	0.5466
49.0000	164.0000	Decrease Desire	YorkPeppermintPatties	4.0000	6.0000	2.0000	4	1.0000	1.6794	0.4534	-0.0144	1.0000	0.6214	0.2694	-1.0000	0.2172	0.2197	-0.0026	1.0338
49.0000	165.0000	Decrease Desire	Butternut	2.0000	6.0000	6.0000	7	-1.0000	1.4609	0.8059	-0.0933	0.0000	0.8059	0.0539	-1.0000	0.2543	0.2543	-0.0000	0.4376
49.0000	166.0000	Decrease Desire	RomaineLettuce	3.0000	4.0000	6.0000	4	-1.0000	3.4244	0.4365	0.0806	0.0000	0.4365	0.2929	-1.0000	0.0361	0.0412	-0.0051	0.2941
49.0000	167.0000	Decrease Desire	Nutella	1.0000	3.0000	1.0000	1	-1.0000	1.0748	0.3023	0.2421	0.0000	0.3023	0.1192	-1.0000	0.0766	0.0805	-0.0039	0.1926
49.0000	168.0000	Decrease Desire	PureFit	1.0000	1.0000	3.0000	2	-1.0000	0.9236	0.2686	0.1381	0.0000	0.2686	0.1758	-1.0000	0.0961	0.0961	-0.0000	0.2259
49.0000	169.0000	Decrease Desire	ProMax	2.0000	3.0000	1.0000	4	-1.0000	1.0074	0.3360	0.1411	0.0000	0.3360	0.1213	-1.0000	0.1018	0.1018	-0.0000	0.2191
49.0000	170.0000	Decrease Desire	GreenPepper	1.0000	4.0000	5.0000	2	-1.0000	1.0078	0.2353	0.4699	1.0000	0.3864	0.2062	1.0000	0.2338	0.2338	-0.0000	0.4254
49.0000	171.0000	Respond Naturally	GreenApple	4.0000	4.0000	6.0000	2	1.0000	1.7467	1.0410	-0.4320	0.0000	1.0410	0.1410	1.0000	0.1476	0.1476	-0.0000	0.2433
49.0000	172.0000	Respond Naturally	RufflesSourCreamOnion	5.0000	6.0000	6.0000	3	1.0000	0.9404	0.5036	0.1251	0.0000	0.5036	0.2158	1.0000	0.0978	0.0990	-0.0012	0.1821
49.0000	173.0000	Respond Naturally	ClifBar	2.0000	2.0000	3.0000	4	-1.0000	0.9742	0.2352	-0.2487	1.0000	0.4705	0.2187	1.0000	0.4384	0.4384	-0.0000	1.0938
49.0000	174.0000	Respond Naturally	DriedHerring	2.0000	4.0000	5.0000	1	-1.0000	3.6603	0.2351	-0.0399	2.0000	1.2759	0.1580	-1.0000	0.2782	0.2783	-0.0001	1.0284
49.0000	175.0000	Respond Naturally	Butternut	2.0000	3.0000	5.0000	3	-1.0000	0.9241	0.1848	0.0621	0.0000	0.1848	0.1013	-1.0000	0.1567	0.1567	-0.0000	0.2931
49.0000	176.0000	Respond Naturally	KashiBars	2.0000	3.0000	3.0000	4	-1.0000	0.8399	0.1511	0.2843	0.0000	0.1511	0.1074	-1.0000	0.0597	0.0642	-0.0046	0.1603
49.0000	177.0000	Respond Naturally	Tuna	3.0000	5.0000	5.0000	2	-1.0000	0.8055	0.1512	0.4175	0.0000	0.1512	0.1383	-1.0000	0.0462	0.0462	-0.0000	0.1293
49.0000	178.0000	Respond Naturally	RiceKrispiesCereal	1.0000	4.0000	3.0000	3	-1.0000	1.2760	0.6545	0.0586	0.0000	0.6545	0.3424	-1.0000	0.0990	0.0990	-0.0000	0.1530
49.0000	179.0000	Respond Naturally	OatmealSquares	3.0000	3.0000	2.0000	7	-1.0000	0.8900	0.3020	-0.0496	0.0000	0.3020	0.1242	-1.0000	0.1547	0.1547	-0.0000	0.4039
49.0000	180.0000	Respond Naturally	BBQCrisps	3.0000	4.0000	1.0000	2	-1.0000	3.0394	0.2516	0.1846	2.0000	2.0317	0.3897	-1.0000	0.3512	0.3715	-0.0203	1.3704
49.0000	181.0000	Respond Naturally	SpeltCakes	3.0000	4.0000	4.0000	5	1.0000	5.4406	0.7050	-0.0136	5.0000	4.8358	0.3948	-1.0000	0.3059	0.3059	-0.0000	1.3648
49.0000	182.0000	Respond Naturally	Smarties	5.0000	4.0000	1.0000	5	1.0000	2.0488	0.3694	-0.0190	1.0000	0.7554	0.2449	-1.0000	0.6926	0.6954	-0.0028	1.7685
49.0000	183.0000	Respond Naturally	OikosYogurt	1.0000	4.0000	5.0000	3	-1.0000	0.9070	0.4367	-0.1087	0.0000	0.4367	0.2192	-1.0000	0.1439	0.1439	-0.0000	0.2598
49.0000	184.0000	Respond Naturally	Orange	5.0000	6.0000	6.0000	5	1.0000	1.2754	0.4533	-0.2197	0.0000	0.4533	0.1659	1.0000	0.1808	0.1808	-0.0000	0.4095
49.0000	185.0000	Respond Naturally	SlicedTurkey	5.0000	6.0000	5.0000	2	1.0000	1.0914	0.3360	0.2927	1.0000	0.5879	0.1656	-1.0000	0.2457	0.2457	-0.0000	0.7071
49.0000	186.0000	Respond Naturally	FrozenBlueberries	3.0000	4.0000	5.0000	1	-1.0000	0.9573	0.4199	-0.0276	0.0000	0.4199	0.1864	-1.0000	0.2198	0.2198	-0.0000	0.5161
49.0000	187.0000	Respond Naturally	FrozenPeas	3.0000	4.0000	6.0000	6	-1.0000	0.7895	0.4030	0.4883	0.0000	0.4030	0.2876	-1.0000	0.0872	0.0872	-0.0000	0.2466
49.0000	188.0000	Respond Naturally	Beets	2.0000	3.0000	5.0000	2	-1.0000	0.9573	0.1510	0.1210	0.0000	0.1510	0.1698	-1.0000	0.0059	0.0305	-0.0246	0.1571
49.0000	189.0000	Respond Naturally	AllBranCereal	1.0000	2.0000	4.0000	6	-1.0000	1.4279	0.2857	0.2790	1.0000	0.4201	0.1407	1.0000	0.1233	0.1233	-0.0000	0.2617
49.0000	190.0000	Respond Naturally	SunChips	5.0000	5.0000	2.0000	2	1.0000	1.8142	0.3526	-0.0637	1.0000	0.5375	0.3223	-1.0000	0.1354	0.1911	-0.0556	1.2413
49.0000	191.0000	Decrease Desire	PureFit	1.0000	1.0000	2.0000	4	-1.0000	1.2596	0.4701	-0.0000	0.0000	0.4701	0.2128	-1.0000	0.0151	0.0550	-0.0399	0.2081
49.0000	192.0000	Decrease Desire	VegetableThins	3.0000	4.0000	2.0000	5	-1.0000	1.1075	0.3689	1.2431	0.0000	0.3689	0.1283	-1.0000	-0.0801	0.0005	-0.0806	-0.1725
49.0000	193.0000	Decrease Desire	SkimMilk	3.0000	3.0000	5.0000	1	-1.0000	0.7556	0.3359	0.2805	0.0000	0.3359	0.1540	-1.0000	0.1296	0.1296	-0.0000	0.2651
49.0000	194.0000	Decrease Desire	FrozenBlueberries	3.0000	5.0000	6.0000	3	-1.0000	0.5706	0.1512	0.6412	0.0000	0.1512	0.1671	-1.0000	0.0450	0.0450	-0.0000	0.1145
49.0000	195.0000	Decrease Desire	IceCreamVanilla	3.0000	4.0000	3.0000	1	-1.0000	0.6385	0.2184	0.6448	0.0000	0.2184	0.1265	-1.0000	0.0471	0.0471	-0.0000	0.1274
49.0000	196.0000	Decrease Desire	WelchsFruitSnacks	5.0000	5.0000	1.0000	3	1.0000	1.2759	0.3018	-0.0059	1.0000	0.7382	0.2921	-1.0000	0.2614	0.2763	-0.0149	0.9470
49.0000	197.0000	Decrease Desire	Asparagus	1.0000	2.0000	5.0000	6	-1.0000	1.1243	0.3190	0.0859	0.0000	0.3190	0.2077	-1.0000	0.2018	0.2018	-0.0000	0.2900
49.0000	198.0000	Decrease Desire	SpeltCakes	4.0000	4.0000	3.0000	2	1.0000	2.0820	0.1845	-0.6071	2.0000	0.7889	0.3189	1.0000	0.6922	0.6922	-0.0000	1.1872
49.0000	199.0000	Decrease Desire	Spinach	2.0000	3.0000	6.0000	4	-1.0000	1.1418	0.5036	0.2665	0.0000	0.5036	0.1768	-1.0000	0.0764	0.0764	-0.0000	0.1579
49.0000	200.0000	Decrease Desire	FrozenCorn	4.0000	6.0000	4.0000	2	-1.0000	2.9383	0.1511	0.5735	0.0000	0.1511	0.1224	-1.0000	0.0306	0.0309	-0.0003	0.1054
