Subject	Trial	Instruction	Food	Liking	Taste	Health	Amount	Choice	ChoiceRT	FirstDevTimeChoice	InitAngleChoice	NumChangeMindChoice	FinalDevTimeChoice	MaxVelocityChoice	DrxFirstDevChoice	TotalAUCChoice	AUCtoNonChosenChoice	AUCtoChosenChoice	MaxDevChoice
124.0000	1.0000	Respond Naturally	VegetableThins	3.0000	5.0000	4.0000	2	-1.0000	1.1079	0.5202	-0.1815	0.0000	0.5202	0.2251	-1.0000	0.3395	0.3536	-0.0140	0.6778
124.0000	2.0000	Respond Naturally	DriedApricots	3.0000	3.0000	5.0000	5	-1.0000	0.9064	0.5370	-0.0000	0.0000	0.5370	0.2167	-1.0000	0.2328	0.2330	-0.0003	0.3694
124.0000	3.0000	Respond Naturally	Spinach	3.0000	2.0000	6.0000	2	-1.0000	1.0915	0.4365	0.0433	0.0000	0.4365	0.3192	-1.0000	0.1133	0.1380	-0.0246	0.3303
124.0000	4.0000	Respond Naturally	RufflesSourCreamOnion	6.0000	6.0000	1.0000	5	1.0000	0.8059	0.4196	-0.1152	0.0000	0.4196	0.1902	1.0000	0.2096	0.2096	-0.0000	0.3450
124.0000	5.0000	Respond Naturally	SunChips	6.0000	6.0000	2.0000	4	1.0000	0.7051	0.2013	0.0167	0.0000	0.2013	0.1309	1.0000	0.1743	0.1743	-0.0000	0.4498
124.0000	6.0000	Respond Naturally	VanillaGreekYogurt	3.0000	5.0000	5.0000	4	1.0000	1.0747	0.1344	0.0112	0.0000	0.1344	0.2149	1.0000	0.2436	0.2461	-0.0024	0.4300
124.0000	7.0000	Respond Naturally	LaysClassic	6.0000	6.0000	1.0000	4	1.0000	0.6716	0.3526	0.0386	0.0000	0.3526	0.1635	1.0000	0.2806	0.2806	-0.0000	0.4531
124.0000	8.0000	Respond Naturally	OatmealSquares	3.0000	3.0000	4.0000	7	-1.0000	2.4688	0.1007	0.3458	3.0000	1.6627	0.4201	1.0000	0.3061	0.3276	-0.0215	1.2701
124.0000	9.0000	Respond Naturally	RaisinBran	3.0000	3.0000	5.0000	3	-1.0000	1.2766	0.7224	-0.0000	0.0000	0.7224	0.2394	-1.0000	0.2737	0.2953	-0.0216	0.5258
124.0000	10.0000	Respond Naturally	Smarties	6.0000	6.0000	1.0000	5	1.0000	0.9065	0.4027	-0.0017	0.0000	0.4027	0.1412	1.0000	0.2279	0.2279	-0.0000	0.4166
124.0000	11.0000	Focus on Health	FrozenBroccoli	6.0000	5.0000	6.0000	6	1.0000	1.1418	0.3022	0.0000	0.0000	0.3022	0.2211	1.0000	0.1092	0.1205	-0.0113	0.3452
124.0000	12.0000	Focus on Health	CannedArtichoke	2.0000	2.0000	5.0000	5	-1.0000	1.3261	0.6376	-0.0574	0.0000	0.6376	0.1874	-1.0000	0.3879	0.3914	-0.0035	0.6858
124.0000	13.0000	Focus on Health	Doritos	6.0000	6.0000	1.0000	5	-1.0000	1.0748	0.3360	0.0215	1.0000	0.5711	0.1966	1.0000	0.3021	0.3049	-0.0028	0.7122
124.0000	14.0000	Focus on Health	Cheetos	6.0000	6.0000	1.0000	3	-1.0000	0.8396	0.3190	0.1630	1.0000	0.5037	0.2188	1.0000	0.3203	0.3203	-0.0000	0.4992
124.0000	15.0000	Focus on Health	MangoChunks	4.0000	5.0000	6.0000	5	1.0000	0.9570	0.4868	-0.2609	0.0000	0.4868	0.2864	1.0000	0.2850	0.3103	-0.0253	0.5740
124.0000	16.0000	Focus on Health	Mackerel	4.0000	1.0000	6.0000	3	-1.0000	1.9137	0.6208	-0.0000	3.0000	1.3428	0.1785	1.0000	0.3033	0.3033	-0.0000	0.5403
124.0000	17.0000	Focus on Health	Raspberries	2.0000	3.0000	5.0000	5	-1.0000	1.3599	0.5201	-0.0947	1.0000	0.7383	0.1491	1.0000	0.3928	0.3928	-0.0000	0.7511
124.0000	18.0000	Focus on Health	SlicedTurkey	5.0000	5.0000	5.0000	5	1.0000	1.3762	0.5536	0.2414	0.0000	0.5536	0.1801	1.0000	0.2015	0.2159	-0.0144	0.4859
124.0000	19.0000	Focus on Health	AppleChips	3.0000	3.0000	4.0000	5	-1.0000	1.3094	0.5538	-0.2767	0.0000	0.5538	0.2495	-1.0000	0.3010	0.3010	-0.0000	0.6068
124.0000	20.0000	Focus on Health	SpeltCakes	1.0000	2.0000	4.0000	2	1.0000	1.3938	0.1176	0.1682	2.0000	0.9574	0.1244	1.0000	0.1976	0.1976	-0.0000	0.4373
124.0000	21.0000	Respond Naturally	BBQCrisps	6.0000	2.0000	1.0000	2	1.0000	0.6380	0.2686	0.0694	0.0000	0.2686	0.1668	1.0000	0.2098	0.2098	-0.0000	0.3819
124.0000	22.0000	Respond Naturally	CheeseNips	6.0000	5.0000	1.0000	2	1.0000	1.7460	0.5370	0.1107	2.0000	1.1917	0.2912	1.0000	0.3934	0.4253	-0.0319	0.7301
124.0000	23.0000	Respond Naturally	Butternut	3.0000	2.0000	5.0000	7	-1.0000	1.1757	0.3191	-0.1171	0.0000	0.3191	0.1388	-1.0000	0.3360	0.3360	-0.0000	0.7346
124.0000	24.0000	Respond Naturally	Broccoli	4.0000	5.0000	6.0000	4	1.0000	1.5615	0.5538	-0.0016	0.0000	0.5538	0.3124	1.0000	0.3036	0.3289	-0.0254	0.6547
124.0000	25.0000	Respond Naturally	SlimStyles	3.0000	2.0000	3.0000	2	-1.0000	0.9406	0.4031	0.0840	0.0000	0.4031	0.1725	-1.0000	0.2310	0.2417	-0.0108	0.5581
124.0000	26.0000	Respond Naturally	RitzCrackers	6.0000	6.0000	3.0000	2	1.0000	0.9073	0.2183	-0.3038	0.0000	0.2183	0.0724	1.0000	0.2584	0.2584	-0.0000	0.5540
124.0000	27.0000	Respond Naturally	FrozenBroccoli	4.0000	5.0000	6.0000	2	1.0000	1.4778	0.3696	0.0074	1.0000	0.5544	0.1935	-1.0000	0.2166	0.2240	-0.0074	0.8552
124.0000	28.0000	Respond Naturally	CheeseNips	5.0000	6.0000	1.0000	5	1.0000	0.9067	0.1344	-0.0163	0.0000	0.1344	0.2064	1.0000	0.1226	0.1226	-0.0000	0.2465
124.0000	29.0000	Respond Naturally	FrootLoops	6.0000	6.0000	4.0000	2	1.0000	0.7558	0.3191	-0.0713	0.0000	0.3191	0.1247	1.0000	0.2268	0.2268	-0.0000	0.5394
124.0000	30.0000	Respond Naturally	Smarties	6.0000	6.0000	1.0000	2	1.0000	0.6719	0.1512	-0.1654	0.0000	0.1512	0.1306	1.0000	0.1915	0.1915	-0.0000	0.4081
124.0000	31.0000	Focus on Health	FrozenPeaches	4.0000	5.0000	6.0000	2	1.0000	1.0245	0.4031	-0.3564	0.0000	0.4031	0.1536	1.0000	0.1005	0.1005	-0.0000	0.2928
124.0000	32.0000	Focus on Health	MnMPlain	6.0000	6.0000	1.0000	5	-1.0000	0.8565	0.3021	-0.0155	0.0000	0.3021	0.1600	-1.0000	0.1455	0.1806	-0.0351	0.4555
124.0000	33.0000	Focus on Health	AllBranCereal	3.0000	3.0000	5.0000	6	1.0000	1.0242	0.3023	0.1147	0.0000	0.3023	0.1652	1.0000	0.0827	0.0934	-0.0107	0.2449
124.0000	34.0000	Focus on Health	Nutella	4.0000	3.0000	2.0000	4	-1.0000	1.3602	0.4531	0.2305	2.0000	1.0075	0.2709	-1.0000	0.1260	0.1604	-0.0344	0.3238
124.0000	35.0000	Focus on Health	RomaineLettuce	4.0000	5.0000	6.0000	2	1.0000	0.7559	0.1848	-0.1106	0.0000	0.1848	0.2173	1.0000	0.0358	0.0666	-0.0308	0.2082
124.0000	36.0000	Focus on Health	FrozenBlueberries	4.0000	5.0000	6.0000	1	1.0000	0.9236	0.3526	0.0180	0.0000	0.3526	0.1578	1.0000	0.1399	0.1399	-0.0000	0.2772
124.0000	37.0000	Focus on Health	FrozenPeaches	3.0000	5.0000	4.0000	5	1.0000	0.8563	0.3861	0.0284	0.0000	0.3861	0.1707	1.0000	0.1887	0.2240	-0.0353	0.4476
124.0000	38.0000	Focus on Health	TofuDessert	1.0000	2.0000	5.0000	2	-1.0000	1.2765	0.1344	-0.0679	1.0000	0.5207	0.1937	1.0000	0.3143	0.3403	-0.0261	0.9862
124.0000	39.0000	Focus on Health	Bananas	5.0000	6.0000	6.0000	3	1.0000	0.7388	0.3357	-0.3100	0.0000	0.3357	0.1806	1.0000	0.0537	0.0540	-0.0003	0.2545
124.0000	40.0000	Focus on Health	OatmealSquares	4.0000	4.0000	5.0000	3	1.0000	1.1425	0.1344	0.0512	0.0000	0.1344	0.1080	1.0000	0.1038	0.1038	-0.0000	0.2271
124.0000	41.0000	Respond Naturally	SpeltCakes	2.0000	2.0000	5.0000	5	-1.0000	0.8563	0.4365	-0.0452	0.0000	0.4365	0.2105	-1.0000	0.3774	0.3792	-0.0018	0.6576
124.0000	42.0000	Respond Naturally	PureFit	5.0000	4.0000	4.0000	4	-1.0000	1.2594	0.1342	0.0954	1.0000	0.5876	0.1868	1.0000	0.5149	0.5149	-0.0000	1.4369
124.0000	43.0000	Respond Naturally	MnMPlain	6.0000	6.0000	1.0000	3	1.0000	0.7724	0.3526	0.0856	0.0000	0.3526	0.2350	1.0000	0.2697	0.2697	-0.0000	0.4657
124.0000	44.0000	Respond Naturally	Tuna	3.0000	4.0000	6.0000	2	-1.0000	1.0575	0.4361	-0.1738	0.0000	0.4361	0.2799	-1.0000	0.3090	0.3230	-0.0140	0.7406
124.0000	45.0000	Respond Naturally	Caramilk	6.0000	6.0000	1.0000	5	1.0000	0.5877	0.1344	0.3011	0.0000	0.1344	0.2476	1.0000	0.1559	0.1574	-0.0015	0.3287
124.0000	46.0000	Respond Naturally	IceCreamVanilla	6.0000	6.0000	1.0000	1	1.0000	1.0408	0.3692	0.0878	0.0000	0.3692	0.2044	1.0000	0.2918	0.2923	-0.0005	0.6370
124.0000	47.0000	Respond Naturally	Fritos	4.0000	6.0000	1.0000	5	-1.0000	1.8968	0.5366	0.1008	1.0000	1.0573	0.2290	1.0000	0.5684	0.5684	-0.0000	1.1586
124.0000	48.0000	Respond Naturally	BabyFoodCarrots	4.0000	3.0000	4.0000	3	-1.0000	1.3606	0.1176	0.0147	1.0000	0.4871	0.1650	1.0000	0.3165	0.3672	-0.0507	1.1281
124.0000	49.0000	Respond Naturally	FrozenPeas	2.0000	3.0000	5.0000	2	-1.0000	1.2765	0.1512	0.1631	1.0000	0.5039	0.1465	1.0000	0.2244	0.2433	-0.0189	0.6840
124.0000	50.0000	Respond Naturally	DriedApricots	4.0000	3.0000	6.0000	2	-1.0000	0.9908	0.4029	0.2797	0.0000	0.4029	0.3941	-1.0000	0.0059	0.0586	-0.0528	0.2664
124.0000	51.0000	Focus on Health	BrusselsSprouts	1.0000	1.0000	6.0000	4	-1.0000	1.6462	0.2181	0.3786	1.0000	0.7726	0.2564	1.0000	0.5763	0.5863	-0.0100	1.3829
124.0000	52.0000	Focus on Health	RiceKrispiesCereal	4.0000	4.0000	4.0000	7	1.0000	0.7894	0.1008	0.1003	0.0000	0.1008	0.1466	1.0000	0.1550	0.1550	-0.0000	0.3474
124.0000	53.0000	Focus on Health	RomaineLettuce	6.0000	5.0000	6.0000	4	1.0000	0.8902	0.1008	-0.0756	0.0000	0.1008	0.4003	1.0000	0.0240	0.0990	-0.0750	-0.3884
124.0000	54.0000	Focus on Health	Butternut	2.0000	2.0000	5.0000	3	1.0000	0.8061	0.1175	0.3857	0.0000	0.1175	0.1332	1.0000	-0.0242	0.0194	-0.0436	-0.1107
124.0000	55.0000	Focus on Health	RufflesSourCreamOnion	6.0000	6.0000	1.0000	3	-1.0000	0.8733	0.1344	0.0279	1.0000	0.4535	0.1638	1.0000	0.4105	0.4105	-0.0000	1.0137
124.0000	56.0000	Focus on Health	Orange	6.0000	6.0000	6.0000	1	1.0000	0.7724	0.3862	-0.0232	0.0000	0.3862	0.1561	1.0000	0.2411	0.2411	-0.0000	0.4691
124.0000	57.0000	Focus on Health	Tempeh	4.0000	3.0000	5.0000	2	-1.0000	0.8395	0.4534	-0.1098	0.0000	0.4534	0.3248	-1.0000	0.3849	0.3854	-0.0005	0.7534
124.0000	58.0000	Focus on Health	Twizzlers	6.0000	6.0000	1.0000	4	1.0000	0.7218	0.3187	0.1753	0.0000	0.3187	0.2041	1.0000	0.2829	0.2829	-0.0000	0.4691
124.0000	59.0000	Focus on Health	Mars	6.0000	4.0000	1.0000	4	1.0000	0.9906	0.1008	0.0042	0.0000	0.1008	0.1141	1.0000	0.0662	0.0715	-0.0053	0.3443
124.0000	60.0000	Focus on Health	ProMax	6.0000	3.0000	1.0000	2	1.0000	0.8560	0.4531	0.1489	0.0000	0.4531	0.1497	1.0000	0.2460	0.2460	-0.0000	0.4259
124.0000	61.0000	Respond Naturally	Pringles	6.0000	5.0000	1.0000	2	1.0000	1.0076	0.2856	-0.0815	0.0000	0.2856	0.2120	1.0000	0.1738	0.1738	-0.0000	0.3595
124.0000	62.0000	Respond Naturally	NatureValleyChocolate	2.0000	4.0000	6.0000	4	1.0000	2.3680	0.1344	0.0073	2.0000	1.1084	0.6330	1.0000	0.3892	0.4413	-0.0521	1.4542
124.0000	63.0000	Respond Naturally	ClamJuice	1.0000	2.0000	4.0000	1	-1.0000	1.5622	0.2686	-0.0104	1.0000	0.4534	0.2180	1.0000	0.2040	0.2252	-0.0212	0.5685
124.0000	64.0000	Respond Naturally	Almonds	3.0000	3.0000	4.0000	4	-1.0000	1.1416	0.5538	0.0478	0.0000	0.5538	0.2517	-1.0000	0.2857	0.3085	-0.0227	0.5980
124.0000	65.0000	Respond Naturally	SlicedTurkey	5.0000	4.0000	5.0000	2	1.0000	1.1924	0.6549	-0.4219	0.0000	0.6549	0.1658	1.0000	0.5448	0.5448	-0.0000	0.8201
124.0000	66.0000	Respond Naturally	AllBranCereal	4.0000	5.0000	5.0000	2	-1.0000	1.1591	0.4033	-0.0034	0.0000	0.4033	0.2271	-1.0000	0.3368	0.3368	-0.0000	0.6475
124.0000	67.0000	Respond Naturally	YorkPeppermintPatties	2.0000	2.0000	3.0000	2	-1.0000	0.7893	0.3863	-0.1106	0.0000	0.3863	0.2257	-1.0000	0.3126	0.3126	-0.0000	0.6192
124.0000	68.0000	Respond Naturally	Shreddies	3.0000	4.0000	4.0000	5	-1.0000	0.9064	0.4028	-0.0239	0.0000	0.4028	0.2027	-1.0000	0.2385	0.2394	-0.0009	0.5106
124.0000	69.0000	Respond Naturally	ClifBar	3.0000	3.0000	4.0000	2	-1.0000	0.7554	0.4029	-0.0000	0.0000	0.4029	0.2455	-1.0000	0.2359	0.2359	-0.0000	0.4263
124.0000	70.0000	Respond Naturally	Fritos	6.0000	4.0000	1.0000	2	-1.0000	0.9742	0.2183	0.3738	0.0000	0.2183	0.1336	-1.0000	0.1745	0.1745	-0.0000	0.3296
124.0000	71.0000	Focus on Health	Tempeh	3.0000	3.0000	4.0000	4	-1.0000	1.0237	0.3017	-0.1354	0.0000	0.3017	0.3136	-1.0000	0.1973	0.1973	-0.0000	0.4492
124.0000	72.0000	Focus on Health	Strawberries	6.0000	6.0000	6.0000	3	1.0000	1.0406	0.3859	0.0452	1.0000	0.6042	0.1959	-1.0000	0.5157	0.5157	-0.0000	0.9726
124.0000	73.0000	Focus on Health	SevenGrain	2.0000	3.0000	5.0000	3	1.0000	1.0747	0.6044	0.0000	0.0000	0.6044	0.1912	1.0000	0.3821	0.3821	-0.0000	0.5869
124.0000	74.0000	Focus on Health	SlimStyles	3.0000	2.0000	3.0000	6	-1.0000	1.2090	0.1846	-0.0784	1.0000	0.5205	0.2614	1.0000	0.5159	0.5525	-0.0366	1.2121
124.0000	75.0000	Focus on Health	Smartfood	6.0000	6.0000	1.0000	4	-1.0000	1.1586	0.3693	NA	1.0000	0.6884	0.2845	1.0000	0.3505	0.3506	-0.0000	1.1551
124.0000	76.0000	Focus on Health	AllBranBar	3.0000	4.0000	5.0000	3	1.0000	1.8137	0.2180	-0.0942	2.0000	0.8732	0.2600	1.0000	0.6726	0.6774	-0.0048	1.5075
124.0000	77.0000	Focus on Health	Snickers	6.0000	6.0000	1.0000	2	-1.0000	0.8732	0.5037	-0.0229	0.0000	0.5037	0.1860	-1.0000	0.3415	0.3415	-0.0000	0.5921
124.0000	78.0000	Focus on Health	Tuna	3.0000	4.0000	5.0000	4	-1.0000	1.4438	0.4867	0.0306	0.0000	0.4867	0.1431	-1.0000	0.2413	0.2431	-0.0018	0.6997
124.0000	79.0000	Focus on Health	MnMPeanuts	6.0000	5.0000	1.0000	2	-1.0000	1.4773	0.3187	-0.0000	1.0000	0.5371	0.3716	1.0000	0.3671	0.3798	-0.0127	1.3836
124.0000	80.0000	Focus on Health	Mentos	6.0000	6.0000	1.0000	2	1.0000	2.0149	0.2017	0.0427	2.0000	1.4104	0.3215	1.0000	0.7780	0.7919	-0.0138	1.5352
124.0000	81.0000	Focus on Health	SkimMilk	2.0000	2.0000	4.0000	1	1.0000	1.7798	0.3692	0.0316	1.0000	0.7218	0.2410	-1.0000	0.6081	0.6081	-0.0000	1.4367
124.0000	82.0000	Focus on Health	ClamJuice	1.0000	2.0000	4.0000	3	-1.0000	2.0818	0.4196	-0.1550	2.0000	1.2590	0.2991	-1.0000	0.6082	0.6508	-0.0426	1.3869
124.0000	83.0000	Focus on Health	GreenGrapes	5.0000	5.0000	6.0000	4	1.0000	0.9405	0.3191	-0.0048	1.0000	0.4871	0.2743	-1.0000	0.4164	0.4309	-0.0145	1.0106
124.0000	84.0000	Focus on Health	KashiBars	2.0000	4.0000	5.0000	1	1.0000	1.1420	0.1342	0.0000	2.0000	0.5374	0.3233	1.0000	0.3516	0.3656	-0.0140	1.1917
124.0000	85.0000	Focus on Health	BabyFoodSweetPotatos	2.0000	3.0000	5.0000	2	-1.0000	1.0073	0.5707	-0.0005	0.0000	0.5707	0.1898	-1.0000	0.4145	0.4145	-0.0000	0.6954
124.0000	86.0000	Focus on Health	Celery	5.0000	6.0000	6.0000	4	1.0000	0.6716	0.1173	0.2293	0.0000	0.1173	0.1180	1.0000	0.2187	0.2187	-0.0000	0.3551
124.0000	87.0000	Focus on Health	Asparagus	4.0000	1.0000	6.0000	3	-1.0000	0.8899	0.3863	-0.2105	0.0000	0.3863	0.2966	-1.0000	0.3564	0.3570	-0.0006	0.7496
124.0000	88.0000	Focus on Health	Reese	6.0000	6.0000	1.0000	1	-1.0000	1.0750	0.2855	-0.2871	1.0000	0.5543	0.2814	1.0000	0.7614	0.7614	-0.0000	1.4380
124.0000	89.0000	Focus on Health	GreenPepper	2.0000	1.0000	6.0000	6	-1.0000	1.0409	0.4027	-0.1087	1.0000	0.5707	0.1992	1.0000	0.5542	0.5542	-0.0000	1.2681
124.0000	90.0000	Focus on Health	GreenBeans	1.0000	1.0000	6.0000	4	-1.0000	0.7219	0.3357	-0.2049	0.0000	0.3357	0.1702	-1.0000	0.1764	0.1764	-0.0000	0.3632
124.0000	91.0000	Respond Naturally	HoneyNutCheerios	4.0000	5.0000	2.0000	5	1.0000	1.0581	0.3190	0.0000	0.0000	0.3190	0.0885	1.0000	0.1076	0.1076	-0.0000	0.2499
124.0000	92.0000	Respond Naturally	BBQCrisps	6.0000	3.0000	2.0000	6	1.0000	0.7223	0.1344	0.2161	0.0000	0.1344	0.0876	1.0000	0.1456	0.1456	-0.0000	0.3096
124.0000	93.0000	Respond Naturally	Celery	3.0000	5.0000	6.0000	2	1.0000	0.8731	0.1343	0.2565	2.0000	0.6044	0.1977	1.0000	0.1101	0.1208	-0.0108	0.3899
124.0000	94.0000	Respond Naturally	OatBran	2.0000	2.0000	5.0000	2	-1.0000	0.8232	0.2687	-0.1823	0.0000	0.2687	0.2027	-1.0000	0.1120	0.1141	-0.0020	0.4820
124.0000	95.0000	Respond Naturally	Avocado	3.0000	2.0000	6.0000	2	-1.0000	1.1588	0.1845	-0.1304	0.0000	0.1845	0.3497	-1.0000	0.1792	0.2200	-0.0408	0.9110
124.0000	96.0000	Respond Naturally	RedPepper	1.0000	1.0000	5.0000	2	-1.0000	0.8227	0.1845	1.0682	0.0000	0.1845	0.2945	-1.0000	-0.0897	0.0001	-0.0898	-0.3352
124.0000	97.0000	Respond Naturally	VanillaGreekYogurt	3.0000	5.0000	5.0000	2	1.0000	1.1419	0.1848	-0.4634	1.0000	0.6382	0.3082	-1.0000	0.6349	0.6349	-0.0000	1.3908
124.0000	98.0000	Respond Naturally	RitzCrackers	6.0000	6.0000	2.0000	5	1.0000	0.7554	0.3861	-0.0994	0.0000	0.3861	0.2382	1.0000	0.4724	0.4728	-0.0004	0.8610
124.0000	99.0000	Respond Naturally	Aero	6.0000	6.0000	2.0000	3	1.0000	0.8058	0.3020	-0.0180	1.0000	0.4531	0.2294	-1.0000	0.4635	0.4635	-0.0000	0.7249
124.0000	100.0000	Respond Naturally	EnglishCucumber	4.0000	5.0000	6.0000	2	1.0000	0.8398	0.2352	-0.0635	2.0000	0.5711	0.1905	1.0000	0.3725	0.3725	-0.0000	0.7159
124.0000	101.0000	Respond Naturally	AppleChips	3.0000	3.0000	3.0000	2	-1.0000	0.8900	0.3861	0.2338	0.0000	0.3861	0.2116	-1.0000	0.2442	0.2611	-0.0170	0.4683
124.0000	102.0000	Respond Naturally	SunChips	6.0000	6.0000	2.0000	2	1.0000	0.8229	0.2016	0.1608	1.0000	0.4367	0.5008	-1.0000	0.4162	0.4355	-0.0193	1.1213
124.0000	103.0000	Respond Naturally	GreenGrapes	6.0000	6.0000	1.0000	1	1.0000	0.9406	0.2686	0.0181	1.0000	0.4870	0.2225	-1.0000	0.3827	0.3917	-0.0089	0.8159
124.0000	104.0000	Respond Naturally	RiceKrispiesCereal	4.0000	4.0000	4.0000	3	1.0000	0.8906	0.1512	0.0079	0.0000	0.1512	0.2265	1.0000	0.2303	0.2303	-0.0000	0.5012
124.0000	105.0000	Respond Naturally	Onion	1.0000	1.0000	6.0000	4	-1.0000	0.8733	0.1005	0.0262	1.0000	0.4532	0.1946	1.0000	0.6156	0.6161	-0.0005	1.2472
124.0000	106.0000	Respond Naturally	GreenApple	3.0000	3.0000	5.0000	4	-1.0000	0.9738	0.3356	0.1171	1.0000	0.4700	0.2379	1.0000	0.4041	0.4041	-0.0000	1.2539
124.0000	107.0000	Respond Naturally	Beets	1.0000	1.0000	5.0000	2	-1.0000	1.0242	0.4869	0.4235	0.0000	0.4869	0.1670	-1.0000	0.2640	0.2640	-0.0000	0.4297
124.0000	108.0000	Respond Naturally	SkittlesSour	6.0000	3.0000	1.0000	6	-1.0000	1.6625	0.2017	0.2342	2.0000	0.6720	0.2589	-1.0000	0.2708	0.2992	-0.0285	0.9155
124.0000	109.0000	Respond Naturally	Avocado	3.0000	3.0000	6.0000	5	-1.0000	1.2586	0.8052	0.4280	0.0000	0.8052	0.1526	-1.0000	0.1774	0.1774	-0.0000	0.3293
124.0000	110.0000	Respond Naturally	CoffeeCrisp	6.0000	6.0000	1.0000	1	1.0000	0.6213	0.3526	0.1628	0.0000	0.3526	0.2140	1.0000	0.2574	0.2574	-0.0000	0.3883
124.0000	111.0000	Focus on Health	OikosYogurt	4.0000	4.0000	5.0000	3	1.0000	0.7390	0.2183	0.0230	0.0000	0.2183	0.1400	1.0000	0.1973	0.1973	-0.0000	0.3182
124.0000	112.0000	Focus on Health	Bananas	6.0000	6.0000	6.0000	2	1.0000	0.6718	0.2686	0.0000	0.0000	0.2686	0.1601	1.0000	0.1283	0.1283	-0.0000	0.3545
124.0000	113.0000	Focus on Health	KashiBars	3.0000	3.0000	5.0000	4	1.0000	1.4611	0.5037	0.0000	0.0000	0.5037	0.2235	1.0000	0.0325	0.0516	-0.0191	0.3264
124.0000	114.0000	Focus on Health	Cheetos	6.0000	6.0000	1.0000	6	-1.0000	1.0411	0.4870	-0.7745	0.0000	0.4870	0.3608	-1.0000	-0.0287	0.0022	-0.0309	-0.1410
124.0000	115.0000	Focus on Health	WelchsFruitSnacks	6.0000	6.0000	4.0000	1	1.0000	2.4503	0.4699	0.0418	3.0000	2.1481	0.4084	-1.0000	0.3734	0.3734	-0.0000	0.9589
124.0000	116.0000	Focus on Health	TofuDessert	2.0000	3.0000	5.0000	4	-1.0000	0.7390	0.4199	0.1030	0.0000	0.4199	0.2575	-1.0000	0.4438	0.4438	-0.0000	0.7105
124.0000	117.0000	Focus on Health	PopTartStrawberry	6.0000	4.0000	1.0000	2	-1.0000	1.1419	0.3861	0.0980	1.0000	0.7052	0.2912	1.0000	0.5001	0.5001	-0.0000	1.0620
124.0000	118.0000	Focus on Health	Triscuit	6.0000	3.0000	5.0000	5	1.0000	1.0076	0.1509	-0.3022	2.0000	0.6885	0.2468	1.0000	0.4357	0.4357	-0.0000	1.0021
124.0000	119.0000	Focus on Health	HoneyNutCheerios	6.0000	5.0000	4.0000	2	1.0000	0.9568	0.5537	0.0000	0.0000	0.5537	0.2995	1.0000	0.3046	0.3048	-0.0003	0.5677
124.0000	120.0000	Focus on Health	Onion	1.0000	1.0000	6.0000	2	-1.0000	1.2593	0.3861	-0.0364	2.0000	0.8730	0.3967	-1.0000	0.4953	0.4953	-0.0001	1.1185
124.0000	121.0000	Focus on Health	GreenApple	3.0000	2.0000	6.0000	2	1.0000	0.7557	0.1176	-0.3564	0.0000	0.1176	0.1482	1.0000	0.2900	0.2900	-0.0000	0.5800
124.0000	122.0000	Focus on Health	Cheerios	1.0000	3.0000	4.0000	5	1.0000	0.7894	0.1680	-0.1674	0.0000	0.1680	0.1550	1.0000	0.2160	0.2160	-0.0000	0.4787
124.0000	123.0000	Focus on Health	PopTartStrawberry	2.0000	4.0000	3.0000	5	-1.0000	1.0413	0.2184	0.1303	1.0000	0.5375	0.2396	1.0000	0.2768	0.2978	-0.0210	0.8220
124.0000	124.0000	Focus on Health	FrozenCorn	4.0000	4.0000	6.0000	2	1.0000	1.3604	0.2855	-0.0088	0.0000	0.2855	0.1362	1.0000	0.2371	0.2371	-0.0000	0.4134
124.0000	125.0000	Focus on Health	PCChipCookie	6.0000	5.0000	3.0000	5	-1.0000	0.9401	0.4531	0.0966	0.0000	0.4531	0.2016	-1.0000	0.1408	0.1799	-0.0390	0.3427
124.0000	126.0000	Focus on Health	CornFlakes	4.0000	4.0000	6.0000	6	1.0000	1.0912	0.1174	0.0018	2.0000	0.5708	0.1599	1.0000	0.2636	0.2636	-0.0000	0.5678
124.0000	127.0000	Focus on Health	AlmondMilk	3.0000	3.0000	4.0000	2	1.0000	1.2086	0.7384	-0.1795	0.0000	0.7384	0.1463	1.0000	0.4603	0.4603	-0.0000	0.7013
124.0000	128.0000	Focus on Health	WelchsFruitSnacks	6.0000	5.0000	4.0000	3	1.0000	0.9907	0.1512	-0.3139	0.0000	0.1512	0.2789	1.0000	0.1200	0.2294	-0.1093	0.5770
124.0000	129.0000	Focus on Health	OikosYogurt	3.0000	5.0000	5.0000	6	1.0000	0.7723	0.4198	0.0000	0.0000	0.4198	0.1925	1.0000	0.2700	0.2700	-0.0000	0.5504
124.0000	130.0000	Focus on Health	Doritos	6.0000	6.0000	1.0000	2	-1.0000	0.8902	0.2184	0.1481	1.0000	0.4871	0.2511	1.0000	0.3861	0.3862	-0.0000	0.8853
124.0000	131.0000	Respond Naturally	Starburst	6.0000	5.0000	2.0000	6	1.0000	1.6785	0.1006	-0.0425	0.0000	0.1006	0.0976	1.0000	0.2882	0.2882	-0.0000	0.5335
124.0000	132.0000	Respond Naturally	NatureValleyChocolate	4.0000	5.0000	5.0000	1	-1.0000	0.7724	0.3862	-0.0543	0.0000	0.3862	0.2070	-1.0000	0.3757	0.3757	-0.0000	0.6781
124.0000	133.0000	Respond Naturally	BabyFoodSweetPotatos	2.0000	3.0000	5.0000	5	-1.0000	0.8227	0.4532	-0.2558	0.0000	0.4532	0.2429	-1.0000	0.5962	0.5962	-0.0000	1.0588
124.0000	134.0000	Respond Naturally	CannedArtichoke	2.0000	2.0000	4.0000	2	-1.0000	0.7221	0.2854	0.1608	0.0000	0.2854	0.1192	-1.0000	0.1932	0.1932	-0.0000	0.5608
124.0000	135.0000	Respond Naturally	FrozenOkra	2.0000	3.0000	5.0000	5	-1.0000	0.7222	0.3023	0.0205	0.0000	0.3023	0.2601	-1.0000	0.2231	0.2343	-0.0112	0.4785
124.0000	136.0000	Respond Naturally	FrozenBlueberries	4.0000	5.0000	6.0000	3	1.0000	1.5109	0.4193	-0.0788	3.0000	0.8894	0.2734	-1.0000	0.8562	0.8562	-0.0000	1.3543
124.0000	137.0000	Respond Naturally	Orange	5.0000	5.0000	6.0000	5	1.0000	1.5110	0.1008	-0.3801	0.0000	0.1008	0.1820	1.0000	0.0936	0.2313	-0.1377	0.7197
124.0000	138.0000	Respond Naturally	DriedHerring	1.0000	1.0000	5.0000	3	-1.0000	0.9739	0.1344	-0.0000	1.0000	0.4535	0.4171	1.0000	0.4711	0.4711	-0.0000	1.2168
124.0000	139.0000	Respond Naturally	Mars	6.0000	4.0000	1.0000	2	1.0000	1.0074	0.2851	-0.2028	1.0000	0.5034	0.2985	-1.0000	0.4988	0.4988	-0.0000	0.8819
124.0000	140.0000	Respond Naturally	Cheerios	2.0000	4.0000	5.0000	2	1.0000	1.1920	0.5540	-0.1848	0.0000	0.5540	0.2704	1.0000	0.2323	0.2869	-0.0546	0.6065
124.0000	141.0000	Focus on Health	Smartfood	6.0000	6.0000	1.0000	2	-1.0000	1.3263	0.4529	0.0251	1.0000	0.6712	0.3434	1.0000	0.7267	0.7267	-0.0000	1.6256
124.0000	142.0000	Focus on Health	Strawberries	6.0000	5.0000	5.0000	2	1.0000	1.0745	0.4196	0.1271	0.0000	0.4196	0.2567	1.0000	0.2074	0.2605	-0.0531	0.5831
124.0000	143.0000	Focus on Health	VegetableThins	2.0000	3.0000	4.0000	5	1.0000	1.2927	0.2520	0.0120	0.0000	0.2520	0.2488	1.0000	0.2277	0.2277	-0.0000	0.5899
124.0000	144.0000	Focus on Health	GreenPepper	1.0000	1.0000	6.0000	2	-1.0000	0.9237	0.1344	0.4567	1.0000	0.5207	0.1259	1.0000	0.4148	0.4148	-0.0000	0.8193
124.0000	145.0000	Focus on Health	ProMax	6.0000	5.0000	1.0000	4	-1.0000	1.2593	0.5705	0.0243	1.0000	0.8897	0.1755	1.0000	0.4972	0.4972	-0.0000	0.9036
124.0000	146.0000	Focus on Health	Skittles	6.0000	6.0000	1.0000	3	-1.0000	0.8733	0.1510	0.7979	1.0000	0.5206	0.2610	1.0000	0.2406	0.2421	-0.0015	0.5625
124.0000	147.0000	Focus on Health	Snickers	6.0000	6.0000	1.0000	3	-1.0000	0.8563	0.6044	-0.1402	0.0000	0.6044	0.1966	-1.0000	0.4080	0.4080	-0.0000	0.5430
124.0000	148.0000	Focus on Health	Reese	6.0000	6.0000	1.0000	4	-1.0000	0.7892	0.3693	-0.1122	0.0000	0.3693	0.1959	-1.0000	0.4323	0.4323	-0.0000	0.7390
124.0000	149.0000	Focus on Health	SkittlesSour	6.0000	4.0000	1.0000	3	-1.0000	0.6045	0.2181	-0.1553	0.0000	0.2181	0.1717	-1.0000	0.2656	0.2656	-0.0000	0.5317
124.0000	150.0000	Focus on Health	PureFit	3.0000	3.0000	4.0000	2	1.0000	1.2592	0.1680	-0.0017	1.0000	0.6212	0.3168	-1.0000	0.5047	0.5477	-0.0430	1.3068
124.0000	151.0000	Respond Naturally	IceCreamChocolate	6.0000	6.0000	1.0000	1	1.0000	1.0580	0.4867	0.2039	0.0000	0.4867	0.1102	1.0000	0.1262	0.1276	-0.0014	0.3098
124.0000	152.0000	Respond Naturally	BrusselsSprouts	1.0000	1.0000	6.0000	2	-1.0000	1.0080	0.3527	-0.0095	0.0000	0.3527	0.2078	-1.0000	0.1164	0.1501	-0.0337	0.4073
124.0000	153.0000	Respond Naturally	AllBranBar	3.0000	3.0000	5.0000	1	1.0000	3.0047	1.0070	0.1096	0.0000	1.0070	0.1257	1.0000	0.2493	0.2493	-0.0000	0.5878
124.0000	154.0000	Respond Naturally	CoffeeCrisp	6.0000	6.0000	1.0000	3	1.0000	0.6549	0.4197	0.0066	0.0000	0.4197	0.2046	1.0000	0.4554	0.4554	-0.0000	0.6814
124.0000	155.0000	Respond Naturally	WaterChestnuts	4.0000	3.0000	5.0000	5	-1.0000	0.6550	0.1008	0.1693	1.0000	0.4031	0.2044	1.0000	0.3074	0.3074	-0.0000	0.5701
124.0000	156.0000	Respond Naturally	CornFlakes	4.0000	4.0000	5.0000	3	1.0000	1.1585	0.3860	-0.2242	1.0000	0.5875	0.2968	-1.0000	0.5911	0.5911	-0.0000	1.4416
124.0000	157.0000	Respond Naturally	Pringles	6.0000	6.0000	1.0000	5	1.0000	2.0309	0.3527	-0.1512	1.0000	0.7222	0.2732	-1.0000	0.2942	0.2942	-0.0000	1.1282
124.0000	158.0000	Respond Naturally	ClifBar	4.0000	3.0000	5.0000	4	-1.0000	0.7220	0.2853	-0.2046	0.0000	0.2853	0.1805	-1.0000	0.1649	0.1649	-0.0000	0.2875
124.0000	159.0000	Respond Naturally	SevenGrain	2.0000	3.0000	4.0000	1	-1.0000	1.2759	0.1008	0.1770	1.0000	0.7387	0.2709	1.0000	0.4643	0.4643	-0.0000	0.9313
124.0000	160.0000	Respond Naturally	Twizzlers	6.0000	6.0000	2.0000	2	1.0000	0.8565	0.3694	-0.3587	0.0000	0.3694	0.1828	1.0000	0.0930	0.1123	-0.0194	0.2379
124.0000	161.0000	Focus on Health	FrozenCorn	1.0000	5.0000	6.0000	4	1.0000	1.6625	0.4869	-0.0121	1.0000	0.7220	0.2286	-1.0000	0.4893	0.4896	-0.0003	1.2752
124.0000	162.0000	Focus on Health	Aero	6.0000	6.0000	1.0000	1	-1.0000	0.9911	0.2352	-0.2181	1.0000	0.5207	0.3689	1.0000	0.7529	0.7536	-0.0007	1.3560
124.0000	163.0000	Focus on Health	IceCreamChocolate	6.0000	6.0000	2.0000	4	-1.0000	1.4443	0.1512	-0.0687	3.0000	1.2092	0.3968	1.0000	0.2187	0.2783	-0.0596	1.2309
124.0000	164.0000	Focus on Health	Triscuit	1.0000	5.0000	5.0000	2	1.0000	1.3094	0.7720	0.0162	0.0000	0.7720	0.2440	1.0000	0.3861	0.3861	-0.0000	0.5887
124.0000	165.0000	Focus on Health	Raspberries	3.0000	2.0000	6.0000	4	1.0000	0.8395	0.2686	-0.3018	0.0000	0.2686	0.1982	1.0000	0.3533	0.3533	-0.0000	0.8373
124.0000	166.0000	Focus on Health	YorkPeppermintPatties	1.0000	2.0000	4.0000	4	-1.0000	1.0077	0.4199	0.2408	0.0000	0.4199	0.1413	-1.0000	0.2918	0.2918	-0.0000	0.5194
124.0000	167.0000	Focus on Health	EnglishCucumber	4.0000	4.0000	6.0000	5	1.0000	0.8398	0.3023	-0.2600	1.0000	0.4199	0.2527	-1.0000	0.1587	0.1587	-0.0000	0.3850
124.0000	168.0000	Focus on Health	FrozenPeas	2.0000	3.0000	6.0000	6	-1.0000	0.9072	0.2353	0.5143	1.0000	0.4369	0.1444	1.0000	0.2679	0.2679	-0.0000	0.5598
124.0000	169.0000	Focus on Health	BabyFoodCarrots	3.0000	3.0000	4.0000	5	-1.0000	1.6624	0.4704	0.0229	0.0000	0.4704	0.1655	-1.0000	0.2836	0.2836	-0.0000	0.4450
124.0000	170.0000	Focus on Health	RaisinBran	3.0000	4.0000	5.0000	7	-1.0000	2.0149	0.3190	0.7487	1.0000	0.8900	0.2799	1.0000	0.1399	0.1876	-0.0477	0.8392
124.0000	171.0000	Respond Naturally	Beets	2.0000	2.0000	5.0000	5	-1.0000	0.8562	0.1679	0.0105	1.0000	0.5204	0.3377	1.0000	0.4058	0.4061	-0.0003	0.7524
124.0000	172.0000	Respond Naturally	Nutella	6.0000	3.0000	2.0000	1	-1.0000	0.9738	0.3525	-0.4829	2.0000	0.6716	0.3490	-1.0000	0.3003	0.3155	-0.0153	0.5876
124.0000	173.0000	Respond Naturally	RedPepper	1.0000	2.0000	6.0000	5	-1.0000	0.7721	0.5036	0.2331	0.0000	0.5036	0.2025	-1.0000	0.3031	0.3031	-0.0000	0.4591
124.0000	174.0000	Respond Naturally	LaysClassic	6.0000	6.0000	1.0000	3	1.0000	0.7048	0.4026	-0.0065	0.0000	0.4026	0.2791	1.0000	0.3390	0.3390	-0.0000	0.5491
124.0000	175.0000	Respond Naturally	Prunes	1.0000	3.0000	4.0000	5	-1.0000	0.8395	0.3861	0.2407	0.0000	0.3861	0.1617	-1.0000	0.2632	0.2632	-0.0000	0.3961
124.0000	176.0000	Respond Naturally	Prunes	2.0000	3.0000	5.0000	2	-1.0000	1.9468	0.3525	-0.0000	1.0000	0.7554	0.4118	1.0000	0.2433	0.2445	-0.0011	1.0241
124.0000	177.0000	Respond Naturally	PCChipCookie	3.0000	5.0000	2.0000	2	1.0000	1.3769	0.4365	-0.1607	1.0000	0.5876	0.1855	-1.0000	0.3318	0.3318	-0.0000	0.6810
124.0000	178.0000	Respond Naturally	Shreddies	3.0000	3.0000	4.0000	2	-1.0000	1.6121	0.1682	0.5382	1.0000	0.4873	0.1649	1.0000	0.1743	0.1743	-0.0000	0.4707
124.0000	179.0000	Respond Naturally	WaterChestnuts	3.0000	2.0000	4.0000	3	-1.0000	0.7889	0.4028	0.2228	0.0000	0.4028	0.2961	-1.0000	0.1455	0.1455	-0.0000	0.2802
124.0000	180.0000	Respond Naturally	FrootLoops	6.0000	6.0000	4.0000	6	1.0000	1.4274	0.2687	0.0802	1.0000	0.4702	0.3938	-1.0000	0.2539	0.3280	-0.0741	1.3824
124.0000	181.0000	Focus on Health	FrozenOkra	1.0000	2.0000	6.0000	2	-1.0000	1.3768	0.1676	-0.0794	1.0000	0.6880	0.2782	1.0000	0.3384	0.3495	-0.0110	0.7501
124.0000	182.0000	Focus on Health	SkimMilk	2.0000	2.0000	6.0000	4	1.0000	1.8801	0.7214	-0.0053	1.0000	1.0573	0.1489	-1.0000	0.2324	0.2324	-0.0000	0.7623
124.0000	183.0000	Focus on Health	Caramilk	6.0000	6.0000	1.0000	2	-1.0000	0.7722	0.4699	0.0535	0.0000	0.4699	0.2430	-1.0000	0.4558	0.4558	-0.0000	0.7223
124.0000	184.0000	Focus on Health	Starburst	6.0000	5.0000	1.0000	3	-1.0000	0.9568	0.4869	0.0128	0.0000	0.4869	0.2281	-1.0000	0.3448	0.3448	-0.0000	0.7200
124.0000	185.0000	Focus on Health	Spinach	2.0000	2.0000	6.0000	4	1.0000	1.3437	0.4532	-0.0223	1.0000	0.6212	0.4774	-1.0000	0.4930	0.4930	-0.0000	1.7203
124.0000	186.0000	Focus on Health	Skittles	6.0000	6.0000	6.0000	6	-1.0000	1.2929	0.4700	-0.0133	0.0000	0.4700	0.2129	-1.0000	0.1249	0.1622	-0.0373	0.3841
124.0000	187.0000	Focus on Health	Broccoli	4.0000	6.0000	6.0000	1	1.0000	0.8396	0.1008	-0.0725	0.0000	0.1008	0.1245	1.0000	0.1943	0.1943	-0.0000	0.3164
124.0000	188.0000	Focus on Health	Almonds	3.0000	4.0000	4.0000	2	-1.0000	1.2419	0.5536	0.3354	0.0000	0.5536	0.2774	-1.0000	0.1696	0.1963	-0.0268	0.4322
124.0000	189.0000	Focus on Health	AlmondMilk	3.0000	3.0000	4.0000	4	1.0000	0.8063	0.1007	-0.1663	0.0000	0.1007	0.1300	1.0000	0.1515	0.1515	-0.0000	0.3642
124.0000	190.0000	Focus on Health	OatBran	2.0000	3.0000	5.0000	4	-1.0000	1.5279	0.6544	0.1458	0.0000	0.6544	0.3437	-1.0000	0.2028	0.2445	-0.0417	0.6578
124.0000	191.0000	Respond Naturally	MangoChunks	5.0000	5.0000	6.0000	2	1.0000	1.5109	0.3525	-0.1136	0.0000	0.3525	0.3025	1.0000	0.2107	0.2657	-0.0549	1.0321
124.0000	192.0000	Respond Naturally	IceCreamVanilla	6.0000	6.0000	1.0000	4	1.0000	0.8732	0.3526	-0.2118	0.0000	0.3526	0.3015	1.0000	0.2400	0.3427	-0.1027	0.7044
124.0000	193.0000	Respond Naturally	Cauliflower	2.0000	1.0000	6.0000	6	-1.0000	1.5450	0.1511	0.0280	1.0000	0.6885	0.2813	1.0000	0.5642	0.5858	-0.0216	1.2614
124.0000	194.0000	Respond Naturally	DriedHerring	2.0000	2.0000	6.0000	1	-1.0000	0.9738	0.1342	0.2857	1.0000	0.5037	0.2720	1.0000	0.3065	0.3204	-0.0139	0.7395
124.0000	195.0000	Respond Naturally	Mentos	6.0000	5.0000	3.0000	5	1.0000	0.9237	0.4198	-0.2614	0.0000	0.4198	0.3549	1.0000	0.1272	0.2115	-0.0843	0.5171
124.0000	196.0000	Respond Naturally	Asparagus	3.0000	1.0000	6.0000	6	-1.0000	0.8567	0.1849	0.2651	0.0000	0.1849	0.1531	-1.0000	0.1457	0.1457	-0.0000	0.3441
124.0000	197.0000	Respond Naturally	Mackerel	1.0000	1.0000	6.0000	1	-1.0000	0.7721	0.4699	0.3451	0.0000	0.4699	0.2010	-1.0000	0.3034	0.3053	-0.0020	0.5037
124.0000	198.0000	Respond Naturally	Cauliflower	1.0000	3.0000	6.0000	2	-1.0000	0.7387	0.2516	0.0672	0.0000	0.2516	0.1516	-1.0000	0.1584	0.1615	-0.0031	0.4280
124.0000	199.0000	Respond Naturally	MnMPeanuts	6.0000	6.0000	1.0000	4	1.0000	0.7895	0.2015	-0.2751	0.0000	0.2015	0.1051	1.0000	0.2128	0.2128	-0.0000	0.4113
124.0000	200.0000	Respond Naturally	GreenBeans	2.0000	1.0000	6.0000	2	-1.0000	0.7893	0.3526	0.0590	0.0000	0.3526	0.3992	-1.0000	0.2813	0.3170	-0.0357	0.7090
