Subject	Trial	Instruction	Food	Liking	Taste	Health	Amount	Choice	ChoiceRT	FirstDevTimeChoice	InitAngleChoice	NumChangeMindChoice	FinalDevTimeChoice	MaxVelocityChoice	DrxFirstDevChoice	TotalAUCChoice	AUCtoNonChosenChoice	AUCtoChosenChoice	MaxDevChoice
126.0000	1.0000	Focus on Health	PopTartStrawberry	4.0000	2.0000	2.0000	5	-1.0000	1.1925	0.6045	0.0127	0.0000	0.6045	0.1632	-1.0000	0.0710	0.0896	-0.0186	0.1691
126.0000	2.0000	Focus on Health	SevenGrain	4.0000	4.0000	3.0000	1	-1.0000	1.0581	0.4535	0.3549	0.0000	0.4535	0.1409	-1.0000	0.0872	0.0873	-0.0001	0.1489
126.0000	3.0000	Focus on Health	SlimStyles	5.0000	2.0000	3.0000	6	-1.0000	0.8733	0.4533	0.4224	0.0000	0.4533	0.1696	-1.0000	0.1150	0.1175	-0.0025	0.2045
126.0000	4.0000	Focus on Health	FrozenBroccoli	5.0000	5.0000	5.0000	6	-1.0000	1.1592	0.3865	-0.0000	2.0000	0.7561	0.2532	-1.0000	0.2466	0.2467	-0.0000	0.8825
126.0000	5.0000	Focus on Health	Celery	4.0000	3.0000	5.0000	2	-1.0000	1.0746	0.4699	-0.0275	0.0000	0.4699	0.1277	-1.0000	0.0976	0.0976	-0.0000	0.1867
126.0000	6.0000	Focus on Health	Strawberries	5.0000	5.0000	4.0000	2	1.0000	1.1586	0.6211	-0.0778	0.0000	0.6211	0.1904	1.0000	0.2146	0.2146	-0.0000	0.3147
126.0000	7.0000	Focus on Health	EnglishCucumber	5.0000	6.0000	4.0000	2	1.0000	0.8900	0.4869	0.0287	0.0000	0.4869	0.2799	1.0000	0.1137	0.1278	-0.0141	0.2235
126.0000	8.0000	Focus on Health	Bananas	5.0000	6.0000	6.0000	3	1.0000	1.0076	0.5708	0.0338	0.0000	0.5708	0.1753	1.0000	0.2490	0.2490	-0.0000	0.3928
126.0000	9.0000	Focus on Health	Prunes	6.0000	5.0000	3.0000	5	-1.0000	1.2595	0.7557	-0.0000	0.0000	0.7557	0.2040	-1.0000	0.2283	0.2295	-0.0012	0.3671
126.0000	10.0000	Focus on Health	CoffeeCrisp	4.0000	3.0000	3.0000	3	-1.0000	1.0411	0.5204	-0.0000	0.0000	0.5204	0.2449	-1.0000	0.1149	0.1396	-0.0247	0.2577
126.0000	11.0000	Respond Naturally	SpeltCakes	4.0000	3.0000	3.0000	2	-1.0000	1.0583	0.4030	0.1263	0.0000	0.4030	0.2326	-1.0000	0.1195	0.1195	-0.0000	0.2813
126.0000	12.0000	Respond Naturally	Mars	4.0000	3.0000	3.0000	4	-1.0000	0.9237	0.3525	0.1870	0.0000	0.3525	0.2047	-1.0000	0.0481	0.0789	-0.0308	0.1824
126.0000	13.0000	Respond Naturally	SlicedTurkey	5.0000	6.0000	5.0000	5	1.0000	0.9400	0.4866	0.0482	0.0000	0.4866	0.2104	1.0000	0.1573	0.1573	-0.0000	0.2734
126.0000	14.0000	Respond Naturally	Almonds	4.0000	5.0000	4.0000	2	1.0000	1.1086	0.3526	-0.1267	1.0000	0.5709	0.2290	-1.0000	0.2798	0.2946	-0.0148	0.9381
126.0000	15.0000	Respond Naturally	Nutella	3.0000	3.0000	3.0000	1	-1.0000	0.9909	0.4869	-0.2875	0.0000	0.4869	0.2962	-1.0000	0.1966	0.1966	-0.0000	0.3383
126.0000	16.0000	Respond Naturally	Smartfood	3.0000	3.0000	1.0000	4	-1.0000	0.8900	0.4366	0.1925	0.0000	0.4366	0.3206	-1.0000	0.0734	0.1117	-0.0382	0.2224
126.0000	17.0000	Respond Naturally	Mars	3.0000	3.0000	2.0000	2	-1.0000	0.9233	0.3858	0.1356	0.0000	0.3858	0.2186	-1.0000	0.1445	0.1445	-0.0000	0.3036
126.0000	18.0000	Respond Naturally	Doritos	6.0000	5.0000	2.0000	5	-1.0000	1.8474	0.4534	0.2529	2.0000	1.1588	0.4274	-1.0000	0.4008	0.4052	-0.0044	1.4138
126.0000	19.0000	Respond Naturally	Celery	3.0000	3.0000	5.0000	4	-1.0000	0.9568	0.6042	0.1159	0.0000	0.6042	0.3675	-1.0000	0.1838	0.1838	-0.0000	0.2675
126.0000	20.0000	Respond Naturally	Fritos	5.0000	4.0000	3.0000	2	-1.0000	0.9232	0.3355	0.1457	0.0000	0.3355	0.1987	-1.0000	0.0999	0.1033	-0.0033	0.2481
126.0000	21.0000	Respond Naturally	VanillaGreekYogurt	6.0000	4.0000	4.0000	2	-1.0000	1.5283	0.3861	0.3073	2.0000	0.9404	0.3516	-1.0000	0.2702	0.3055	-0.0353	1.3155
126.0000	22.0000	Respond Naturally	ClifBar	3.0000	3.0000	3.0000	4	-1.0000	1.2928	0.6042	0.0605	0.0000	0.6042	0.3324	-1.0000	0.1724	0.1763	-0.0039	0.3456
126.0000	23.0000	Respond Naturally	GreenApple	5.0000	6.0000	6.0000	4	1.0000	0.9237	0.3862	-0.0383	0.0000	0.3862	0.3634	1.0000	0.1019	0.1019	-0.0000	0.2236
126.0000	24.0000	Respond Naturally	SkimMilk	6.0000	6.0000	6.0000	4	1.0000	1.1924	0.5876	-0.3082	0.0000	0.5876	0.1976	1.0000	0.1550	0.1555	-0.0006	0.3055
126.0000	25.0000	Respond Naturally	GreenGrapes	6.0000	6.0000	6.0000	4	1.0000	0.9566	0.5037	0.1677	0.0000	0.5037	0.2462	1.0000	0.1491	0.1506	-0.0015	0.2699
126.0000	26.0000	Respond Naturally	TofuDessert	6.0000	6.0000	6.0000	2	1.0000	1.3263	0.4868	-0.4480	0.0000	0.4868	0.1771	1.0000	0.1909	0.1909	-0.0000	0.3494
126.0000	27.0000	Respond Naturally	Skittles	4.0000	4.0000	1.0000	6	-1.0000	0.9236	0.4197	0.1588	0.0000	0.4197	0.1986	-1.0000	0.1501	0.1501	-0.0000	0.2910
126.0000	28.0000	Respond Naturally	IceCreamVanilla	6.0000	5.0000	2.0000	4	1.0000	1.7127	1.0408	-0.2736	0.0000	1.0408	0.2015	1.0000	0.1642	0.1685	-0.0042	0.2520
126.0000	29.0000	Respond Naturally	WaterChestnuts	5.0000	4.0000	5.0000	5	-1.0000	1.1249	0.7386	0.2766	0.0000	0.7386	0.2973	-1.0000	0.1326	0.1366	-0.0040	0.2091
126.0000	30.0000	Respond Naturally	FrozenBlueberries	4.0000	5.0000	5.0000	3	-1.0000	1.0072	0.4698	0.1982	0.0000	0.4698	0.2663	-1.0000	0.0237	0.0556	-0.0319	0.1134
126.0000	31.0000	Focus on Health	OikosYogurt	6.0000	6.0000	6.0000	6	1.0000	0.9739	0.1678	-0.2396	1.0000	0.4029	0.2560	-1.0000	0.0933	0.0933	-0.0000	0.2120
126.0000	32.0000	Focus on Health	Butternut	6.0000	5.0000	5.0000	3	1.0000	1.1420	0.5373	-0.2682	0.0000	0.5373	0.2516	1.0000	0.0932	0.0932	-0.0000	0.1710
126.0000	33.0000	Focus on Health	DriedHerring	4.0000	4.0000	3.0000	3	-1.0000	0.9571	0.4365	0.0728	0.0000	0.4365	0.2550	-1.0000	0.0191	0.0603	-0.0412	-0.1441
126.0000	34.0000	Focus on Health	RiceKrispiesCereal	5.0000	3.0000	3.0000	3	1.0000	1.2596	0.4029	-0.1243	1.0000	0.7388	0.2709	-1.0000	0.2317	0.2523	-0.0206	0.7411
126.0000	35.0000	Focus on Health	Raspberries	5.0000	5.0000	5.0000	4	-1.0000	1.4272	0.6713	0.2792	0.0000	0.6713	0.1942	-1.0000	0.0696	0.0847	-0.0150	0.1759
126.0000	36.0000	Focus on Health	CornFlakes	5.0000	4.0000	3.0000	6	-1.0000	1.0748	0.5204	0.2933	0.0000	0.5204	0.1785	-1.0000	0.0348	0.0675	-0.0326	0.1398
126.0000	37.0000	Focus on Health	Cheetos	5.0000	4.0000	3.0000	3	-1.0000	0.9404	0.3190	-0.0804	0.0000	0.3190	0.1926	-1.0000	0.2814	0.2814	-0.0000	0.5751
126.0000	38.0000	Focus on Health	TofuDessert	6.0000	6.0000	6.0000	4	1.0000	1.0582	0.2184	-0.3486	1.0000	0.5039	0.2316	-1.0000	0.1622	0.1775	-0.0153	0.4305
126.0000	39.0000	Focus on Health	MnMPlain	5.0000	4.0000	3.0000	3	-1.0000	0.8900	0.3525	0.0447	0.0000	0.3525	0.2321	-1.0000	0.0739	0.0787	-0.0049	0.1674
126.0000	40.0000	Focus on Health	Raspberries	5.0000	4.0000	5.0000	5	-1.0000	1.1416	0.6883	0.3368	0.0000	0.6883	0.3892	-1.0000	0.1337	0.1337	-0.0000	0.2482
126.0000	41.0000	Focus on Health	GreenBeans	4.0000	4.0000	4.0000	2	-1.0000	0.8900	0.4029	-0.0637	0.0000	0.4029	0.1745	-1.0000	0.1695	0.1707	-0.0012	0.3322
126.0000	42.0000	Focus on Health	SlimStyles	5.0000	3.0000	3.0000	2	-1.0000	0.9069	0.4365	0.1232	0.0000	0.4365	0.2480	-1.0000	0.0927	0.0927	-0.0000	0.1600
126.0000	43.0000	Focus on Health	FrozenPeaches	6.0000	6.0000	6.0000	5	1.0000	1.0411	0.6044	-0.0120	0.0000	0.6044	0.2436	1.0000	0.1103	0.1273	-0.0170	0.2212
126.0000	44.0000	Focus on Health	Tuna	5.0000	5.0000	3.0000	2	1.0000	1.0917	0.4533	-0.1275	0.0000	0.4533	0.1789	1.0000	0.1049	0.1049	-0.0000	0.1491
126.0000	45.0000	Focus on Health	Skittles	4.0000	4.0000	3.0000	3	-1.0000	0.9234	0.4029	0.1185	0.0000	0.4029	0.2329	-1.0000	0.1463	0.1463	-0.0000	0.2961
126.0000	46.0000	Focus on Health	NatureValleyChocolate	3.0000	4.0000	3.0000	1	-1.0000	0.8734	0.3526	0.1628	0.0000	0.3526	0.2086	-1.0000	0.0970	0.1078	-0.0108	0.2409
126.0000	47.0000	Focus on Health	RufflesSourCreamOnion	4.0000	3.0000	2.0000	5	-1.0000	0.9903	0.5872	0.2890	0.0000	0.5872	0.3556	-1.0000	0.0797	0.0797	-0.0000	0.1188
126.0000	48.0000	Focus on Health	GreenApple	5.0000	6.0000	6.0000	2	1.0000	0.9909	0.3023	-0.4114	1.0000	0.4367	0.3074	-1.0000	0.1781	0.1820	-0.0039	0.6777
126.0000	49.0000	Focus on Health	Orange	6.0000	6.0000	6.0000	1	1.0000	0.8733	0.4365	-0.0395	0.0000	0.4365	0.4522	1.0000	0.0673	0.0932	-0.0259	0.2034
126.0000	50.0000	Focus on Health	WelchsFruitSnacks	4.0000	3.0000	1.0000	3	-1.0000	0.7891	0.3356	0.0670	0.0000	0.3356	0.2388	-1.0000	0.1294	0.1299	-0.0005	0.2537
126.0000	51.0000	Respond Naturally	CoffeeCrisp	3.0000	2.0000	3.0000	1	-1.0000	0.9069	0.3022	0.2260	0.0000	0.3022	0.2985	-1.0000	0.0674	0.0674	-0.0000	0.1196
126.0000	52.0000	Respond Naturally	RedPepper	4.0000	3.0000	5.0000	5	-1.0000	1.0245	0.4197	0.2446	0.0000	0.4197	0.2644	-1.0000	0.0765	0.0869	-0.0103	0.2586
126.0000	53.0000	Respond Naturally	SkittlesSour	4.0000	5.0000	2.0000	6	-1.0000	0.8900	0.2350	0.4302	0.0000	0.2350	0.2399	-1.0000	-0.0025	0.0218	-0.0242	-0.0738
126.0000	54.0000	Respond Naturally	MnMPlain	4.0000	3.0000	1.0000	5	-1.0000	0.7896	0.1176	0.8192	0.0000	0.1176	0.2146	-1.0000	0.0436	0.0444	-0.0007	0.1383
126.0000	55.0000	Respond Naturally	Cheetos	4.0000	3.0000	1.0000	6	-1.0000	0.7894	0.1341	0.7681	0.0000	0.1341	0.1401	-1.0000	0.0651	0.0659	-0.0008	0.2128
126.0000	56.0000	Respond Naturally	PopTartStrawberry	4.0000	3.0000	3.0000	2	-1.0000	0.8564	0.1006	0.5008	2.0000	0.4366	0.3395	-1.0000	0.0465	0.0478	-0.0013	0.2007
126.0000	57.0000	Respond Naturally	BrusselsSprouts	4.0000	3.0000	4.0000	4	-1.0000	0.9238	0.4535	0.0236	0.0000	0.4535	0.3358	-1.0000	0.0742	0.0742	-0.0000	0.1253
126.0000	58.0000	Respond Naturally	YorkPeppermintPatties	3.0000	2.0000	1.0000	4	-1.0000	0.9070	0.1344	-0.0293	0.0000	0.1344	0.2209	-1.0000	0.0794	0.0838	-0.0044	0.1974
126.0000	59.0000	Respond Naturally	Snickers	4.0000	2.0000	2.0000	3	-1.0000	0.7724	0.4030	0.2266	0.0000	0.4030	0.2972	-1.0000	0.1646	0.1646	-0.0000	0.3047
126.0000	60.0000	Respond Naturally	IceCreamChocolate	6.0000	5.0000	2.0000	4	1.0000	1.3268	0.3357	-0.1566	1.0000	0.7221	0.5053	-1.0000	0.5254	0.5254	-0.0000	1.3213
126.0000	61.0000	Focus on Health	Broccoli	5.0000	5.0000	6.0000	4	-1.0000	1.6294	0.4702	0.3132	1.0000	0.7726	0.4111	1.0000	0.5366	0.5366	-0.0000	1.4053
126.0000	62.0000	Focus on Health	Tempeh	5.0000	4.0000	3.0000	2	-1.0000	0.9908	0.4197	0.2080	0.0000	0.4197	0.1954	-1.0000	0.1091	0.1091	-0.0000	0.2146
126.0000	63.0000	Focus on Health	AllBranBar	5.0000	4.0000	3.0000	1	-1.0000	0.9909	0.3862	0.2535	0.0000	0.3862	0.2890	-1.0000	0.1417	0.1420	-0.0003	0.3196
126.0000	64.0000	Focus on Health	SlicedTurkey	6.0000	6.0000	4.0000	2	1.0000	1.3265	0.5873	-0.0547	0.0000	0.5873	0.1869	1.0000	0.1942	0.2311	-0.0369	0.4823
126.0000	65.0000	Focus on Health	Onion	4.0000	3.0000	5.0000	4	-1.0000	1.1251	0.4365	-0.0000	0.0000	0.4365	0.1649	-1.0000	0.1508	0.1519	-0.0011	0.2794
126.0000	66.0000	Focus on Health	Smarties	3.0000	2.0000	1.0000	5	-1.0000	0.8901	0.4197	-0.0108	0.0000	0.4197	0.1971	-1.0000	0.1751	0.1770	-0.0020	0.3609
126.0000	67.0000	Focus on Health	BabyFoodSweetPotatos	4.0000	4.0000	4.0000	5	-1.0000	0.9740	0.4701	0.1295	0.0000	0.4701	0.1682	-1.0000	0.1980	0.1980	-0.0000	0.3343
126.0000	68.0000	Focus on Health	KashiBars	5.0000	4.0000	3.0000	1	1.0000	2.0325	0.4030	0.1046	3.0000	1.4445	0.4277	-1.0000	0.3927	0.4176	-0.0248	1.4853
126.0000	69.0000	Focus on Health	FrozenCorn	5.0000	5.0000	5.0000	4	-1.0000	1.4442	0.4532	-0.0137	0.0000	0.4532	0.2295	-1.0000	0.1610	0.1613	-0.0003	0.2874
126.0000	70.0000	Focus on Health	SunChips	5.0000	5.0000	2.0000	2	-1.0000	1.0412	0.3692	-0.1032	0.0000	0.3692	0.1928	-1.0000	0.2622	0.2622	-0.0000	0.4361
126.0000	71.0000	Respond Naturally	ProMax	3.0000	3.0000	3.0000	2	-1.0000	1.0243	0.4869	0.0230	0.0000	0.4869	0.2342	-1.0000	0.0623	0.0705	-0.0082	0.1518
126.0000	72.0000	Respond Naturally	Fritos	4.0000	2.0000	1.0000	5	-1.0000	0.9738	0.4027	0.0006	0.0000	0.4027	0.2880	-1.0000	0.2175	0.2175	-0.0000	0.3659
126.0000	73.0000	Respond Naturally	Spinach	5.0000	5.0000	6.0000	2	1.0000	1.2428	0.5372	-0.2044	0.0000	0.5372	0.1495	1.0000	0.1643	0.1643	-0.0000	0.3043
126.0000	74.0000	Respond Naturally	Beets	3.0000	1.0000	3.0000	2	-1.0000	0.9741	0.4029	0.0966	0.0000	0.4029	0.2381	-1.0000	0.1177	0.1214	-0.0037	0.2444
126.0000	75.0000	Respond Naturally	AllBranCereal	4.0000	3.0000	4.0000	6	-1.0000	0.9403	0.4531	0.3062	0.0000	0.4531	0.2419	-1.0000	0.1588	0.1588	-0.0000	0.2623
126.0000	76.0000	Respond Naturally	IceCreamVanilla	6.0000	5.0000	3.0000	1	1.0000	0.9404	0.5373	-0.5906	0.0000	0.5373	0.2371	1.0000	0.1574	0.1597	-0.0023	0.2952
126.0000	77.0000	Respond Naturally	AlmondMilk	2.0000	1.0000	3.0000	4	-1.0000	1.1925	0.4198	0.1322	1.0000	0.6717	0.3282	1.0000	0.3833	0.3833	-0.0000	1.2045
126.0000	78.0000	Respond Naturally	RaisinBran	4.0000	4.0000	4.0000	3	1.0000	1.1924	0.4701	0.2028	1.0000	0.6549	0.4250	-1.0000	0.2441	0.2915	-0.0475	1.1094
126.0000	79.0000	Respond Naturally	GreenGrapes	3.0000	4.0000	4.0000	1	1.0000	0.8732	0.4197	0.0091	0.0000	0.4197	0.3046	1.0000	0.1524	0.1687	-0.0163	0.3275
126.0000	80.0000	Respond Naturally	Mackerel	3.0000	4.0000	3.0000	1	1.0000	1.3436	0.4701	0.0660	1.0000	0.7724	0.3713	-1.0000	0.4018	0.4288	-0.0270	1.2866
126.0000	81.0000	Respond Naturally	Mackerel	3.0000	3.0000	3.0000	3	-1.0000	0.8564	0.3694	-0.1739	0.0000	0.3694	0.2376	-1.0000	0.1047	0.1065	-0.0018	0.2061
126.0000	82.0000	Respond Naturally	GreenPepper	4.0000	3.0000	4.0000	2	-1.0000	1.0578	0.3525	-0.1519	1.0000	0.5204	0.3976	1.0000	0.4203	0.4203	-0.0000	1.4783
126.0000	83.0000	Respond Naturally	Cheerios	6.0000	3.0000	2.0000	5	-1.0000	0.9236	0.4197	0.0222	0.0000	0.4197	0.2532	-1.0000	0.0673	0.0673	-0.0000	0.1050
126.0000	84.0000	Respond Naturally	BabyFoodCarrots	3.0000	2.0000	5.0000	3	-1.0000	1.0243	0.4867	0.0835	0.0000	0.4867	0.1516	-1.0000	0.1812	0.1812	-0.0000	0.3066
126.0000	85.0000	Respond Naturally	Shreddies	4.0000	4.0000	3.0000	2	1.0000	1.1754	0.5540	0.0000	0.0000	0.5540	0.2027	1.0000	0.0942	0.0942	-0.0000	0.1356
126.0000	86.0000	Respond Naturally	KashiBars	4.0000	4.0000	3.0000	4	-1.0000	1.4109	0.4030	0.1618	0.0000	0.4030	0.1462	-1.0000	0.0782	0.0788	-0.0007	0.2086
126.0000	87.0000	Respond Naturally	AllBranCereal	5.0000	4.0000	5.0000	2	1.0000	1.2260	0.5540	-0.2042	1.0000	0.6884	0.1298	-1.0000	0.1214	0.1214	-0.0000	0.2527
126.0000	88.0000	Respond Naturally	Asparagus	3.0000	4.0000	5.0000	3	-1.0000	1.1419	0.5037	0.0775	0.0000	0.5037	0.1429	-1.0000	0.2030	0.2035	-0.0005	0.3729
126.0000	89.0000	Respond Naturally	ClamJuice	3.0000	2.0000	3.0000	1	-1.0000	1.2090	0.5706	0.3078	0.0000	0.5706	0.2550	-1.0000	0.0207	0.0508	-0.0301	-0.1489
126.0000	90.0000	Respond Naturally	PCChipCookie	4.0000	4.0000	3.0000	2	-1.0000	1.5613	0.8057	0.1809	0.0000	0.8057	0.2391	-1.0000	0.0422	0.0636	-0.0213	-0.1590
126.0000	91.0000	Focus on Health	CornFlakes	6.0000	5.0000	4.0000	3	1.0000	1.3433	0.6882	0.0695	0.0000	0.6882	0.1997	1.0000	0.0862	0.0862	-0.0000	0.1639
126.0000	92.0000	Focus on Health	Reese	3.0000	3.0000	2.0000	1	-1.0000	0.9237	0.4198	0.0531	0.0000	0.4198	0.2236	-1.0000	0.0939	0.0940	-0.0001	0.1721
126.0000	93.0000	Focus on Health	Cauliflower	5.0000	4.0000	5.0000	2	1.0000	1.0747	0.5707	-0.1369	0.0000	0.5707	0.1905	1.0000	0.2537	0.2777	-0.0239	0.4886
126.0000	94.0000	Focus on Health	Strawberries	5.0000	4.0000	4.0000	3	-1.0000	1.9143	1.1751	0.1276	0.0000	1.1751	0.1521	-1.0000	0.2396	0.2396	-0.0000	0.3275
126.0000	95.0000	Focus on Health	Caramilk	3.0000	2.0000	2.0000	5	-1.0000	1.4272	0.9400	0.2416	0.0000	0.9400	0.2833	-1.0000	0.2150	0.2150	-0.0000	0.2732
126.0000	96.0000	Focus on Health	Pringles	6.0000	5.0000	2.0000	5	-1.0000	1.0749	0.4702	0.3963	0.0000	0.4702	0.2281	-1.0000	0.0664	0.0664	-0.0001	0.1277
126.0000	97.0000	Focus on Health	FrozenPeas	2.0000	3.0000	5.0000	6	-1.0000	1.0410	0.5876	0.1729	0.0000	0.5876	0.1747	-1.0000	0.1426	0.1427	-0.0001	0.2238
126.0000	98.0000	Focus on Health	IceCreamChocolate	6.0000	4.0000	3.0000	1	-1.0000	1.1419	0.4869	0.3259	1.0000	0.7053	0.3180	1.0000	0.3503	0.3509	-0.0005	1.1894
126.0000	99.0000	Focus on Health	CheeseNips	5.0000	5.0000	1.0000	5	-1.0000	0.9403	0.5036	0.0314	0.0000	0.5036	0.2334	-1.0000	0.1409	0.1430	-0.0021	0.2345
126.0000	100.0000	Focus on Health	Orange	6.0000	6.0000	6.0000	5	1.0000	0.9404	0.4534	-0.4407	0.0000	0.4534	0.2646	1.0000	0.1648	0.1650	-0.0001	0.3506
126.0000	101.0000	Respond Naturally	Caramilk	3.0000	2.0000	3.0000	2	-1.0000	0.8564	0.4029	-0.1833	0.0000	0.4029	0.2411	-1.0000	0.1105	0.1148	-0.0043	0.2337
126.0000	102.0000	Respond Naturally	EnglishCucumber	6.0000	6.0000	6.0000	5	1.0000	0.9907	0.4701	0.0000	0.0000	0.4701	0.2832	1.0000	0.1147	0.1221	-0.0074	0.2336
126.0000	103.0000	Respond Naturally	GreenBeans	4.0000	3.0000	4.0000	4	-1.0000	0.7893	0.3526	-0.0603	0.0000	0.3526	0.2270	-1.0000	0.1826	0.1826	-0.0000	0.3580
126.0000	104.0000	Respond Naturally	FrozenBroccoli	5.0000	5.0000	4.0000	2	1.0000	0.9404	0.4869	-0.1502	0.0000	0.4869	0.2111	1.0000	0.1376	0.1494	-0.0118	0.2785
126.0000	105.0000	Respond Naturally	BrusselsSprouts	3.0000	3.0000	4.0000	2	-1.0000	1.0078	0.4199	0.2746	0.0000	0.4199	0.1782	-1.0000	0.0847	0.0850	-0.0004	0.1617
126.0000	106.0000	Respond Naturally	PureFit	3.0000	3.0000	3.0000	4	-1.0000	0.8733	0.3526	-0.0589	0.0000	0.3526	0.3142	-1.0000	0.1269	0.1287	-0.0019	0.2792
126.0000	107.0000	Respond Naturally	CannedArtichoke	2.0000	3.0000	4.0000	2	-1.0000	0.9069	0.3861	-0.0122	0.0000	0.3861	0.1922	-1.0000	0.1933	0.1933	-0.0000	0.3047
126.0000	108.0000	Respond Naturally	LaysClassic	6.0000	5.0000	2.0000	3	1.0000	1.1419	0.4868	-0.3442	1.0000	0.7052	0.5915	-1.0000	0.3020	0.3020	-0.0000	1.3393
126.0000	109.0000	Respond Naturally	BBQCrisps	4.0000	3.0000	1.0000	6	-1.0000	0.8731	0.3523	-0.0056	0.0000	0.3523	0.2706	-1.0000	0.1881	0.1881	-0.0000	0.3161
126.0000	110.0000	Respond Naturally	MnMPeanuts	4.0000	5.0000	3.0000	2	1.0000	1.4104	0.3524	-0.2565	3.0000	0.9402	0.5148	-1.0000	0.7407	0.7407	-0.0001	1.5438
126.0000	111.0000	Focus on Health	Beets	3.0000	1.0000	5.0000	5	-1.0000	0.9403	0.3355	-0.0000	0.0000	0.3355	0.1907	-1.0000	0.1107	0.1107	-0.0000	0.2058
126.0000	112.0000	Focus on Health	CheeseNips	6.0000	5.0000	3.0000	2	-1.0000	1.1085	0.5541	0.0972	0.0000	0.5541	0.1921	-1.0000	0.1353	0.1353	-0.0000	0.2273
126.0000	113.0000	Focus on Health	Pringles	6.0000	4.0000	3.0000	2	-1.0000	0.8731	0.4701	0.2262	0.0000	0.4701	0.2465	-1.0000	0.1084	0.1084	-0.0000	0.1772
126.0000	114.0000	Focus on Health	RomaineLettuce	6.0000	6.0000	6.0000	4	1.0000	0.9405	0.3022	-0.0615	1.0000	0.5542	0.3073	-1.0000	0.2343	0.2343	-0.0000	0.9365
126.0000	115.0000	Focus on Health	Doritos	6.0000	5.0000	3.0000	2	-1.0000	0.9908	0.3356	0.0587	0.0000	0.3356	0.1863	-1.0000	0.1038	0.1038	-0.0000	0.1820
126.0000	116.0000	Focus on Health	Twizzlers	4.0000	2.0000	2.0000	4	-1.0000	1.0914	0.4029	-0.0000	0.0000	0.4029	0.1904	-1.0000	0.0243	0.0243	-0.0000	0.1160
126.0000	117.0000	Focus on Health	DriedApricots	5.0000	4.0000	2.0000	5	-1.0000	0.8229	0.3693	0.1145	0.0000	0.3693	0.2210	-1.0000	0.1517	0.1517	-0.0000	0.2408
126.0000	118.0000	Focus on Health	NatureValleyChocolate	5.0000	3.0000	3.0000	4	-1.0000	0.7556	0.3862	0.2459	0.0000	0.3862	0.2611	-1.0000	0.1315	0.1315	-0.0000	0.2325
126.0000	119.0000	Focus on Health	Almonds	4.0000	4.0000	3.0000	4	1.0000	1.5619	0.3190	-0.0019	1.0000	0.7724	0.5135	-1.0000	0.5537	0.5882	-0.0345	1.5076
126.0000	120.0000	Focus on Health	Cheerios	4.0000	5.0000	3.0000	2	-1.0000	0.7389	0.3022	0.2512	0.0000	0.3022	0.1982	-1.0000	0.0823	0.0824	-0.0001	0.1473
126.0000	121.0000	Focus on Health	Aero	5.0000	4.0000	3.0000	3	-1.0000	0.9069	0.4029	0.0175	0.0000	0.4029	0.2436	-1.0000	0.0849	0.0850	-0.0001	0.2009
126.0000	122.0000	Focus on Health	OatBran	5.0000	5.0000	5.0000	2	1.0000	1.2596	0.4701	-0.0688	1.0000	0.7053	0.5953	-1.0000	0.3417	0.3757	-0.0340	1.2099
126.0000	123.0000	Focus on Health	RitzCrackers	6.0000	5.0000	3.0000	2	-1.0000	0.8062	0.3358	0.3152	0.0000	0.3358	0.3078	-1.0000	0.0819	0.0819	-0.0000	0.1645
126.0000	124.0000	Focus on Health	Onion	5.0000	4.0000	6.0000	2	-1.0000	1.2257	0.3526	0.2010	0.0000	0.3526	0.1760	-1.0000	0.1204	0.1204	-0.0000	0.2693
126.0000	125.0000	Focus on Health	OatmealSquares	6.0000	4.0000	4.0000	3	-1.0000	0.9908	0.3190	0.2229	0.0000	0.3190	0.2508	-1.0000	0.0947	0.0950	-0.0003	0.2074
126.0000	126.0000	Focus on Health	Tuna	3.0000	3.0000	4.0000	4	-1.0000	1.0749	0.3693	0.2665	2.0000	0.7054	0.2545	-1.0000	0.1496	0.1496	-0.0000	0.6255
126.0000	127.0000	Focus on Health	RaisinBran	4.0000	4.0000	4.0000	7	-1.0000	0.9910	0.3190	-0.3319	0.0000	0.3190	0.2472	-1.0000	0.0718	0.0754	-0.0036	0.1598
126.0000	128.0000	Focus on Health	SkittlesSour	4.0000	5.0000	3.0000	3	-1.0000	0.8900	0.4869	0.2444	0.0000	0.4869	0.2469	-1.0000	0.2141	0.2141	-0.0000	0.3348
126.0000	129.0000	Focus on Health	FrootLoops	5.0000	2.0000	1.0000	6	-1.0000	0.7389	0.2687	0.1328	0.0000	0.2687	0.2112	-1.0000	0.1002	0.1002	-0.0000	0.2034
126.0000	130.0000	Focus on Health	AllBranBar	5.0000	4.0000	3.0000	3	-1.0000	1.0411	0.3190	0.0157	0.0000	0.3190	0.2645	-1.0000	0.0398	0.0398	-0.0000	0.1070
126.0000	131.0000	Respond Naturally	Smarties	4.0000	4.0000	3.0000	2	-1.0000	0.9572	0.4869	0.2019	0.0000	0.4869	0.3718	-1.0000	0.0666	0.0669	-0.0002	0.1674
126.0000	132.0000	Respond Naturally	WelchsFruitSnacks	5.0000	4.0000	2.0000	1	-1.0000	1.0242	0.2685	0.2933	0.0000	0.2685	0.1838	-1.0000	0.1049	0.1049	-0.0000	0.2362
126.0000	133.0000	Respond Naturally	Triscuit	3.0000	4.0000	3.0000	5	-1.0000	0.8229	0.3526	0.3500	0.0000	0.3526	0.1465	-1.0000	0.1645	0.1645	-0.0000	0.3218
126.0000	134.0000	Respond Naturally	Cauliflower	4.0000	4.0000	5.0000	6	-1.0000	0.9235	0.4196	0.4845	0.0000	0.4196	0.2318	-1.0000	0.0699	0.0699	-0.0000	0.1636
126.0000	135.0000	Respond Naturally	Bananas	6.0000	6.0000	5.0000	2	1.0000	0.7893	0.3694	-0.1082	0.0000	0.3694	0.3092	1.0000	0.1750	0.1959	-0.0209	0.3961
126.0000	136.0000	Respond Naturally	Broccoli	6.0000	5.0000	6.0000	1	1.0000	0.9069	0.4198	-0.3377	0.0000	0.4198	0.2097	1.0000	0.2075	0.2075	-0.0000	0.4476
126.0000	137.0000	Respond Naturally	Aero	4.0000	5.0000	3.0000	1	1.0000	1.3772	0.3190	-0.2644	1.0000	0.6382	0.3624	-1.0000	0.6621	0.6621	-0.0000	1.4081
126.0000	138.0000	Respond Naturally	RiceKrispiesCereal	5.0000	2.0000	2.0000	7	-1.0000	1.0747	0.4699	0.0396	0.0000	0.4699	0.1757	-1.0000	0.1468	0.1468	-0.0000	0.2165
126.0000	139.0000	Respond Naturally	SevenGrain	4.0000	4.0000	4.0000	3	-1.0000	1.0242	0.4364	0.3760	0.0000	0.4364	0.2253	-1.0000	0.0636	0.0660	-0.0024	0.1380
126.0000	140.0000	Respond Naturally	MangoChunks	6.0000	6.0000	6.0000	5	1.0000	0.9740	0.5205	-0.0743	0.0000	0.5205	0.1986	1.0000	0.1685	0.1765	-0.0080	0.2985
126.0000	141.0000	Respond Naturally	Spinach	5.0000	5.0000	6.0000	4	-1.0000	0.9909	0.4197	0.0512	0.0000	0.4197	0.1929	-1.0000	0.0824	0.0824	-0.0000	0.2424
126.0000	142.0000	Respond Naturally	MnMPeanuts	5.0000	4.0000	2.0000	4	-1.0000	0.8394	0.3691	0.1571	0.0000	0.3691	0.1821	-1.0000	0.0680	0.0690	-0.0010	0.1359
126.0000	143.0000	Respond Naturally	SunChips	5.0000	4.0000	3.0000	4	1.0000	1.3938	0.4363	0.0280	1.0000	0.6547	0.4204	-1.0000	0.3182	0.3252	-0.0071	1.2740
126.0000	144.0000	Respond Naturally	YorkPeppermintPatties	4.0000	4.0000	3.0000	2	1.0000	1.0243	0.5372	-0.0167	0.0000	0.5372	0.2388	1.0000	0.1891	0.2001	-0.0110	0.3553
126.0000	145.0000	Respond Naturally	GreenPepper	3.0000	4.0000	5.0000	6	-1.0000	0.8567	0.3526	0.1159	0.0000	0.3526	0.2126	-1.0000	0.1424	0.1424	-0.0000	0.2568
126.0000	146.0000	Respond Naturally	Avocado	4.0000	5.0000	6.0000	5	-1.0000	0.9236	0.2349	0.1373	2.0000	0.6045	0.1761	-1.0000	0.0977	0.0984	-0.0007	0.3410
126.0000	147.0000	Respond Naturally	FrozenPeas	4.0000	4.0000	5.0000	2	-1.0000	1.3437	0.3525	0.2417	2.0000	0.8733	0.4666	-1.0000	0.3622	0.3622	-0.0000	1.3329
126.0000	148.0000	Respond Naturally	HoneyNutCheerios	4.0000	4.0000	3.0000	2	-1.0000	1.0580	0.3861	0.3921	0.0000	0.3861	0.2571	-1.0000	0.0066	0.0308	-0.0242	-0.0795
126.0000	149.0000	Respond Naturally	PCChipCookie	4.0000	3.0000	2.0000	5	-1.0000	0.8396	0.4197	0.1581	0.0000	0.4197	0.2031	-1.0000	0.1427	0.1427	-0.0000	0.2178
126.0000	150.0000	Respond Naturally	CannedArtichoke	2.0000	2.0000	4.0000	5	-1.0000	0.8731	0.4532	0.1483	0.0000	0.4532	0.2669	-1.0000	0.1656	0.1656	-0.0000	0.2470
126.0000	151.0000	Focus on Health	BabyFoodCarrots	3.0000	1.0000	5.0000	5	-1.0000	0.9573	0.3862	0.3726	0.0000	0.3862	0.2772	-1.0000	0.0208	0.0399	-0.0191	0.1135
126.0000	152.0000	Focus on Health	FrozenBlueberries	6.0000	5.0000	6.0000	1	1.0000	1.0915	0.3692	-0.1518	1.0000	0.5708	0.2724	-1.0000	0.2162	0.2371	-0.0209	0.6566
126.0000	153.0000	Focus on Health	AppleChips	5.0000	4.0000	4.0000	2	-1.0000	1.4108	0.4197	0.0068	1.0000	0.6045	0.3646	1.0000	0.1839	0.2152	-0.0313	0.9963
126.0000	154.0000	Focus on Health	FrozenOkra	6.0000	5.0000	6.0000	2	1.0000	1.0076	0.3021	-0.1280	1.0000	0.5204	0.2947	-1.0000	0.2612	0.2848	-0.0236	0.7114
126.0000	155.0000	Focus on Health	HoneyNutCheerios	4.0000	4.0000	3.0000	5	-1.0000	0.9402	0.4195	0.1230	0.0000	0.4195	0.3290	-1.0000	0.1055	0.1055	-0.0000	0.1788
126.0000	156.0000	Focus on Health	RomaineLettuce	5.0000	6.0000	6.0000	2	1.0000	0.8398	0.4030	-0.0096	0.0000	0.4030	0.2163	1.0000	0.1291	0.1360	-0.0069	0.3131
126.0000	157.0000	Focus on Health	SkimMilk	6.0000	6.0000	6.0000	1	1.0000	0.9405	0.3526	-0.0083	0.0000	0.3526	0.2509	1.0000	0.1894	0.1935	-0.0041	0.3740
126.0000	158.0000	Focus on Health	OatmealSquares	4.0000	3.0000	4.0000	7	-1.0000	0.9572	0.4198	0.1054	0.0000	0.4198	0.3679	-1.0000	0.0069	0.0712	-0.0643	-0.2368
126.0000	159.0000	Focus on Health	PureFit	3.0000	3.0000	2.0000	2	-1.0000	0.8564	0.3357	0.0304	0.0000	0.3357	0.2034	-1.0000	0.1459	0.1545	-0.0086	0.3424
126.0000	160.0000	Focus on Health	Twizzlers	4.0000	4.0000	3.0000	2	-1.0000	0.8396	0.4029	0.4016	0.0000	0.4029	0.3367	-1.0000	0.0834	0.0834	-0.0000	0.1893
126.0000	161.0000	Respond Naturally	Smartfood	3.0000	3.0000	2.0000	2	-1.0000	1.1923	0.4867	0.1649	1.0000	0.6547	0.4914	1.0000	0.2378	0.2827	-0.0449	1.2693
126.0000	162.0000	Respond Naturally	Prunes	4.0000	4.0000	3.0000	2	1.0000	1.0577	0.5538	0.0000	0.0000	0.5538	0.2411	1.0000	0.1364	0.1364	-0.0000	0.2384
126.0000	163.0000	Respond Naturally	FrootLoops	4.0000	4.0000	3.0000	2	-1.0000	0.9572	0.4365	0.2248	0.0000	0.4365	0.1646	-1.0000	0.2034	0.2034	-0.0000	0.3336
126.0000	164.0000	Respond Naturally	Reese	2.0000	1.0000	1.0000	4	-1.0000	1.0579	0.5709	0.4024	0.0000	0.5709	0.3174	-1.0000	-0.0452	0.0085	-0.0537	-0.1426
126.0000	165.0000	Respond Naturally	VanillaGreekYogurt	6.0000	4.0000	6.0000	4	1.0000	1.3771	0.4029	-0.1057	2.0000	0.9068	0.3497	1.0000	0.1972	0.1972	-0.0000	0.8733
126.0000	166.0000	Respond Naturally	RitzCrackers	6.0000	5.0000	1.0000	5	-1.0000	1.0577	0.4196	0.6525	0.0000	0.4196	0.2325	-1.0000	0.0332	0.0332	-0.0000	0.0867
126.0000	167.0000	Respond Naturally	ClifBar	2.0000	2.0000	2.0000	2	-1.0000	0.9905	0.4530	-0.0385	0.0000	0.4530	0.3216	-1.0000	0.1384	0.1401	-0.0016	0.2265
126.0000	168.0000	Respond Naturally	Snickers	4.0000	3.0000	3.0000	2	-1.0000	0.8060	0.4533	0.1247	0.0000	0.4533	0.2189	-1.0000	0.1942	0.1955	-0.0013	0.3116
126.0000	169.0000	Respond Naturally	ProMax	4.0000	3.0000	2.0000	4	-1.0000	0.8731	0.4029	0.2557	0.0000	0.4029	0.2904	-1.0000	0.0974	0.0983	-0.0009	0.1822
126.0000	170.0000	Respond Naturally	FrozenPeaches	6.0000	6.0000	6.0000	2	1.0000	1.0413	0.4365	-0.1192	0.0000	0.4365	0.1284	1.0000	0.1369	0.1369	-0.0000	0.2901
126.0000	171.0000	Focus on Health	BBQCrisps	4.0000	4.0000	2.0000	2	-1.0000	1.0914	0.4699	0.1598	0.0000	0.4699	0.2464	-1.0000	0.0551	0.0551	-0.0000	0.1002
126.0000	172.0000	Focus on Health	Shreddies	3.0000	4.0000	4.0000	5	-1.0000	0.7724	0.3022	0.1380	0.0000	0.3022	0.1721	-1.0000	0.0973	0.0973	-0.0000	0.2036
126.0000	173.0000	Focus on Health	Asparagus	3.0000	3.0000	6.0000	6	-1.0000	1.6456	0.4533	0.2175	1.0000	1.2091	0.4821	1.0000	0.6466	0.6467	-0.0000	1.3991
126.0000	174.0000	Focus on Health	BabyFoodSweetPotatos	5.0000	4.0000	4.0000	2	-1.0000	1.5786	0.5036	0.2856	2.0000	1.0412	0.4836	-1.0000	0.4277	0.4277	-0.0000	2.0168
126.0000	175.0000	Focus on Health	FrozenOkra	6.0000	5.0000	5.0000	5	1.0000	1.1755	0.5707	-0.3447	0.0000	0.5707	0.2716	1.0000	0.1512	0.1512	-0.0000	0.2242
126.0000	176.0000	Focus on Health	RufflesSourCreamOnion	4.0000	3.0000	3.0000	3	-1.0000	0.9907	0.5204	0.2412	0.0000	0.5204	0.3067	-1.0000	0.0790	0.0790	-0.0000	0.1344
126.0000	177.0000	Focus on Health	Nutella	2.0000	1.0000	1.0000	4	-1.0000	0.9905	0.5539	0.2729	0.0000	0.5539	0.2565	-1.0000	0.0814	0.0930	-0.0116	0.1667
126.0000	178.0000	Focus on Health	WaterChestnuts	5.0000	4.0000	5.0000	3	1.0000	1.2093	0.4701	-0.3236	1.0000	0.6548	0.1603	-1.0000	0.1970	0.2278	-0.0308	0.4721
126.0000	179.0000	Focus on Health	ClamJuice	3.0000	2.0000	3.0000	3	-1.0000	1.1583	0.5201	0.4130	0.0000	0.5201	0.2079	-1.0000	0.0871	0.0872	-0.0001	0.1846
126.0000	180.0000	Focus on Health	RedPepper	4.0000	3.0000	5.0000	2	1.0000	1.2930	0.4196	-0.2656	1.0000	0.7555	0.2394	-1.0000	0.3082	0.3084	-0.0002	0.8698
126.0000	181.0000	Focus on Health	Mentos	6.0000	4.0000	2.0000	5	-1.0000	0.9909	0.4365	0.5256	0.0000	0.4365	0.3958	-1.0000	0.0279	0.0348	-0.0070	0.2398
126.0000	182.0000	Focus on Health	LaysClassic	6.0000	6.0000	2.0000	4	-1.0000	0.8734	0.2854	0.2750	0.0000	0.2854	0.2265	-1.0000	0.1590	0.1590	-0.0000	0.2452
126.0000	183.0000	Focus on Health	DriedHerring	5.0000	4.0000	3.0000	1	-1.0000	1.0246	0.3190	0.1467	0.0000	0.3190	0.1494	-1.0000	0.1786	0.1786	-0.0000	0.2803
126.0000	184.0000	Focus on Health	DriedApricots	6.0000	5.0000	3.0000	2	-1.0000	1.0246	0.3190	0.1094	0.0000	0.3190	0.1915	-1.0000	0.1172	0.1172	-0.0001	0.2192
126.0000	185.0000	Focus on Health	Mentos	6.0000	4.0000	3.0000	2	-1.0000	0.9574	0.4030	0.1617	0.0000	0.4030	0.1801	-1.0000	0.0480	0.0674	-0.0194	0.1471
126.0000	186.0000	Focus on Health	FrozenCorn	6.0000	6.0000	4.0000	2	1.0000	1.1421	0.4365	-0.2284	1.0000	0.6045	0.2465	-1.0000	0.2027	0.2234	-0.0207	0.6529
126.0000	187.0000	Focus on Health	OatBran	5.0000	4.0000	5.0000	4	-1.0000	2.3171	0.3693	0.1238	2.0000	0.8397	0.3115	-1.0000	0.5961	0.5981	-0.0020	1.3799
126.0000	188.0000	Focus on Health	AlmondMilk	4.0000	2.0000	3.0000	2	-1.0000	1.3266	0.6883	0.1265	0.0000	0.6883	0.3582	-1.0000	-0.0155	0.0236	-0.0392	-0.2112
126.0000	189.0000	Focus on Health	AppleChips	4.0000	4.0000	3.0000	5	-1.0000	1.1418	0.5708	0.1379	0.0000	0.5708	0.1748	-1.0000	0.0796	0.0937	-0.0141	0.1595
126.0000	190.0000	Focus on Health	Avocado	4.0000	5.0000	6.0000	2	1.0000	0.9741	0.3693	0.2220	0.0000	0.3693	0.1821	1.0000	0.0297	0.0313	-0.0016	0.0955
126.0000	191.0000	Respond Naturally	Tempeh	5.0000	4.0000	3.0000	4	-1.0000	1.2594	0.4866	0.1337	1.0000	0.6882	0.2355	1.0000	0.0103	0.0262	-0.0159	-0.0975
126.0000	192.0000	Respond Naturally	Starburst	5.0000	4.0000	3.0000	3	1.0000	1.0406	0.6039	-0.0851	0.0000	0.6039	0.2414	1.0000	0.0892	0.0953	-0.0061	0.1536
126.0000	193.0000	Respond Naturally	Butternut	6.0000	6.0000	4.0000	7	-1.0000	1.6284	0.4698	0.2518	1.0000	0.9065	0.2979	1.0000	0.3043	0.3052	-0.0009	1.1857
126.0000	194.0000	Respond Naturally	VegetableThins	5.0000	4.0000	3.0000	5	-1.0000	0.9400	0.3353	0.1808	0.0000	0.3353	0.1464	-1.0000	0.1246	0.1246	-0.0000	0.1846
126.0000	195.0000	Respond Naturally	Starburst	5.0000	4.0000	2.0000	6	-1.0000	1.0243	0.5876	0.1898	0.0000	0.5876	0.2671	-1.0000	0.0921	0.1390	-0.0468	-0.2385
126.0000	196.0000	Respond Naturally	MangoChunks	6.0000	6.0000	4.0000	2	1.0000	0.8733	0.4029	-0.4497	0.0000	0.4029	0.3729	1.0000	0.0792	0.0969	-0.0177	0.2148
126.0000	197.0000	Respond Naturally	VegetableThins	4.0000	3.0000	3.0000	2	1.0000	1.1589	0.3694	-0.3623	1.0000	0.7054	0.2994	-1.0000	0.5085	0.5092	-0.0008	1.2498
126.0000	198.0000	Respond Naturally	SpeltCakes	4.0000	4.0000	2.0000	5	-1.0000	0.9237	0.3526	0.3716	0.0000	0.3526	0.2994	-1.0000	-0.0072	0.0202	-0.0274	-0.0787
126.0000	199.0000	Respond Naturally	Triscuit	4.0000	4.0000	4.0000	2	1.0000	1.1753	0.4362	-0.2738	1.0000	0.5706	0.2763	-1.0000	0.1742	0.2021	-0.0279	0.7479
126.0000	200.0000	Respond Naturally	OikosYogurt	6.0000	6.0000	4.0000	3	1.0000	1.2764	0.5709	-0.1897	0.0000	0.5709	0.2072	1.0000	0.0930	0.1052	-0.0122	0.2890
