Subject	Block	Trial	Attribute	Food	Rating	RT
126.0000	1.0000	1.0000	Liking	AlmondMilk_4_1glass.jpg	2.0000	6.5863
126.0000	1.0000	2.0000	Liking	Avocado_2_2pc.jpg	4.0000	2.8370
126.0000	1.0000	3.0000	Liking	PopTartStrawberry_5_3tarts.jpg	4.0000	2.0297
126.0000	1.0000	4.0000	Liking	BabyFoodSweetPotatos_5_1jar.jpg	4.0000	3.4548
126.0000	1.0000	5.0000	Liking	RaisinBran_3_2tbsp.jpg	4.0000	1.7303
126.0000	1.0000	6.0000	Liking	ClifBar_2_0.5bar.jpg	2.0000	6.8394
126.0000	1.0000	7.0000	Liking	SpeltCakes_2_0.5.jpg	4.0000	4.6881
126.0000	1.0000	8.0000	Liking	SevenGrain_1_1.jpg	4.0000	2.0069
126.0000	1.0000	9.0000	Liking	RufflesSourCreamOnion_3_5chips.jpg	4.0000	2.9488
126.0000	1.0000	10.0000	Liking	Mars_4_2Bars.jpg	4.0000	1.9046
126.0000	1.0000	11.0000	Liking	KashiBars_1_0.5bar.jpg	5.0000	2.2386
126.0000	1.0000	12.0000	Liking	SlimStyles_6_2c.jpg	5.0000	8.2151
126.0000	1.0000	13.0000	Liking	SlicedTurkey_5_4slices.jpg	5.0000	1.8565
126.0000	1.0000	14.0000	Liking	FrozenBroccoli_6_0.5bag.jpg	5.0000	1.6779
126.0000	1.0000	15.0000	Liking	GreenGrapes_1_1.jpg	3.0000	9.3090
126.0000	1.0000	16.0000	Liking	Aero_1_1pc.jpg	4.0000	2.1391
126.0000	1.0000	17.0000	Liking	RaisinBran_7_2cup.jpg	4.0000	2.6831
126.0000	1.0000	18.0000	Liking	RiceKrispiesCereal_7_2cups.jpg	5.0000	2.5622
126.0000	1.0000	19.0000	Liking	Snickers_2_1Bar.jpg	4.0000	1.2942
126.0000	1.0000	20.0000	Liking	FrozenCorn_4_2cups.jpg	5.0000	1.6050
126.0000	1.0000	21.0000	Liking	Mackerel_1_1fish.jpg	3.0000	3.2789
126.0000	1.0000	22.0000	Liking	Nutella_4_3spoons.jpg	2.0000	1.8943
126.0000	1.0000	23.0000	Liking	Almonds_2_10.jpg	4.0000	2.0209
126.0000	1.0000	24.0000	Liking	SkittlesSour_3_8pieces.jpg	4.0000	1.7663
126.0000	1.0000	25.0000	Liking	Celery_2_1stalk.jpg	4.0000	5.2814
126.0000	1.0000	26.0000	Liking	Nutella_1_0.5spoon.jpg	3.0000	3.2161
126.0000	1.0000	27.0000	Liking	SunChips_2_3Chips.jpg	5.0000	3.2854
126.0000	1.0000	28.0000	Liking	Strawberries_2_0.5c.jpg	5.0000	1.2506
126.0000	1.0000	29.0000	Liking	Smartfood_4_100Chips.jpg	3.0000	3.0195
126.0000	1.0000	30.0000	Liking	EnglishCucumber_2_2pc.jpg	5.0000	1.4527
126.0000	1.0000	31.0000	Liking	Mars_2_0.5Bar.jpg	3.0000	1.5649
126.0000	1.0000	32.0000	Liking	Bananas_3_1.jpg	5.0000	1.9199
126.0000	1.0000	33.0000	Liking	Mackerel_3_4fish.jpg	3.0000	1.7573
126.0000	1.0000	34.0000	Liking	Doritos_5_20chips.jpg	6.0000	2.9592
126.0000	1.0000	35.0000	Liking	ProMax_4_1bar.jpg	4.0000	3.1313
126.0000	1.0000	36.0000	Liking	WaterChestnuts_3_8pc.jpg	5.0000	8.0476
126.0000	1.0000	37.0000	Liking	FrozenPeaches_2_3Slices.jpg	6.0000	1.2957
126.0000	1.0000	38.0000	Liking	CornFlakes_3_2tbsps.jpg	6.0000	2.5125
126.0000	1.0000	39.0000	Liking	GreenPepper_2_2pc.jpg	4.0000	1.3905
126.0000	1.0000	40.0000	Liking	ClamJuice_3_0.25c.jpg	3.0000	4.7610
126.0000	1.0000	41.0000	Liking	Reese_1_1Cup.jpg	3.0000	1.4450
126.0000	1.0000	42.0000	Liking	SevenGrain_3_5.jpg	4.0000	1.7016
126.0000	1.0000	43.0000	Liking	FrootLoops_6_2Cups.jpg	5.0000	2.6233
126.0000	1.0000	44.0000	Liking	MangoChunks_5_1cup.jpg	6.0000	1.6076
126.0000	1.0000	45.0000	Liking	Cheerios_5_2c.jpg	6.0000	1.4471
126.0000	1.0000	46.0000	Liking	Tempeh_4_.5pack.jpg	5.0000	9.9274
126.0000	1.0000	47.0000	Liking	RedPepper_2_2pc.jpg	4.0000	2.3008
126.0000	1.0000	48.0000	Liking	Starburst_3_5pieces.jpg	5.0000	2.4670
126.0000	1.0000	49.0000	Liking	Mentos_5_1tube.jpg	6.0000	1.3060
126.0000	1.0000	50.0000	Liking	Butternut_7_2cups.jpg	6.0000	5.2873
126.0000	1.0000	51.0000	Liking	AllBranBar_3_1bar.jpg	5.0000	1.8539
126.0000	1.0000	52.0000	Liking	Spinach_4_.5box.jpg	5.0000	1.5720
126.0000	1.0000	53.0000	Liking	Prunes_5_1c.jpg	6.0000	4.3346
126.0000	1.0000	54.0000	Liking	Celery_4_0.5bunch.jpg	3.0000	3.0193
126.0000	1.0000	55.0000	Liking	CoffeeCrisp_3_1Bars.jpg	4.0000	1.7885
126.0000	1.0000	56.0000	Liking	BabyFoodCarrots_5_1jar.jpg	3.0000	2.8710
126.0000	1.0000	57.0000	Liking	LaysClassic_4_16Chips.jpg	6.0000	1.6086
126.0000	1.0000	58.0000	Liking	Cauliflower_2_3chunks.jpg	5.0000	1.4476
126.0000	1.0000	59.0000	Liking	MnMPeanuts_4_45.jpg	5.0000	1.3035
126.0000	1.0000	60.0000	Liking	VegetableThins_5_25Chips.jpg	5.0000	1.7178
126.0000	1.0000	61.0000	Liking	BabyFoodCarrots_3_2Tbsp.jpg	3.0000	2.5071
126.0000	1.0000	62.0000	Liking	FrozenBlueberries_1_1tbsp.jpg	6.0000	3.8244
126.0000	1.0000	63.0000	Liking	SunChips_4_20Chips.jpg	5.0000	3.7563
126.0000	1.0000	64.0000	Liking	Strawberries_3_0.5bag.jpg	5.0000	2.1111
126.0000	1.0000	65.0000	Liking	AppleChips_2_3chips.jpg	5.0000	4.1547
126.0000	1.0000	66.0000	Liking	Shreddies_2_1T.jpg	4.0000	1.9161
126.0000	1.0000	67.0000	Liking	YorkPeppermintPatties_2_3.jpg	4.0000	2.3682
126.0000	1.0000	68.0000	Liking	Fritos_2_5chips.jpg	5.0000	3.3981
126.0000	1.0000	69.0000	Liking	DriedHerring_1_1fish.jpg	5.0000	7.6561
126.0000	1.0000	70.0000	Liking	FrozenOkra_2_2pc.jpg	6.0000	2.1115
126.0000	1.0000	71.0000	Liking	Starburst_6_18pieces.jpg	5.0000	2.1094
126.0000	1.0000	72.0000	Liking	OikosYogurt_6_1c.jpg	6.0000	1.2594
126.0000	1.0000	73.0000	Liking	GreenPepper_6_1pepper.jpg	3.0000	1.7714
126.0000	1.0000	74.0000	Liking	Caramilk_5_2bars.jpg	3.0000	3.3018
126.0000	1.0000	75.0000	Liking	KashiBars_4_3bars.jpg	4.0000	1.6759
126.0000	1.0000	76.0000	Liking	Pringles_5_40Chips.jpg	6.0000	1.0666
126.0000	1.0000	77.0000	Liking	VanillaGreekYogurt_2_1spoon.jpg	6.0000	1.2420
126.0000	1.0000	78.0000	Liking	AllBranCereal_2_1tbsp.jpg	5.0000	3.2286
126.0000	1.0000	79.0000	Liking	FrozenPeas_6_0.5bag.jpg	2.0000	2.3811
126.0000	1.0000	80.0000	Liking	Asparagus_3_7.jpg	3.0000	2.5171
126.0000	1.0000	81.0000	Liking	Butternut_3_0.3cup.jpg	6.0000	3.6184
126.0000	1.0000	82.0000	Liking	IceCreamChocolate_1_1tsp.jpg	6.0000	1.8917
126.0000	1.0000	83.0000	Liking	DriedApricots_2_2.jpg	6.0000	18.2574
126.0000	1.0000	84.0000	Liking	MangoChunks_2_3.jpg	6.0000	1.1763
126.0000	1.0000	85.0000	Liking	HoneyNutCheerios_5_2cup.jpg	4.0000	3.6555
126.0000	1.0000	86.0000	Liking	ClamJuice_1_1T.jpg	3.0000	2.1030
126.0000	1.0000	87.0000	Liking	Avocado_5_1avacado.jpg	4.0000	2.3789
126.0000	1.0000	88.0000	Liking	CheeseNips_5_1c.jpg	5.0000	1.7263
126.0000	1.0000	89.0000	Liking	RomaineLettuce_2_3leaves.jpg	5.0000	1.6268
126.0000	1.0000	90.0000	Liking	FrozenPeas_2_2tbsp.jpg	4.0000	1.7716
126.0000	1.0000	91.0000	Liking	PCChipCookie_2_0.5cookie.jpg	4.0000	3.7987
126.0000	1.0000	92.0000	Liking	ClifBar_4_2bars.jpg	3.0000	3.3039
126.0000	1.0000	93.0000	Liking	Orange_5_2orange.jpg	6.0000	1.3254
126.0000	1.0000	94.0000	Liking	SkimMilk_1_1Tbsp.jpg	6.0000	1.2021
126.0000	1.0000	95.0000	Liking	DriedHerring_3_4fish.jpg	4.0000	1.6994
126.0000	1.0000	96.0000	Liking	GreenApple_4_1.jpg	5.0000	2.5203
126.0000	1.0000	97.0000	Liking	RiceKrispiesCereal_3_2tbsp.jpg	5.0000	1.5341
126.0000	1.0000	98.0000	Liking	Caramilk_2_2pc.jpg	3.0000	1.5941
126.0000	1.0000	99.0000	Liking	HoneyNutCheerios_2_2tbsp.jpg	4.0000	1.3773
126.0000	1.0000	100.0000	Liking	SkimMilk_4_1glass.jpg	6.0000	0.9798
126.0000	1.0000	101.0000	Liking	OatmealSquares_7_2Cups.jpg	4.0000	1.9876
126.0000	1.0000	102.0000	Liking	Beets_5_1can.jpg	3.0000	10.1577
126.0000	1.0000	103.0000	Liking	PCChipCookie_5_4cookie.jpg	4.0000	1.5371
126.0000	1.0000	104.0000	Liking	Raspberries_4_.5c.jpg	5.0000	1.8124
126.0000	1.0000	105.0000	Liking	PureFit_2_0.5Bars.jpg	3.0000	6.6942
126.0000	1.0000	106.0000	Liking	EnglishCucumber_5_0.5cuc.JPG	6.0000	1.3484
126.0000	1.0000	107.0000	Liking	GreenGrapes_4_40.jpg	6.0000	0.7915
126.0000	1.0000	108.0000	Liking	CheeseNips_2_5nips.jpg	6.0000	0.9943
126.0000	1.0000	109.0000	Liking	CornFlakes_6_2cups.jpg	5.0000	1.5257
126.0000	1.0000	110.0000	Liking	GreenBeans_4_.5pck.jpg	4.0000	2.2563
126.0000	1.0000	111.0000	Liking	TofuDessert_2_2Tbsp.jpg	6.0000	5.1515
126.0000	1.0000	112.0000	Liking	Cheetos_3_10pc.jpg	5.0000	3.8029
126.0000	1.0000	113.0000	Liking	Skittles_6_0.75pack.jpg	4.0000	1.8362
126.0000	1.0000	114.0000	Liking	TofuDessert_4_1pck.jpg	6.0000	1.5161
126.0000	1.0000	115.0000	Liking	Mentos_2_3pc.jpg	6.0000	1.2089
126.0000	1.0000	116.0000	Liking	Pringles_2_3Chips.jpg	6.0000	0.8967
126.0000	1.0000	117.0000	Liking	IceCreamVanilla_4_3scoops.jpg	6.0000	2.4788
126.0000	1.0000	118.0000	Liking	FrozenBroccoli_2_3chunks.jpg	5.0000	1.2994
126.0000	1.0000	119.0000	Liking	RomaineLettuce_4_1head.jpg	6.0000	3.3847
126.0000	1.0000	120.0000	Liking	BrusselsSprouts_2_3.jpg	3.0000	2.4827
126.0000	1.0000	121.0000	Liking	MnMPlain_3_1tbsp.jpg	5.0000	2.8967
126.0000	1.0000	122.0000	Liking	WaterChestnuts_5_0.5can.jpg	5.0000	2.2545
126.0000	1.0000	123.0000	Liking	Doritos_2_3chips.jpg	6.0000	0.8998
126.0000	1.0000	124.0000	Liking	Raspberries_5_.5bag.jpg	5.0000	2.0159
126.0000	1.0000	125.0000	Liking	VegetableThins_2_5Chips.jpg	4.0000	3.5365
126.0000	1.0000	126.0000	Liking	FrozenCorn_2_0.5cup.jpg	6.0000	1.5166
126.0000	1.0000	127.0000	Liking	FrozenBlueberries_3_1cup.jpg	4.0000	2.0251
126.0000	1.0000	128.0000	Liking	PureFit_4_2Bars.jpg	3.0000	2.1378
126.0000	1.0000	129.0000	Liking	GreenBeans_2_9beans.jpg	4.0000	1.6351
126.0000	1.0000	130.0000	Liking	Twizzlers_4_8.jpg	4.0000	3.0510
126.0000	1.0000	131.0000	Liking	CoffeeCrisp_1_0.25bar.jpg	3.0000	2.8101
126.0000	1.0000	132.0000	Liking	SpeltCakes_5_4.jpg	4.0000	1.9877
126.0000	1.0000	133.0000	Liking	CannedArtichoke_2_2.jpg	2.0000	21.3011
126.0000	1.0000	134.0000	Liking	SlimStyles_2_2Tbsp.jpg	5.0000	2.0190
126.0000	1.0000	135.0000	Liking	RedPepper_5_1pepper.jpg	4.0000	1.8032
126.0000	1.0000	136.0000	Liking	CannedArtichoke_5_1can.jpg	2.0000	2.5567
126.0000	1.0000	137.0000	Liking	DriedApricots_5_0.75cup.jpg	5.0000	2.2155
126.0000	1.0000	138.0000	Liking	LaysClassic_3_8Chips.jpg	6.0000	0.8587
126.0000	1.0000	139.0000	Liking	NatureValleyChocolate_4_2bars.jpg	5.0000	2.5382
126.0000	1.0000	140.0000	Liking	Twizzlers_2_2.jpg	4.0000	1.3260
126.0000	1.0000	141.0000	Liking	FrozenPeaches_5_1.5Cups.jpg	6.0000	0.9627
126.0000	1.0000	142.0000	Liking	SkittlesSour_6_0.5pack.jpg	4.0000	2.3421
126.0000	1.0000	143.0000	Liking	Tuna_2_1T.jpg	5.0000	2.3062
126.0000	1.0000	144.0000	Liking	OatBran_4_1bowl.jpg	5.0000	3.3911
126.0000	1.0000	145.0000	Liking	MnMPlain_5_1bag.jpg	4.0000	2.1852
126.0000	1.0000	146.0000	Liking	BBQCrisps_6_1cup.jpg	4.0000	3.0352
126.0000	1.0000	147.0000	Liking	Smartfood_2_8Chips.jpg	3.0000	2.1410
126.0000	1.0000	148.0000	Liking	BBQCrisps_2_5.jpg	4.0000	1.1931
126.0000	1.0000	149.0000	Liking	Almonds_4_40.jpg	4.0000	1.3952
126.0000	1.0000	150.0000	Liking	MnMPeanuts_2_4.jpg	4.0000	2.3091
126.0000	1.0000	151.0000	Liking	Prunes_2_3.jpg	4.0000	1.4258
126.0000	1.0000	152.0000	Liking	Triscuit_2_2crackers.jpg	4.0000	1.3785
126.0000	1.0000	153.0000	Liking	Shreddies_5_2c.jpg	3.0000	2.2417
126.0000	1.0000	154.0000	Liking	Skittles_3_14pieces.jpg	4.0000	1.6095
126.0000	1.0000	155.0000	Liking	Cheerios_2_2T.jpg	4.0000	1.3530
126.0000	1.0000	156.0000	Liking	Smarties_2_0.5box.jpg	4.0000	1.7564
126.0000	1.0000	157.0000	Liking	Cheetos_6_2c.jpg	4.0000	2.3116
126.0000	1.0000	158.0000	Liking	Aero_3_1bar.jpg	5.0000	1.9809
126.0000	1.0000	159.0000	Liking	FrootLoops_2_2T.jpg	4.0000	1.5148
126.0000	1.0000	160.0000	Liking	Asparagus_6_FullPack.jpg	3.0000	1.9339
126.0000	1.0000	161.0000	Liking	Reese_4_5Cup.jpg	2.0000	2.3703
126.0000	1.0000	162.0000	Liking	NatureValleyChocolate_1_0.25bar.jpg	3.0000	2.3646
126.0000	1.0000	163.0000	Liking	PopTartStrawberry_2_0.5tart.jpg	4.0000	1.5514
126.0000	1.0000	164.0000	Liking	RufflesSourCreamOnion_5_20chips.jpg	4.0000	2.0462
126.0000	1.0000	165.0000	Liking	AlmondMilk_2_0.25glass.jpg	4.0000	1.8700
126.0000	1.0000	166.0000	Liking	OikosYogurt_3_2spoonfuls.jpg	6.0000	1.0527
126.0000	1.0000	167.0000	Liking	BabyFoodSweetPotatos_2_2T.jpg	5.0000	6.5159
126.0000	1.0000	168.0000	Liking	AppleChips_5_1c..jpg	4.0000	2.1187
126.0000	1.0000	169.0000	Liking	WelchsFruitSnacks_1_1bag.jpg	5.0000	1.8593
126.0000	1.0000	170.0000	Liking	BrusselsSprouts_4_1Box.jpg	4.0000	2.2825
126.0000	1.0000	171.0000	Liking	OatBran_2_2T.jpg	5.0000	1.7766
126.0000	1.0000	172.0000	Liking	GreenApple_2_1slice.jpg	5.0000	1.7069
126.0000	1.0000	173.0000	Liking	YorkPeppermintPatties_4_12.jpg	3.0000	1.5832
126.0000	1.0000	174.0000	Liking	Orange_1_0.25orange.jpg	6.0000	0.9935
126.0000	1.0000	175.0000	Liking	Triscuit_5_30crackers.jpg	3.0000	2.4831
126.0000	1.0000	176.0000	Liking	Snickers_3_2Bars.jpg	4.0000	1.2411
126.0000	1.0000	177.0000	Liking	RitzCrackers_2_3Crackers.jpg	6.0000	1.6012
126.0000	1.0000	178.0000	Liking	Cauliflower_6_0.5bag.jpg	4.0000	1.3845
126.0000	1.0000	179.0000	Liking	WelchsFruitSnacks_3_4bags.jpg	4.0000	3.2022
126.0000	1.0000	180.0000	Liking	IceCreamChocolate_4_3scoops.jpg	6.0000	1.6755
126.0000	1.0000	181.0000	Liking	Broccoli_4_1.5c.jpg	5.0000	6.6424
126.0000	1.0000	182.0000	Liking	ProMax_2_0.25bar.jpg	3.0000	3.0743
126.0000	1.0000	183.0000	Liking	Tempeh_2_1Tbsp.jpg	5.0000	4.1369
126.0000	1.0000	184.0000	Liking	Fritos_5_1c.jpg	4.0000	2.2175
126.0000	1.0000	185.0000	Liking	Onion_2_1ring.jpg	5.0000	2.4262
126.0000	1.0000	186.0000	Liking	Bananas_2_0.5.jpg	6.0000	2.0670
126.0000	1.0000	187.0000	Liking	AllBranBar_1_.25bar.jpg	5.0000	3.8176
126.0000	1.0000	188.0000	Liking	Spinach_2_.5c.jpg	5.0000	1.6422
126.0000	1.0000	189.0000	Liking	VanillaGreekYogurt_4_1cup.jpg	6.0000	0.9539
126.0000	1.0000	190.0000	Liking	FrozenOkra_5_0.5box.jpg	6.0000	1.6766
126.0000	1.0000	191.0000	Liking	OatmealSquares_3_2tbsp.jpg	6.0000	1.3614
126.0000	1.0000	192.0000	Liking	SlicedTurkey_2_0.5slice.jpg	6.0000	1.1646
126.0000	1.0000	193.0000	Liking	Broccoli_1_1pc.jpg	6.0000	1.0073
126.0000	1.0000	194.0000	Liking	Beets_2_5pc.jpg	3.0000	2.5845
126.0000	1.0000	195.0000	Liking	Onion_4_0.25.jpg	4.0000	2.5706
126.0000	1.0000	196.0000	Liking	RitzCrackers_5_15Crackers.jpg	6.0000	1.2853
126.0000	1.0000	197.0000	Liking	AllBranCereal_6_1cup.jpg	4.0000	1.5494
126.0000	1.0000	198.0000	Liking	Smarties_5_3boxes.jpg	3.0000	1.3605
126.0000	1.0000	199.0000	Liking	Tuna_4_1can.jpg	3.0000	1.2759
126.0000	1.0000	200.0000	Liking	IceCreamVanilla_1_2tsp.jpg	6.0000	1.0269
126.0000	2.0000	201.0000	Health	Broccoli_1_1pc.jpg	6.0000	4.2113
126.0000	2.0000	202.0000	Health	Reese_1_1Cup.jpg	2.0000	2.5643
126.0000	2.0000	203.0000	Health	Mars_2_0.5Bar.jpg	2.0000	1.0710
126.0000	2.0000	204.0000	Health	CannedArtichoke_5_1can.jpg	4.0000	2.6856
126.0000	2.0000	205.0000	Health	FrozenPeas_2_2tbsp.jpg	5.0000	3.0749
126.0000	2.0000	206.0000	Health	Raspberries_4_.5c.jpg	5.0000	2.0810
126.0000	2.0000	207.0000	Health	Smartfood_2_8Chips.jpg	2.0000	2.4009
126.0000	2.0000	208.0000	Health	Tempeh_2_1Tbsp.jpg	3.0000	1.7543
126.0000	2.0000	209.0000	Health	FrozenBlueberries_1_1tbsp.jpg	6.0000	1.3003
126.0000	2.0000	210.0000	Health	PureFit_2_0.5Bars.jpg	2.0000	3.9377
126.0000	2.0000	211.0000	Health	Shreddies_5_2c.jpg	4.0000	5.0265
126.0000	2.0000	212.0000	Health	LaysClassic_4_16Chips.jpg	2.0000	1.8367
126.0000	2.0000	213.0000	Health	WelchsFruitSnacks_3_4bags.jpg	1.0000	3.0606
126.0000	2.0000	214.0000	Health	PCChipCookie_5_4cookie.jpg	2.0000	2.8679
126.0000	2.0000	215.0000	Health	Spinach_4_.5box.jpg	6.0000	1.4338
126.0000	2.0000	216.0000	Health	Cheerios_5_2c.jpg	2.0000	2.3348
126.0000	2.0000	217.0000	Health	BBQCrisps_2_5.jpg	2.0000	1.3465
126.0000	2.0000	218.0000	Health	NatureValleyChocolate_4_2bars.jpg	3.0000	1.7506
126.0000	2.0000	219.0000	Health	Raspberries_5_.5bag.jpg	5.0000	2.6958
126.0000	2.0000	220.0000	Health	SlicedTurkey_5_4slices.jpg	5.0000	1.8777
126.0000	2.0000	221.0000	Health	Triscuit_2_2crackers.jpg	4.0000	1.6687
126.0000	2.0000	222.0000	Health	FrozenOkra_2_2pc.jpg	6.0000	1.3390
126.0000	2.0000	223.0000	Health	DriedApricots_2_2.jpg	3.0000	4.8949
126.0000	2.0000	224.0000	Health	MnMPlain_3_1tbsp.jpg	3.0000	1.6450
126.0000	2.0000	225.0000	Health	DriedApricots_5_0.75cup.jpg	2.0000	2.3569
126.0000	2.0000	226.0000	Health	VegetableThins_2_5Chips.jpg	3.0000	2.1684
126.0000	2.0000	227.0000	Health	Tuna_4_1can.jpg	4.0000	8.5948
126.0000	2.0000	228.0000	Health	NatureValleyChocolate_1_0.25bar.jpg	3.0000	4.6289
126.0000	2.0000	229.0000	Health	SkittlesSour_3_8pieces.jpg	3.0000	1.1173
126.0000	2.0000	230.0000	Health	Starburst_6_18pieces.jpg	2.0000	1.7223
126.0000	2.0000	231.0000	Health	CheeseNips_5_1c.jpg	1.0000	2.1108
126.0000	2.0000	232.0000	Health	Mackerel_3_4fish.jpg	3.0000	2.3641
126.0000	2.0000	233.0000	Health	RaisinBran_3_2tbsp.jpg	4.0000	1.6982
126.0000	2.0000	234.0000	Health	Cheetos_6_2c.jpg	1.0000	1.6153
126.0000	2.0000	235.0000	Health	GreenApple_4_1.jpg	6.0000	1.3834
126.0000	2.0000	236.0000	Health	Cauliflower_6_0.5bag.jpg	5.0000	1.8792
126.0000	2.0000	237.0000	Health	SevenGrain_3_5.jpg	4.0000	1.3733
126.0000	2.0000	238.0000	Health	Butternut_3_0.3cup.jpg	5.0000	1.4220
126.0000	2.0000	239.0000	Health	RedPepper_2_2pc.jpg	5.0000	1.9898
126.0000	2.0000	240.0000	Health	BabyFoodCarrots_3_2Tbsp.jpg	5.0000	1.6720
126.0000	2.0000	241.0000	Health	FrozenPeaches_5_1.5Cups.jpg	6.0000	1.4219
126.0000	2.0000	242.0000	Health	RiceKrispiesCereal_3_2tbsp.jpg	3.0000	2.1347
126.0000	2.0000	243.0000	Health	MnMPeanuts_4_45.jpg	2.0000	0.9698
126.0000	2.0000	244.0000	Health	YorkPeppermintPatties_2_3.jpg	3.0000	0.9233
126.0000	2.0000	245.0000	Health	Asparagus_6_FullPack.jpg	6.0000	1.8372
126.0000	2.0000	246.0000	Health	BabyFoodSweetPotatos_5_1jar.jpg	4.0000	2.6125
126.0000	2.0000	247.0000	Health	GreenPepper_2_2pc.jpg	4.0000	1.4764
126.0000	2.0000	248.0000	Health	SlicedTurkey_2_0.5slice.jpg	4.0000	0.8271
126.0000	2.0000	249.0000	Health	Orange_5_2orange.jpg	6.0000	1.5718
126.0000	2.0000	250.0000	Health	Almonds_2_10.jpg	4.0000	1.7577
126.0000	2.0000	251.0000	Health	Doritos_2_3chips.jpg	3.0000	3.0324
126.0000	2.0000	252.0000	Health	Caramilk_5_2bars.jpg	2.0000	1.0717
126.0000	2.0000	253.0000	Health	Fritos_5_1c.jpg	1.0000	1.0424
126.0000	2.0000	254.0000	Health	MnMPlain_5_1bag.jpg	1.0000	0.8505
126.0000	2.0000	255.0000	Health	Nutella_4_3spoons.jpg	1.0000	0.7609
126.0000	2.0000	256.0000	Health	RitzCrackers_5_15Crackers.jpg	1.0000	1.4602
126.0000	2.0000	257.0000	Health	Bananas_2_0.5.jpg	5.0000	2.3638
126.0000	2.0000	258.0000	Health	AllBranCereal_2_1tbsp.jpg	5.0000	1.3465
126.0000	2.0000	259.0000	Health	Snickers_3_2Bars.jpg	2.0000	1.3335
126.0000	2.0000	260.0000	Health	GreenPepper_6_1pepper.jpg	5.0000	1.4729
126.0000	2.0000	261.0000	Health	AppleChips_2_3chips.jpg	4.0000	1.4784
126.0000	2.0000	262.0000	Health	Tempeh_4_.5pack.jpg	3.0000	1.7083
126.0000	2.0000	263.0000	Health	Cheerios_2_2T.jpg	3.0000	4.7908
126.0000	2.0000	264.0000	Health	RaisinBran_7_2cup.jpg	4.0000	0.9954
126.0000	2.0000	265.0000	Health	Mentos_5_1tube.jpg	2.0000	1.3735
126.0000	2.0000	266.0000	Health	GreenGrapes_1_1.jpg	4.0000	2.5034
126.0000	2.0000	267.0000	Health	IceCreamVanilla_4_3scoops.jpg	2.0000	1.9247
126.0000	2.0000	268.0000	Health	PopTartStrawberry_5_3tarts.jpg	2.0000	1.9055
126.0000	2.0000	269.0000	Health	OatBran_4_1bowl.jpg	5.0000	2.5579
126.0000	2.0000	270.0000	Health	Twizzlers_4_8.jpg	2.0000	1.9367
126.0000	2.0000	271.0000	Health	SkimMilk_4_1glass.jpg	6.0000	1.5080
126.0000	2.0000	272.0000	Health	Beets_2_5pc.jpg	3.0000	2.1925
126.0000	2.0000	273.0000	Health	Pringles_5_40Chips.jpg	2.0000	2.7776
126.0000	2.0000	274.0000	Health	GreenBeans_2_9beans.jpg	4.0000	2.0975
126.0000	2.0000	275.0000	Health	FrozenBlueberries_3_1cup.jpg	5.0000	1.6845
126.0000	2.0000	276.0000	Health	WaterChestnuts_3_8pc.jpg	5.0000	1.6659
126.0000	2.0000	277.0000	Health	Smartfood_4_100Chips.jpg	1.0000	1.4499
126.0000	2.0000	278.0000	Health	BabyFoodSweetPotatos_2_2T.jpg	4.0000	2.4331
126.0000	2.0000	279.0000	Health	Celery_2_1stalk.jpg	5.0000	2.8165
126.0000	2.0000	280.0000	Health	GreenApple_2_1slice.jpg	6.0000	2.1525
126.0000	2.0000	281.0000	Health	IceCreamChocolate_1_1tsp.jpg	3.0000	1.6508
126.0000	2.0000	282.0000	Health	FrozenCorn_4_2cups.jpg	5.0000	2.5217
126.0000	2.0000	283.0000	Health	OikosYogurt_6_1c.jpg	6.0000	0.7416
126.0000	2.0000	284.0000	Health	CornFlakes_3_2tbsps.jpg	4.0000	1.6098
126.0000	2.0000	285.0000	Health	PureFit_4_2Bars.jpg	3.0000	1.6341
126.0000	2.0000	286.0000	Health	Butternut_7_2cups.jpg	4.0000	2.1761
126.0000	2.0000	287.0000	Health	RitzCrackers_2_3Crackers.jpg	3.0000	0.9943
126.0000	2.0000	288.0000	Health	BabyFoodCarrots_5_1jar.jpg	5.0000	2.8837
126.0000	2.0000	289.0000	Health	KashiBars_1_0.5bar.jpg	3.0000	1.3936
126.0000	2.0000	290.0000	Health	AlmondMilk_2_0.25glass.jpg	3.0000	2.7629
126.0000	2.0000	291.0000	Health	Onion_4_0.25.jpg	5.0000	1.7735
126.0000	2.0000	292.0000	Health	ClamJuice_3_0.25c.jpg	3.0000	4.8314
126.0000	2.0000	293.0000	Health	GreenGrapes_4_40.jpg	6.0000	1.6549
126.0000	2.0000	294.0000	Health	MnMPeanuts_2_4.jpg	3.0000	1.1414
126.0000	2.0000	295.0000	Health	ProMax_2_0.25bar.jpg	3.0000	0.8800
126.0000	2.0000	296.0000	Health	PopTartStrawberry_2_0.5tart.jpg	3.0000	0.8388
126.0000	2.0000	297.0000	Health	Mentos_2_3pc.jpg	3.0000	0.6060
126.0000	2.0000	298.0000	Health	TofuDessert_4_1pck.jpg	6.0000	2.3028
126.0000	2.0000	299.0000	Health	SpeltCakes_2_0.5.jpg	3.0000	1.6995
126.0000	2.0000	300.0000	Health	RufflesSourCreamOnion_3_5chips.jpg	3.0000	1.0599
126.0000	2.0000	301.0000	Health	Twizzlers_2_2.jpg	3.0000	0.7066
126.0000	2.0000	302.0000	Health	EnglishCucumber_2_2pc.jpg	4.0000	1.3436
126.0000	2.0000	303.0000	Health	Fritos_2_5chips.jpg	3.0000	1.0957
126.0000	2.0000	304.0000	Health	ClifBar_4_2bars.jpg	3.0000	0.9967
126.0000	2.0000	305.0000	Health	Prunes_5_1c.jpg	3.0000	2.3420
126.0000	2.0000	306.0000	Health	OikosYogurt_3_2spoonfuls.jpg	4.0000	1.2013
126.0000	2.0000	307.0000	Health	SkittlesSour_6_0.5pack.jpg	2.0000	0.9780
126.0000	2.0000	308.0000	Health	MangoChunks_2_3.jpg	4.0000	1.3232
126.0000	2.0000	309.0000	Health	ClifBar_2_0.5bar.jpg	2.0000	0.6233
126.0000	2.0000	310.0000	Health	FrozenBroccoli_2_3chunks.jpg	4.0000	2.2530
126.0000	2.0000	311.0000	Health	YorkPeppermintPatties_4_12.jpg	1.0000	1.1444
126.0000	2.0000	312.0000	Health	DriedHerring_1_1fish.jpg	3.0000	1.4197
126.0000	2.0000	313.0000	Health	Aero_3_1bar.jpg	3.0000	1.3159
126.0000	2.0000	314.0000	Health	Prunes_2_3.jpg	3.0000	1.5280
126.0000	2.0000	315.0000	Health	Avocado_5_1avacado.jpg	6.0000	2.1155
126.0000	2.0000	316.0000	Health	Orange_1_0.25orange.jpg	6.0000	0.9120
126.0000	2.0000	317.0000	Health	SpeltCakes_5_4.jpg	2.0000	4.6284
126.0000	2.0000	318.0000	Health	MangoChunks_5_1cup.jpg	6.0000	1.1238
126.0000	2.0000	319.0000	Health	FrozenPeaches_2_3Slices.jpg	6.0000	0.6479
126.0000	2.0000	320.0000	Health	VanillaGreekYogurt_4_1cup.jpg	6.0000	0.5982
126.0000	2.0000	321.0000	Health	Nutella_1_0.5spoon.jpg	3.0000	1.5750
126.0000	2.0000	322.0000	Health	SlimStyles_2_2Tbsp.jpg	3.0000	3.4408
126.0000	2.0000	323.0000	Health	OatmealSquares_3_2tbsp.jpg	4.0000	3.3256
126.0000	2.0000	324.0000	Health	BBQCrisps_6_1cup.jpg	1.0000	1.2806
126.0000	2.0000	325.0000	Health	TofuDessert_2_2Tbsp.jpg	6.0000	1.2621
126.0000	2.0000	326.0000	Health	VanillaGreekYogurt_2_1spoon.jpg	4.0000	2.7729
126.0000	2.0000	327.0000	Health	Triscuit_5_30crackers.jpg	3.0000	3.2147
126.0000	2.0000	328.0000	Health	RedPepper_5_1pepper.jpg	5.0000	1.3748
126.0000	2.0000	329.0000	Health	DriedHerring_3_4fish.jpg	3.0000	2.2888
126.0000	2.0000	330.0000	Health	CannedArtichoke_2_2.jpg	4.0000	1.4701
126.0000	2.0000	331.0000	Health	KashiBars_4_3bars.jpg	3.0000	1.7320
126.0000	2.0000	332.0000	Health	FrozenOkra_5_0.5box.jpg	5.0000	1.3270
126.0000	2.0000	333.0000	Health	RomaineLettuce_2_3leaves.jpg	6.0000	2.6106
126.0000	2.0000	334.0000	Health	Tuna_2_1T.jpg	3.0000	2.0914
126.0000	2.0000	335.0000	Health	PCChipCookie_2_0.5cookie.jpg	3.0000	4.0486
126.0000	2.0000	336.0000	Health	ProMax_4_1bar.jpg	2.0000	1.0628
126.0000	2.0000	337.0000	Health	FrozenCorn_2_0.5cup.jpg	4.0000	1.4692
126.0000	2.0000	338.0000	Health	Avocado_2_2pc.jpg	6.0000	1.4433
126.0000	2.0000	339.0000	Health	OatBran_2_2T.jpg	5.0000	1.6585
126.0000	2.0000	340.0000	Health	FrootLoops_2_2T.jpg	3.0000	1.6765
126.0000	2.0000	341.0000	Health	SunChips_2_3Chips.jpg	2.0000	1.6853
126.0000	2.0000	342.0000	Health	Skittles_3_14pieces.jpg	3.0000	1.8905
126.0000	2.0000	343.0000	Health	WelchsFruitSnacks_1_1bag.jpg	2.0000	1.2959
126.0000	2.0000	344.0000	Health	GreenBeans_4_.5pck.jpg	4.0000	1.8192
126.0000	2.0000	345.0000	Health	Mackerel_1_1fish.jpg	3.0000	1.5794
126.0000	2.0000	346.0000	Health	OatmealSquares_7_2Cups.jpg	4.0000	2.7305
126.0000	2.0000	347.0000	Health	SlimStyles_6_2c.jpg	3.0000	1.7584
126.0000	2.0000	348.0000	Health	Doritos_5_20chips.jpg	2.0000	1.2069
126.0000	2.0000	349.0000	Health	Bananas_3_1.jpg	6.0000	1.2803
126.0000	2.0000	350.0000	Health	Broccoli_4_1.5c.jpg	6.0000	2.2543
126.0000	2.0000	351.0000	Health	HoneyNutCheerios_2_2tbsp.jpg	3.0000	1.8495
126.0000	2.0000	352.0000	Health	Spinach_2_.5c.jpg	6.0000	1.3595
126.0000	2.0000	353.0000	Health	Skittles_6_0.75pack.jpg	1.0000	1.2425
126.0000	2.0000	354.0000	Health	LaysClassic_3_8Chips.jpg	2.0000	1.1311
126.0000	2.0000	355.0000	Health	RomaineLettuce_4_1head.jpg	6.0000	1.1822
126.0000	2.0000	356.0000	Health	Onion_2_1ring.jpg	6.0000	1.1363
126.0000	2.0000	357.0000	Health	AlmondMilk_4_1glass.jpg	3.0000	1.7721
126.0000	2.0000	358.0000	Health	FrozenPeas_6_0.5bag.jpg	5.0000	1.2933
126.0000	2.0000	359.0000	Health	AppleChips_5_1c..jpg	3.0000	3.5203
126.0000	2.0000	360.0000	Health	HoneyNutCheerios_5_2cup.jpg	3.0000	0.8496
126.0000	2.0000	361.0000	Health	SunChips_4_20Chips.jpg	3.0000	1.5488
126.0000	2.0000	362.0000	Health	CoffeeCrisp_1_0.25bar.jpg	3.0000	0.7602
126.0000	2.0000	363.0000	Health	Almonds_4_40.jpg	3.0000	3.3466
126.0000	2.0000	364.0000	Health	AllBranBar_3_1bar.jpg	3.0000	3.2220
126.0000	2.0000	365.0000	Health	EnglishCucumber_5_0.5cuc.JPG	6.0000	1.3261
126.0000	2.0000	366.0000	Health	SkimMilk_1_1Tbsp.jpg	6.0000	1.1061
126.0000	2.0000	367.0000	Health	CornFlakes_6_2cups.jpg	3.0000	1.5753
126.0000	2.0000	368.0000	Health	Cauliflower_2_3chunks.jpg	5.0000	1.8959
126.0000	2.0000	369.0000	Health	WaterChestnuts_5_0.5can.jpg	5.0000	0.9254
126.0000	2.0000	370.0000	Health	SevenGrain_1_1.jpg	3.0000	2.0580
126.0000	2.0000	371.0000	Health	Celery_4_0.5bunch.jpg	5.0000	1.1686
126.0000	2.0000	372.0000	Health	Cheetos_3_10pc.jpg	3.0000	1.0426
126.0000	2.0000	373.0000	Health	Mars_4_2Bars.jpg	3.0000	0.7780
126.0000	2.0000	374.0000	Health	FrootLoops_6_2Cups.jpg	1.0000	1.0553
126.0000	2.0000	375.0000	Health	Asparagus_3_7.jpg	5.0000	1.2111
126.0000	2.0000	376.0000	Health	Smarties_2_0.5box.jpg	3.0000	1.0599
126.0000	2.0000	377.0000	Health	AllBranCereal_6_1cup.jpg	4.0000	4.0378
126.0000	2.0000	378.0000	Health	Strawberries_3_0.5bag.jpg	4.0000	1.3241
126.0000	2.0000	379.0000	Health	VegetableThins_5_25Chips.jpg	3.0000	2.5997
126.0000	2.0000	380.0000	Health	RiceKrispiesCereal_7_2cups.jpg	2.0000	1.3364
126.0000	2.0000	381.0000	Health	AllBranBar_1_.25bar.jpg	3.0000	1.3797
126.0000	2.0000	382.0000	Health	CheeseNips_2_5nips.jpg	3.0000	1.3498
126.0000	2.0000	383.0000	Health	Caramilk_2_2pc.jpg	3.0000	0.9443
126.0000	2.0000	384.0000	Health	Aero_1_1pc.jpg	3.0000	0.6276
126.0000	2.0000	385.0000	Health	Strawberries_2_0.5c.jpg	4.0000	1.2505
126.0000	2.0000	386.0000	Health	BrusselsSprouts_2_3.jpg	4.0000	1.2011
126.0000	2.0000	387.0000	Health	Starburst_3_5pieces.jpg	3.0000	1.2255
126.0000	2.0000	388.0000	Health	RufflesSourCreamOnion_5_20chips.jpg	2.0000	0.9410
126.0000	2.0000	389.0000	Health	Pringles_2_3Chips.jpg	3.0000	0.9995
126.0000	2.0000	390.0000	Health	Shreddies_2_1T.jpg	3.0000	0.6928
126.0000	2.0000	391.0000	Health	BrusselsSprouts_4_1Box.jpg	4.0000	1.3383
126.0000	2.0000	392.0000	Health	IceCreamVanilla_1_2tsp.jpg	3.0000	1.4855
126.0000	2.0000	393.0000	Health	FrozenBroccoli_6_0.5bag.jpg	5.0000	1.1681
126.0000	2.0000	394.0000	Health	IceCreamChocolate_4_3scoops.jpg	2.0000	3.0739
126.0000	2.0000	395.0000	Health	Snickers_2_1Bar.jpg	3.0000	1.1282
126.0000	2.0000	396.0000	Health	CoffeeCrisp_3_1Bars.jpg	3.0000	0.9642
126.0000	2.0000	397.0000	Health	Smarties_5_3boxes.jpg	1.0000	2.0790
126.0000	2.0000	398.0000	Health	Reese_4_5Cup.jpg	1.0000	0.9410
126.0000	2.0000	399.0000	Health	Beets_5_1can.jpg	5.0000	1.8642
126.0000	2.0000	400.0000	Health	ClamJuice_1_1T.jpg	3.0000	1.5420
126.0000	2.0000	401.0000	Taste	Spinach_2_.5c.jpg	5.0000	3.4779
126.0000	2.0000	402.0000	Taste	Skittles_3_14pieces.jpg	4.0000	2.4681
126.0000	2.0000	403.0000	Taste	Shreddies_2_1T.jpg	4.0000	2.4881
126.0000	2.0000	404.0000	Taste	WelchsFruitSnacks_1_1bag.jpg	4.0000	1.1573
126.0000	2.0000	405.0000	Taste	Orange_5_2orange.jpg	6.0000	1.4793
126.0000	2.0000	406.0000	Taste	ProMax_4_1bar.jpg	3.0000	3.5485
126.0000	2.0000	407.0000	Taste	Doritos_2_3chips.jpg	5.0000	1.4771
126.0000	2.0000	408.0000	Taste	EnglishCucumber_5_0.5cuc.JPG	6.0000	0.9393
126.0000	2.0000	409.0000	Taste	Asparagus_6_FullPack.jpg	3.0000	2.4038
126.0000	2.0000	410.0000	Taste	Pringles_5_40Chips.jpg	5.0000	3.4913
126.0000	2.0000	411.0000	Taste	Avocado_2_2pc.jpg	5.0000	1.4402
126.0000	2.0000	412.0000	Taste	GreenApple_2_1slice.jpg	6.0000	1.8238
126.0000	2.0000	413.0000	Taste	Bananas_2_0.5.jpg	6.0000	0.6718
126.0000	2.0000	414.0000	Taste	Avocado_5_1avacado.jpg	5.0000	1.2131
126.0000	2.0000	415.0000	Taste	AllBranBar_1_.25bar.jpg	4.0000	1.5497
126.0000	2.0000	416.0000	Taste	Smartfood_4_100Chips.jpg	3.0000	1.4098
126.0000	2.0000	417.0000	Taste	PureFit_4_2Bars.jpg	3.0000	1.4824
126.0000	2.0000	418.0000	Taste	AlmondMilk_2_0.25glass.jpg	2.0000	1.2957
126.0000	2.0000	419.0000	Taste	RedPepper_2_2pc.jpg	3.0000	1.5325
126.0000	2.0000	420.0000	Taste	FrootLoops_2_2T.jpg	4.0000	2.1702
126.0000	2.0000	421.0000	Taste	CornFlakes_3_2tbsps.jpg	5.0000	1.4624
126.0000	2.0000	422.0000	Taste	ProMax_2_0.25bar.jpg	3.0000	1.6289
126.0000	2.0000	423.0000	Taste	GreenBeans_2_9beans.jpg	4.0000	2.2663
126.0000	2.0000	424.0000	Taste	CannedArtichoke_2_2.jpg	3.0000	1.4481
126.0000	2.0000	425.0000	Taste	Twizzlers_2_2.jpg	4.0000	1.5109
126.0000	2.0000	426.0000	Taste	Spinach_4_.5box.jpg	5.0000	2.1317
126.0000	2.0000	427.0000	Taste	MnMPeanuts_2_4.jpg	5.0000	3.0788
126.0000	2.0000	428.0000	Taste	Asparagus_3_7.jpg	4.0000	1.8581
126.0000	2.0000	429.0000	Taste	GreenGrapes_1_1.jpg	4.0000	1.6087
126.0000	2.0000	430.0000	Taste	IceCreamVanilla_1_2tsp.jpg	5.0000	2.2969
126.0000	2.0000	431.0000	Taste	FrozenOkra_2_2pc.jpg	5.0000	1.6373
126.0000	2.0000	432.0000	Taste	Cheerios_2_2T.jpg	5.0000	3.1541
126.0000	2.0000	433.0000	Taste	PCChipCookie_2_0.5cookie.jpg	4.0000	1.5884
126.0000	2.0000	434.0000	Taste	Fritos_2_5chips.jpg	4.0000	1.1133
126.0000	2.0000	435.0000	Taste	Celery_2_1stalk.jpg	3.0000	1.4459
126.0000	2.0000	436.0000	Taste	OatmealSquares_7_2Cups.jpg	3.0000	1.7080
126.0000	2.0000	437.0000	Taste	FrozenPeas_6_0.5bag.jpg	3.0000	1.0168
126.0000	2.0000	438.0000	Taste	RomaineLettuce_4_1head.jpg	6.0000	1.4966
126.0000	2.0000	439.0000	Taste	NatureValleyChocolate_1_0.25bar.jpg	4.0000	2.5571
126.0000	2.0000	440.0000	Taste	GreenPepper_2_2pc.jpg	3.0000	2.5591
126.0000	2.0000	441.0000	Taste	AllBranCereal_2_1tbsp.jpg	4.0000	1.7732
126.0000	2.0000	442.0000	Taste	MnMPlain_5_1bag.jpg	3.0000	1.7119
126.0000	2.0000	443.0000	Taste	ClifBar_4_2bars.jpg	3.0000	2.1558
126.0000	2.0000	444.0000	Taste	BrusselsSprouts_4_1Box.jpg	3.0000	2.4139
126.0000	2.0000	445.0000	Taste	MangoChunks_5_1cup.jpg	6.0000	1.5325
126.0000	2.0000	446.0000	Taste	Smartfood_2_8Chips.jpg	3.0000	1.4649
126.0000	2.0000	447.0000	Taste	RiceKrispiesCereal_3_2tbsp.jpg	3.0000	1.4077
126.0000	2.0000	448.0000	Taste	PopTartStrawberry_2_0.5tart.jpg	3.0000	0.9044
126.0000	2.0000	449.0000	Taste	Twizzlers_4_8.jpg	2.0000	1.2291
126.0000	2.0000	450.0000	Taste	PopTartStrawberry_5_3tarts.jpg	2.0000	1.7323
126.0000	2.0000	451.0000	Taste	Snickers_2_1Bar.jpg	3.0000	0.9591
126.0000	2.0000	452.0000	Taste	PureFit_2_0.5Bars.jpg	3.0000	1.5610
126.0000	2.0000	453.0000	Taste	IceCreamVanilla_4_3scoops.jpg	5.0000	1.5312
126.0000	2.0000	454.0000	Taste	Starburst_3_5pieces.jpg	4.0000	1.3101
126.0000	2.0000	455.0000	Taste	OikosYogurt_3_2spoonfuls.jpg	6.0000	0.8107
126.0000	2.0000	456.0000	Taste	AllBranCereal_6_1cup.jpg	3.0000	3.0549
126.0000	2.0000	457.0000	Taste	CannedArtichoke_5_1can.jpg	2.0000	1.5816
126.0000	2.0000	458.0000	Taste	FrozenPeaches_2_3Slices.jpg	6.0000	1.2623
126.0000	2.0000	459.0000	Taste	RedPepper_5_1pepper.jpg	3.0000	1.4356
126.0000	2.0000	460.0000	Taste	RufflesSourCreamOnion_3_5chips.jpg	3.0000	2.6379
126.0000	2.0000	461.0000	Taste	RaisinBran_7_2cup.jpg	4.0000	1.9122
126.0000	2.0000	462.0000	Taste	SlimStyles_2_2Tbsp.jpg	3.0000	1.2680
126.0000	2.0000	463.0000	Taste	Snickers_3_2Bars.jpg	2.0000	1.1221
126.0000	2.0000	464.0000	Taste	FrozenPeas_2_2tbsp.jpg	4.0000	2.1022
126.0000	2.0000	465.0000	Taste	RiceKrispiesCereal_7_2cups.jpg	2.0000	1.3468
126.0000	2.0000	466.0000	Taste	Mentos_5_1tube.jpg	4.0000	1.5333
126.0000	2.0000	467.0000	Taste	GreenBeans_4_.5pck.jpg	3.0000	2.1666
126.0000	2.0000	468.0000	Taste	TofuDessert_4_1pck.jpg	6.0000	1.5202
126.0000	2.0000	469.0000	Taste	BabyFoodCarrots_5_1jar.jpg	1.0000	2.4198
126.0000	2.0000	470.0000	Taste	RufflesSourCreamOnion_5_20chips.jpg	3.0000	2.1598
126.0000	2.0000	471.0000	Taste	Reese_1_1Cup.jpg	3.0000	0.9540
126.0000	2.0000	472.0000	Taste	SkittlesSour_6_0.5pack.jpg	5.0000	1.8836
126.0000	2.0000	473.0000	Taste	BBQCrisps_6_1cup.jpg	3.0000	1.1191
126.0000	2.0000	474.0000	Taste	LaysClassic_4_16Chips.jpg	6.0000	1.3090
126.0000	2.0000	475.0000	Taste	Shreddies_5_2c.jpg	4.0000	2.4790
126.0000	2.0000	476.0000	Taste	FrozenBroccoli_6_0.5bag.jpg	5.0000	1.3702
126.0000	2.0000	477.0000	Taste	Almonds_2_10.jpg	5.0000	1.5957
126.0000	2.0000	478.0000	Taste	SpeltCakes_5_4.jpg	4.0000	3.3009
126.0000	2.0000	479.0000	Taste	SkittlesSour_3_8pieces.jpg	5.0000	1.5057
126.0000	2.0000	480.0000	Taste	GreenGrapes_4_40.jpg	6.0000	0.7992
126.0000	2.0000	481.0000	Taste	RitzCrackers_5_15Crackers.jpg	5.0000	1.1837
126.0000	2.0000	482.0000	Taste	SunChips_2_3Chips.jpg	5.0000	1.3642
126.0000	2.0000	483.0000	Taste	CoffeeCrisp_3_1Bars.jpg	3.0000	1.1821
126.0000	2.0000	484.0000	Taste	Tuna_4_1can.jpg	3.0000	2.1277
126.0000	2.0000	485.0000	Taste	WelchsFruitSnacks_3_4bags.jpg	3.0000	1.9797
126.0000	2.0000	486.0000	Taste	Cheetos_3_10pc.jpg	4.0000	1.0696
126.0000	2.0000	487.0000	Taste	BrusselsSprouts_2_3.jpg	3.0000	1.3636
126.0000	2.0000	488.0000	Taste	Tuna_2_1T.jpg	5.0000	1.4860
126.0000	2.0000	489.0000	Taste	BabyFoodCarrots_3_2Tbsp.jpg	2.0000	3.1155
126.0000	2.0000	490.0000	Taste	Cheetos_6_2c.jpg	3.0000	1.6318
126.0000	2.0000	491.0000	Taste	OatBran_4_1bowl.jpg	4.0000	4.5028
126.0000	2.0000	492.0000	Taste	Strawberries_2_0.5c.jpg	5.0000	1.0180
126.0000	2.0000	493.0000	Taste	Mackerel_1_1fish.jpg	4.0000	1.9388
126.0000	2.0000	494.0000	Taste	YorkPeppermintPatties_4_12.jpg	2.0000	1.5635
126.0000	2.0000	495.0000	Taste	KashiBars_1_0.5bar.jpg	4.0000	1.7982
126.0000	2.0000	496.0000	Taste	WaterChestnuts_3_8pc.jpg	4.0000	1.1587
126.0000	2.0000	497.0000	Taste	IceCreamChocolate_4_3scoops.jpg	5.0000	1.4974
126.0000	2.0000	498.0000	Taste	Raspberries_4_.5c.jpg	5.0000	1.1334
126.0000	2.0000	499.0000	Taste	ClifBar_2_0.5bar.jpg	2.0000	1.3925
126.0000	2.0000	500.0000	Taste	Orange_1_0.25orange.jpg	6.0000	1.0425
126.0000	2.0000	501.0000	Taste	Onion_4_0.25.jpg	3.0000	1.6493
126.0000	2.0000	502.0000	Taste	SlicedTurkey_5_4slices.jpg	6.0000	2.0486
126.0000	2.0000	503.0000	Taste	FrootLoops_6_2Cups.jpg	2.0000	1.7625
126.0000	2.0000	504.0000	Taste	TofuDessert_2_2Tbsp.jpg	6.0000	1.1972
126.0000	2.0000	505.0000	Taste	VegetableThins_2_5Chips.jpg	3.0000	1.2299
126.0000	2.0000	506.0000	Taste	MangoChunks_2_3.jpg	6.0000	1.1173
126.0000	2.0000	507.0000	Taste	RomaineLettuce_2_3leaves.jpg	6.0000	2.5614
126.0000	2.0000	508.0000	Taste	VanillaGreekYogurt_2_1spoon.jpg	4.0000	2.7637
126.0000	2.0000	509.0000	Taste	YorkPeppermintPatties_2_3.jpg	4.0000	1.9484
126.0000	2.0000	510.0000	Taste	Pringles_2_3Chips.jpg	4.0000	1.2144
126.0000	2.0000	511.0000	Taste	SevenGrain_3_5.jpg	4.0000	3.7656
126.0000	2.0000	512.0000	Taste	Tempeh_2_1Tbsp.jpg	4.0000	1.3190
126.0000	2.0000	513.0000	Taste	Cauliflower_6_0.5bag.jpg	4.0000	1.0490
126.0000	2.0000	514.0000	Taste	IceCreamChocolate_1_1tsp.jpg	4.0000	1.0156
126.0000	2.0000	515.0000	Taste	ClamJuice_1_1T.jpg	2.0000	1.9998
126.0000	2.0000	516.0000	Taste	Doritos_5_20chips.jpg	5.0000	1.4456
126.0000	2.0000	517.0000	Taste	DriedHerring_3_4fish.jpg	4.0000	1.5804
126.0000	2.0000	518.0000	Taste	EnglishCucumber_2_2pc.jpg	6.0000	0.9174
126.0000	2.0000	519.0000	Taste	DriedApricots_2_2.jpg	5.0000	1.7275
126.0000	2.0000	520.0000	Taste	Skittles_6_0.75pack.jpg	4.0000	1.6756
126.0000	2.0000	521.0000	Taste	Aero_1_1pc.jpg	5.0000	1.4167
126.0000	2.0000	522.0000	Taste	DriedApricots_5_0.75cup.jpg	4.0000	1.1362
126.0000	2.0000	523.0000	Taste	KashiBars_4_3bars.jpg	4.0000	1.9718
126.0000	2.0000	524.0000	Taste	OatmealSquares_3_2tbsp.jpg	4.0000	0.9707
126.0000	2.0000	525.0000	Taste	Reese_4_5Cup.jpg	1.0000	1.3160
126.0000	2.0000	526.0000	Taste	CoffeeCrisp_1_0.25bar.jpg	2.0000	1.3835
126.0000	2.0000	527.0000	Taste	CornFlakes_6_2cups.jpg	4.0000	2.1780
126.0000	2.0000	528.0000	Taste	HoneyNutCheerios_2_2tbsp.jpg	4.0000	0.9200
126.0000	2.0000	529.0000	Taste	Starburst_6_18pieces.jpg	4.0000	1.1875
126.0000	2.0000	530.0000	Taste	Strawberries_3_0.5bag.jpg	4.0000	1.1307
126.0000	2.0000	531.0000	Taste	SunChips_4_20Chips.jpg	4.0000	1.3054
126.0000	2.0000	532.0000	Taste	NatureValleyChocolate_4_2bars.jpg	3.0000	1.1251
126.0000	2.0000	533.0000	Taste	WaterChestnuts_5_0.5can.jpg	4.0000	0.8574
126.0000	2.0000	534.0000	Taste	RaisinBran_3_2tbsp.jpg	4.0000	1.3634
126.0000	2.0000	535.0000	Taste	Bananas_3_1.jpg	6.0000	0.8531
126.0000	2.0000	536.0000	Taste	Beets_5_1can.jpg	1.0000	3.8432
126.0000	2.0000	537.0000	Taste	MnMPlain_3_1tbsp.jpg	4.0000	1.8179
126.0000	2.0000	538.0000	Taste	Broccoli_4_1.5c.jpg	5.0000	1.3213
126.0000	2.0000	539.0000	Taste	Triscuit_5_30crackers.jpg	4.0000	1.2365
126.0000	2.0000	540.0000	Taste	Nutella_1_0.5spoon.jpg	3.0000	1.2277
126.0000	2.0000	541.0000	Taste	Prunes_2_3.jpg	4.0000	3.5065
126.0000	2.0000	542.0000	Taste	DriedHerring_1_1fish.jpg	4.0000	1.4550
126.0000	2.0000	543.0000	Taste	FrozenCorn_4_2cups.jpg	5.0000	1.2378
126.0000	2.0000	544.0000	Taste	Caramilk_2_2pc.jpg	2.0000	2.3571
126.0000	2.0000	545.0000	Taste	OatBran_2_2T.jpg	5.0000	1.3518
126.0000	2.0000	546.0000	Taste	BabyFoodSweetPotatos_2_2T.jpg	4.0000	2.1146
126.0000	2.0000	547.0000	Taste	Mars_2_0.5Bar.jpg	3.0000	1.0537
126.0000	2.0000	548.0000	Taste	SlimStyles_6_2c.jpg	2.0000	1.2277
126.0000	2.0000	549.0000	Taste	SevenGrain_1_1.jpg	4.0000	1.5951
126.0000	2.0000	550.0000	Taste	AppleChips_5_1c..jpg	4.0000	1.3544
126.0000	2.0000	551.0000	Taste	Nutella_4_3spoons.jpg	1.0000	1.3329
126.0000	2.0000	552.0000	Taste	AlmondMilk_4_1glass.jpg	1.0000	1.0235
126.0000	2.0000	553.0000	Taste	Beets_2_5pc.jpg	1.0000	3.0469
126.0000	2.0000	554.0000	Taste	LaysClassic_3_8Chips.jpg	5.0000	1.4231
126.0000	2.0000	555.0000	Taste	HoneyNutCheerios_5_2cup.jpg	4.0000	1.3230
126.0000	2.0000	556.0000	Taste	FrozenBlueberries_1_1tbsp.jpg	5.0000	1.3336
126.0000	2.0000	557.0000	Taste	FrozenPeaches_5_1.5Cups.jpg	6.0000	0.7121
126.0000	2.0000	558.0000	Taste	BBQCrisps_2_5.jpg	4.0000	2.2529
126.0000	2.0000	559.0000	Taste	Caramilk_5_2bars.jpg	2.0000	1.6669
126.0000	2.0000	560.0000	Taste	Smarties_5_3boxes.jpg	2.0000	1.2081
126.0000	2.0000	561.0000	Taste	Fritos_5_1c.jpg	2.0000	1.2274
126.0000	2.0000	562.0000	Taste	Tempeh_4_.5pack.jpg	4.0000	1.4509
126.0000	2.0000	563.0000	Taste	Aero_3_1bar.jpg	4.0000	1.0247
126.0000	2.0000	564.0000	Taste	Butternut_3_0.3cup.jpg	5.0000	2.0720
126.0000	2.0000	565.0000	Taste	ClamJuice_3_0.25c.jpg	2.0000	1.3101
126.0000	2.0000	566.0000	Taste	Cheerios_5_2c.jpg	3.0000	2.1120
126.0000	2.0000	567.0000	Taste	SpeltCakes_2_0.5.jpg	3.0000	1.1968
126.0000	2.0000	568.0000	Taste	Mackerel_3_4fish.jpg	3.0000	1.2223
126.0000	2.0000	569.0000	Taste	GreenApple_4_1.jpg	6.0000	0.9982
126.0000	2.0000	570.0000	Taste	GreenPepper_6_1pepper.jpg	4.0000	1.4699
126.0000	2.0000	571.0000	Taste	Butternut_7_2cups.jpg	6.0000	1.5799
126.0000	2.0000	572.0000	Taste	CheeseNips_2_5nips.jpg	5.0000	1.6619
126.0000	2.0000	573.0000	Taste	FrozenOkra_5_0.5box.jpg	5.0000	1.1000
126.0000	2.0000	574.0000	Taste	Prunes_5_1c.jpg	5.0000	0.8879
126.0000	2.0000	575.0000	Taste	SlicedTurkey_2_0.5slice.jpg	6.0000	0.8847
126.0000	2.0000	576.0000	Taste	MnMPeanuts_4_45.jpg	4.0000	1.0892
126.0000	2.0000	577.0000	Taste	Raspberries_5_.5bag.jpg	4.0000	1.8373
126.0000	2.0000	578.0000	Taste	Mentos_2_3pc.jpg	4.0000	0.9079
126.0000	2.0000	579.0000	Taste	FrozenCorn_2_0.5cup.jpg	6.0000	1.6883
126.0000	2.0000	580.0000	Taste	AllBranBar_3_1bar.jpg	4.0000	1.7018
126.0000	2.0000	581.0000	Taste	FrozenBroccoli_2_3chunks.jpg	5.0000	1.3843
126.0000	2.0000	582.0000	Taste	SkimMilk_4_1glass.jpg	6.0000	1.0737
126.0000	2.0000	583.0000	Taste	VegetableThins_5_25Chips.jpg	4.0000	1.0549
126.0000	2.0000	584.0000	Taste	FrozenBlueberries_3_1cup.jpg	5.0000	0.9171
126.0000	2.0000	585.0000	Taste	CheeseNips_5_1c.jpg	5.0000	0.8484
126.0000	2.0000	586.0000	Taste	BabyFoodSweetPotatos_5_1jar.jpg	4.0000	1.7504
126.0000	2.0000	587.0000	Taste	Smarties_2_0.5box.jpg	4.0000	1.3685
126.0000	2.0000	588.0000	Taste	SkimMilk_1_1Tbsp.jpg	6.0000	0.8977
126.0000	2.0000	589.0000	Taste	PCChipCookie_5_4cookie.jpg	3.0000	2.8304
126.0000	2.0000	590.0000	Taste	Mars_4_2Bars.jpg	3.0000	0.7016
126.0000	2.0000	591.0000	Taste	Cauliflower_2_3chunks.jpg	4.0000	1.0963
126.0000	2.0000	592.0000	Taste	OikosYogurt_6_1c.jpg	6.0000	1.1248
126.0000	2.0000	593.0000	Taste	VanillaGreekYogurt_4_1cup.jpg	4.0000	2.8399
126.0000	2.0000	594.0000	Taste	Triscuit_2_2crackers.jpg	4.0000	1.7749
126.0000	2.0000	595.0000	Taste	AppleChips_2_3chips.jpg	4.0000	0.9745
126.0000	2.0000	596.0000	Taste	Celery_4_0.5bunch.jpg	3.0000	1.2798
126.0000	2.0000	597.0000	Taste	Almonds_4_40.jpg	4.0000	1.1407
126.0000	2.0000	598.0000	Taste	Onion_2_1ring.jpg	4.0000	0.9196
126.0000	2.0000	599.0000	Taste	RitzCrackers_2_3Crackers.jpg	5.0000	1.6589
126.0000	2.0000	600.0000	Taste	Broccoli_1_1pc.jpg	5.0000	0.9535
