Subject	Trial	Instruction	Food	Liking	Taste	Health	Amount	Choice	ChoiceRT	FirstDevTimeChoice	InitAngleChoice	NumChangeMindChoice	FinalDevTimeChoice	MaxVelocityChoice	DrxFirstDevChoice	TotalAUCChoice	AUCtoNonChosenChoice	AUCtoChosenChoice	MaxDevChoice
30.0000	1.0000	Focus on Health	BabyFoodSweetPotatos	1.0000	1.0000	5.0000	2	-1.0000	1.5125	0.5374	-0.0430	1.0000	0.7055	0.4243	1.0000	0.1776	0.2044	-0.0268	0.8290
30.0000	2.0000	Focus on Health	Skittles	6.0000	6.0000	1.0000	3	-1.0000	1.6281	0.4693	-0.0424	1.0000	0.6877	0.3737	1.0000	0.5819	0.5819	-0.0000	1.9737
30.0000	3.0000	Focus on Health	IceCreamVanilla	6.0000	6.0000	1.0000	1	-1.0000	1.6462	0.8562	0.0074	0.0000	0.8562	0.3458	-1.0000	0.1269	0.1305	-0.0035	0.2727
30.0000	4.0000	Focus on Health	Celery	1.0000	1.0000	6.0000	2	1.0000	1.2100	0.5545	-0.0608	0.0000	0.5545	0.4087	1.0000	0.0414	0.0679	-0.0265	0.3403
30.0000	5.0000	Focus on Health	Smartfood	6.0000	4.0000	1.0000	2	-1.0000	1.1422	0.5540	-0.0911	0.0000	0.5540	0.2554	-1.0000	0.0760	0.0959	-0.0199	0.3026
30.0000	6.0000	Focus on Health	RaisinBran	1.0000	2.0000	4.0000	7	1.0000	1.2941	0.4531	-0.0837	1.0000	0.7392	0.3677	-1.0000	0.2174	0.2175	-0.0002	1.0108
30.0000	7.0000	Focus on Health	SevenGrain	2.0000	1.0000	3.0000	3	1.0000	1.0756	0.4370	-0.1048	0.0000	0.4370	0.2108	1.0000	0.2262	0.2270	-0.0008	0.4947
30.0000	8.0000	Focus on Health	RufflesSourCreamOnion	6.0000	5.0000	1.0000	3	-1.0000	1.0073	0.4700	-0.0000	0.0000	0.4700	0.1839	-1.0000	0.1452	0.1490	-0.0038	0.2777
30.0000	9.0000	Focus on Health	OatmealSquares	3.0000	3.0000	5.0000	3	-1.0000	1.3950	0.6720	0.0758	1.0000	0.8234	0.2149	1.0000	0.1549	0.1549	-0.0000	0.8086
30.0000	10.0000	Focus on Health	EnglishCucumber	6.0000	5.0000	6.0000	2	1.0000	1.5289	0.4535	-0.0206	1.0000	0.7726	0.3834	-1.0000	0.2812	0.2928	-0.0116	0.9951
30.0000	11.0000	Respond Naturally	Mars	3.0000	1.0000	1.0000	4	1.0000	0.8571	0.2520	-0.0414	0.0000	0.2520	0.1609	1.0000	0.2056	0.2056	-0.0000	0.4369
30.0000	12.0000	Respond Naturally	GreenPepper	4.0000	4.0000	5.0000	2	1.0000	0.9916	0.3529	0.0937	0.0000	0.3529	0.2397	1.0000	0.1105	0.1105	-0.0000	0.2171
30.0000	13.0000	Respond Naturally	Prunes	2.0000	2.0000	5.0000	2	-1.0000	1.2938	0.7562	0.2579	0.0000	0.7562	0.2004	-1.0000	0.2351	0.2351	-0.0000	0.3901
30.0000	14.0000	Respond Naturally	WelchsFruitSnacks	6.0000	6.0000	1.0000	3	1.0000	1.1427	0.5543	-0.1954	0.0000	0.5543	0.1618	1.0000	0.2763	0.2763	-0.0000	0.4794
30.0000	15.0000	Respond Naturally	Snickers	1.0000	1.0000	1.0000	3	1.0000	1.0923	0.3865	-0.0828	0.0000	0.3865	0.3720	1.0000	0.2342	0.2342	-0.0000	0.5048
30.0000	16.0000	Respond Naturally	Avocado	4.0000	5.0000	6.0000	5	1.0000	1.0754	0.4872	0.0000	0.0000	0.4872	0.2553	1.0000	0.1184	0.1184	-0.0000	0.3102
30.0000	17.0000	Respond Naturally	EnglishCucumber	5.0000	4.0000	6.0000	5	1.0000	0.9076	0.4033	-0.1214	0.0000	0.4033	0.2086	1.0000	0.2041	0.2050	-0.0009	0.3741
30.0000	18.0000	Respond Naturally	Avocado	6.0000	4.0000	4.0000	2	1.0000	0.9571	0.3861	-0.0549	0.0000	0.3861	0.2190	1.0000	0.1748	0.1748	-0.0000	0.3233
30.0000	19.0000	Respond Naturally	CannedArtichoke	2.0000	1.0000	6.0000	5	-1.0000	1.0253	0.4705	0.1078	0.0000	0.4705	0.1853	-1.0000	0.1004	0.1310	-0.0306	0.2626
30.0000	20.0000	Respond Naturally	HoneyNutCheerios	6.0000	4.0000	3.0000	5	1.0000	0.9237	0.4028	-0.1339	0.0000	0.4028	0.2772	1.0000	0.1264	0.1264	-0.0000	0.2344
30.0000	21.0000	Respond Naturally	Skittles	6.0000	6.0000	2.0000	6	1.0000	0.9078	0.3025	-0.1906	0.0000	0.3025	0.2283	1.0000	0.2110	0.2248	-0.0139	0.4672
30.0000	22.0000	Respond Naturally	Starburst	6.0000	2.0000	1.0000	6	1.0000	0.9245	0.3355	0.0000	0.0000	0.3355	0.2243	1.0000	0.1372	0.1411	-0.0039	0.3095
30.0000	23.0000	Respond Naturally	Cheerios	6.0000	5.0000	3.0000	2	1.0000	1.0077	0.4865	-0.0040	0.0000	0.4865	0.2326	1.0000	0.1135	0.1135	-0.0000	0.2063
30.0000	24.0000	Respond Naturally	Beets	2.0000	1.0000	5.0000	2	-1.0000	1.0581	0.3862	0.1379	1.0000	0.5541	0.2970	1.0000	0.2270	0.2399	-0.0129	1.1363
30.0000	25.0000	Respond Naturally	FrozenCorn	4.0000	6.0000	6.0000	4	1.0000	1.0412	0.3356	-0.1429	0.0000	0.3356	0.2461	1.0000	0.2186	0.2186	-0.0000	0.4042
30.0000	26.0000	Respond Naturally	ClifBar	4.0000	1.0000	1.0000	4	-1.0000	1.1251	0.5543	0.1438	0.0000	0.5543	0.2226	-1.0000	0.1363	0.1363	-0.0000	0.1959
30.0000	27.0000	Respond Naturally	Beets	2.0000	1.0000	6.0000	5	-1.0000	1.1250	0.3863	0.1963	1.0000	0.5706	0.3513	1.0000	0.3528	0.3544	-0.0016	1.4926
30.0000	28.0000	Respond Naturally	Spinach	5.0000	4.0000	5.0000	4	-1.0000	1.4784	0.9909	NA	0.0000	0.9909	0.2783	-1.0000	-0.0080	0.0003	-0.0083	-0.1069
30.0000	29.0000	Respond Naturally	Onion	5.0000	4.0000	4.0000	2	-1.0000	0.9918	0.4369	0.3634	0.0000	0.4369	0.1716	-1.0000	0.0905	0.0905	-0.0000	0.1574
30.0000	30.0000	Respond Naturally	DriedHerring	4.0000	4.0000	4.0000	1	-1.0000	1.2774	0.4537	0.2953	0.0000	0.4537	0.2490	-1.0000	0.1107	0.1107	-0.0000	0.1818
30.0000	31.0000	Focus on Health	KashiBars	2.0000	1.0000	3.0000	1	1.0000	1.2102	0.4032	-0.1025	0.0000	0.4032	0.1413	1.0000	0.1057	0.1090	-0.0033	0.2218
30.0000	32.0000	Focus on Health	Bananas	5.0000	4.0000	6.0000	2	1.0000	0.9075	0.3192	0.0176	0.0000	0.3192	0.1979	1.0000	0.0433	0.0434	-0.0001	0.1073
30.0000	33.0000	Focus on Health	MnMPeanuts	6.0000	6.0000	1.0000	4	-1.0000	1.0253	0.3025	0.0209	1.0000	0.4538	0.1778	1.0000	0.1388	0.1895	-0.0507	0.5931
30.0000	34.0000	Focus on Health	SunChips	2.0000	2.0000	1.0000	4	-1.0000	1.2271	0.2689	0.3048	1.0000	0.6724	0.4551	1.0000	0.2399	0.2997	-0.0598	0.8944
30.0000	35.0000	Focus on Health	Spinach	4.0000	4.0000	5.0000	2	1.0000	1.3447	0.3865	-0.1641	1.0000	0.5882	0.3643	-1.0000	0.2017	0.2318	-0.0301	1.0825
30.0000	36.0000	Focus on Health	YorkPeppermintPatties	2.0000	1.0000	1.0000	2	-1.0000	0.8730	0.4191	0.0197	0.0000	0.4191	0.2467	-1.0000	0.1213	0.1334	-0.0121	0.2592
30.0000	37.0000	Focus on Health	TofuDessert	2.0000	1.0000	6.0000	4	1.0000	1.1423	0.5542	-0.1151	0.0000	0.5542	0.2646	1.0000	0.1717	0.1747	-0.0030	0.3163
30.0000	38.0000	Focus on Health	SkittlesSour	6.0000	6.0000	1.0000	3	-1.0000	0.8736	0.4031	0.0481	0.0000	0.4031	0.2689	-1.0000	0.1845	0.1847	-0.0002	0.3578
30.0000	39.0000	Focus on Health	RedPepper	4.0000	5.0000	6.0000	5	1.0000	0.8568	0.4533	-0.0198	0.0000	0.4533	0.2544	1.0000	0.1307	0.1307	-0.0000	0.3343
30.0000	40.0000	Focus on Health	MangoChunks	6.0000	6.0000	6.0000	5	1.0000	1.6967	0.4699	0.1307	1.0000	0.7220	0.6206	-1.0000	0.6821	0.6821	-0.0000	1.4632
30.0000	41.0000	Focus on Health	Doritos	6.0000	6.0000	1.0000	5	-1.0000	1.1765	0.3193	0.2261	1.0000	0.5210	0.4097	1.0000	0.1707	0.2405	-0.0698	1.1668
30.0000	42.0000	Focus on Health	OatBran	2.0000	2.0000	6.0000	2	1.0000	1.1428	0.2857	-0.0272	1.0000	0.5209	0.4780	-1.0000	0.3833	0.3994	-0.0160	1.1677
30.0000	43.0000	Focus on Health	AppleChips	4.0000	3.0000	3.0000	5	1.0000	1.3104	0.4701	-0.0650	1.0000	0.6550	0.2479	-1.0000	0.1812	0.1825	-0.0013	0.6090
30.0000	44.0000	Focus on Health	Orange	6.0000	6.0000	6.0000	1	1.0000	1.1430	0.3529	-0.2531	1.0000	0.5378	0.2279	-1.0000	0.3902	0.3902	-0.0000	1.3171
30.0000	45.0000	Focus on Health	Doritos	6.0000	4.0000	1.0000	2	-1.0000	1.2269	0.4033	0.3394	1.0000	0.6219	0.6398	1.0000	0.3446	0.3577	-0.0131	1.6050
30.0000	46.0000	Focus on Health	SlimStyles	1.0000	1.0000	1.0000	6	-1.0000	3.1413	0.7045	0.1489	1.0000	0.9399	0.2649	1.0000	0.5666	0.5666	-0.0000	1.2260
30.0000	47.0000	Focus on Health	FrozenPeaches	6.0000	6.0000	6.0000	5	1.0000	0.9904	0.4530	-0.1788	0.0000	0.4530	0.2433	1.0000	0.1182	0.1182	-0.0000	0.3580
30.0000	48.0000	Focus on Health	Reese	2.0000	1.0000	1.0000	4	-1.0000	0.8398	0.3522	0.1566	0.0000	0.3522	0.1969	-1.0000	0.0778	0.0818	-0.0039	0.3353
30.0000	49.0000	Focus on Health	RomaineLettuce	5.0000	5.0000	6.0000	4	1.0000	1.0420	0.4368	-0.5950	0.0000	0.4368	0.1863	1.0000	0.2040	0.2040	-0.0000	0.3275
30.0000	50.0000	Focus on Health	GreenGrapes	4.0000	4.0000	4.0000	1	1.0000	1.7984	0.6552	-0.0331	1.0000	1.1428	0.2511	-1.0000	0.5835	0.5835	-0.0000	1.2634
30.0000	51.0000	Respond Naturally	SunChips	2.0000	1.0000	1.0000	2	-1.0000	2.0669	0.3526	0.1232	1.0000	1.2434	0.3271	1.0000	0.6473	0.6522	-0.0049	1.4337
30.0000	52.0000	Respond Naturally	CoffeeCrisp	5.0000	3.0000	1.0000	1	-1.0000	1.6636	0.4365	0.1954	1.0000	1.0755	0.2214	1.0000	0.4679	0.4679	-0.0000	1.2937
30.0000	53.0000	Respond Naturally	Mentos	4.0000	2.0000	1.0000	2	-1.0000	1.1589	0.4197	0.3612	1.0000	0.6718	0.2587	1.0000	0.1880	0.2004	-0.0124	0.7032
30.0000	54.0000	Respond Naturally	Mackerel	5.0000	5.0000	6.0000	3	-1.0000	1.1250	0.5708	0.1527	0.0000	0.5708	0.1397	-1.0000	0.1407	0.1408	-0.0001	0.2785
30.0000	55.0000	Respond Naturally	Tuna	6.0000	5.0000	6.0000	4	1.0000	1.0410	0.4867	-0.1750	0.0000	0.4867	0.1780	1.0000	0.1523	0.1787	-0.0265	0.3314
30.0000	56.0000	Respond Naturally	Butternut	4.0000	6.0000	6.0000	7	-1.0000	1.7305	0.4026	0.0119	2.0000	1.1425	0.4065	-1.0000	0.4606	0.4763	-0.0157	1.3054
30.0000	57.0000	Respond Naturally	Asparagus	4.0000	5.0000	5.0000	3	-1.0000	1.0582	0.4697	0.2240	0.0000	0.4697	0.1800	-1.0000	0.0446	0.0446	-0.0000	0.0818
30.0000	58.0000	Respond Naturally	Reese	1.0000	1.0000	1.0000	1	-1.0000	1.5290	0.4199	0.0077	1.0000	0.6047	0.4335	1.0000	0.1906	0.1928	-0.0022	0.9866
30.0000	59.0000	Respond Naturally	NatureValleyChocolate	2.0000	2.0000	2.0000	4	-1.0000	1.2936	0.5874	0.4092	0.0000	0.5874	0.1114	-1.0000	0.0421	0.0421	-0.0000	0.0825
30.0000	60.0000	Respond Naturally	Mentos	3.0000	1.0000	1.0000	5	-1.0000	1.3436	0.8060	0.3570	0.0000	0.8060	0.1609	-1.0000	0.1290	0.1290	-0.0000	0.3870
30.0000	61.0000	Respond Naturally	SlicedTurkey	5.0000	4.0000	4.0000	5	1.0000	1.4959	0.4368	0.0000	1.0000	0.8067	0.3914	-1.0000	0.3677	0.3810	-0.0133	1.2445
30.0000	62.0000	Respond Naturally	FrozenOkra	5.0000	4.0000	4.0000	2	1.0000	1.2769	0.5204	-0.1238	1.0000	0.7894	0.4043	-1.0000	0.2355	0.2355	-0.0000	1.0219
30.0000	63.0000	Respond Naturally	PCChipCookie	6.0000	6.0000	1.0000	5	1.0000	1.0419	0.5207	0.0036	0.0000	0.5207	0.1799	1.0000	0.0771	0.0776	-0.0005	0.2075
30.0000	64.0000	Respond Naturally	LaysClassic	6.0000	5.0000	2.0000	4	1.0000	0.9243	0.3863	0.0283	0.0000	0.3863	0.1829	1.0000	0.0612	0.0612	-0.0000	0.1450
30.0000	65.0000	Respond Naturally	Celery	1.0000	1.0000	6.0000	4	-1.0000	0.9244	0.3864	0.0220	0.0000	0.3864	0.2016	-1.0000	0.0912	0.0999	-0.0088	0.1996
30.0000	66.0000	Respond Naturally	CornFlakes	6.0000	3.0000	3.0000	3	1.0000	1.9653	0.4700	-0.4927	1.0000	1.0071	0.2462	-1.0000	0.4025	0.4396	-0.0371	1.3450
30.0000	67.0000	Respond Naturally	IceCreamChocolate	6.0000	6.0000	1.0000	1	1.0000	1.0084	0.3361	-0.4582	0.0000	0.3361	0.2332	1.0000	0.1428	0.1436	-0.0009	0.3384
30.0000	68.0000	Respond Naturally	FrootLoops	3.0000	1.0000	1.0000	2	-1.0000	1.1261	0.3863	-0.0046	1.0000	0.6385	0.3994	1.0000	0.3315	0.3607	-0.0292	0.9715
30.0000	69.0000	Respond Naturally	SevenGrain	2.0000	2.0000	4.0000	1	-1.0000	0.8912	0.4877	-0.0123	0.0000	0.4877	0.3006	-1.0000	0.2789	0.2830	-0.0041	0.4962
30.0000	70.0000	Respond Naturally	Shreddies	4.0000	2.0000	3.0000	5	-1.0000	1.8829	0.5884	-0.1124	1.0000	0.9247	0.5391	1.0000	-0.0509	0.1056	-0.1565	0.7868
30.0000	71.0000	Focus on Health	Triscuit	4.0000	1.0000	2.0000	2	-1.0000	2.5036	1.6125	0.1232	1.0000	1.9152	0.3980	1.0000	0.2777	0.2777	-0.0000	1.1677
30.0000	72.0000	Focus on Health	GreenGrapes	5.0000	6.0000	6.0000	4	1.0000	1.7139	1.2096	0.0518	0.0000	1.2096	0.2661	1.0000	0.2209	0.2209	-0.0000	0.2965
30.0000	73.0000	Focus on Health	PCChipCookie	6.0000	6.0000	2.0000	2	-1.0000	1.3310	0.2850	0.0053	1.0000	0.6418	0.5000	1.0000	0.3209	0.3209	-0.0000	1.0864
30.0000	74.0000	Focus on Health	TofuDessert	3.0000	1.0000	6.0000	2	-1.0000	1.3610	0.4032	0.0482	0.0000	0.4032	0.1180	-1.0000	0.0868	0.0868	-0.0000	0.2018
30.0000	75.0000	Focus on Health	Fritos	3.0000	2.0000	1.0000	2	-1.0000	0.9069	0.3862	0.3015	0.0000	0.3862	0.1822	-1.0000	0.1061	0.1061	-0.0000	0.2003
30.0000	76.0000	Focus on Health	Aero	2.0000	4.0000	1.0000	1	-1.0000	1.0245	0.4699	0.4017	0.0000	0.4699	0.1887	-1.0000	0.0614	0.0637	-0.0023	0.1262
30.0000	77.0000	Focus on Health	LaysClassic	6.0000	5.0000	1.0000	3	-1.0000	0.9744	0.4197	0.1300	0.0000	0.4197	0.3111	-1.0000	0.1015	0.1015	-0.0000	0.1375
30.0000	78.0000	Focus on Health	MnMPlain	6.0000	6.0000	1.0000	3	-1.0000	0.8899	0.3353	0.0523	0.0000	0.3353	0.1785	-1.0000	0.0912	0.0912	-0.0000	0.1825
30.0000	79.0000	Focus on Health	OikosYogurt	4.0000	4.0000	5.0000	3	-1.0000	0.8399	0.3526	0.4426	0.0000	0.3526	0.2066	-1.0000	0.0493	0.0493	-0.0000	0.0946
30.0000	80.0000	Focus on Health	BrusselsSprouts	4.0000	4.0000	4.0000	2	1.0000	1.3608	0.4365	-0.3282	1.0000	0.7723	0.2097	-1.0000	0.4733	0.4733	-0.0000	1.0978
30.0000	81.0000	Focus on Health	RaisinBran	2.0000	3.0000	4.0000	3	-1.0000	1.5128	0.3864	0.1111	2.0000	1.0253	0.2803	-1.0000	0.3492	0.3492	-0.0000	1.1638
30.0000	82.0000	Focus on Health	Raspberries	6.0000	6.0000	6.0000	4	1.0000	1.1595	0.3191	-0.1508	1.0000	0.5207	0.4215	-1.0000	0.3445	0.3445	-0.0000	1.4016
30.0000	83.0000	Focus on Health	Asparagus	4.0000	6.0000	6.0000	6	1.0000	1.1256	0.4367	-0.1489	1.0000	0.6047	0.4157	-1.0000	0.4525	0.4525	-0.0000	1.2678
30.0000	84.0000	Focus on Health	CoffeeCrisp	4.0000	3.0000	2.0000	3	-1.0000	1.5291	0.3863	0.1105	0.0000	0.3863	0.2355	-1.0000	0.0850	0.0858	-0.0008	0.2557
30.0000	85.0000	Focus on Health	Raspberries	6.0000	6.0000	6.0000	5	1.0000	1.0915	0.4363	-0.4243	1.0000	0.5707	0.4042	-1.0000	0.2704	0.2704	-0.0000	1.1406
30.0000	86.0000	Focus on Health	OikosYogurt	2.0000	4.0000	5.0000	6	-1.0000	1.8638	0.5373	0.2123	2.0000	1.0907	0.2086	-1.0000	0.1020	0.1020	-0.0000	0.3443
30.0000	87.0000	Focus on Health	Caramilk	2.0000	1.0000	1.0000	5	-1.0000	1.3446	0.4368	0.3641	1.0000	0.7058	0.3719	1.0000	0.3812	0.3850	-0.0038	1.3616
30.0000	88.0000	Focus on Health	Broccoli	5.0000	5.0000	6.0000	4	1.0000	1.0251	0.3862	-0.2272	0.0000	0.3862	0.1976	1.0000	0.1663	0.1799	-0.0136	0.7694
30.0000	89.0000	Focus on Health	IceCreamChocolate	6.0000	6.0000	1.0000	4	-1.0000	1.8479	0.3865	-0.0010	0.0000	0.3865	0.1389	-1.0000	0.1015	0.1015	-0.0000	0.2145
30.0000	90.0000	Focus on Health	Nutella	6.0000	6.0000	1.0000	1	1.0000	0.9907	0.4868	-0.1331	0.0000	0.4868	0.1999	1.0000	0.1848	0.2010	-0.0162	0.3644
30.0000	91.0000	Respond Naturally	RiceKrispiesCereal	6.0000	5.0000	3.0000	3	1.0000	0.8403	0.2855	-0.2090	0.0000	0.2855	0.1770	1.0000	0.0929	0.0929	-0.0000	0.2840
30.0000	92.0000	Respond Naturally	Shreddies	5.0000	2.0000	4.0000	2	-1.0000	0.9913	0.3190	0.1194	1.0000	0.4535	0.2026	1.0000	0.1312	0.1791	-0.0479	0.5512
30.0000	93.0000	Respond Naturally	CannedArtichoke	2.0000	1.0000	5.0000	2	-1.0000	1.1256	0.4366	0.0177	1.0000	0.6382	0.4144	1.0000	0.3171	0.3176	-0.0006	1.0752
30.0000	94.0000	Respond Naturally	Almonds	6.0000	4.0000	4.0000	4	-1.0000	0.8903	0.2854	0.0991	0.0000	0.2854	0.1758	-1.0000	0.1183	0.1183	-0.0000	0.2431
30.0000	95.0000	Respond Naturally	AllBranBar	2.0000	1.0000	3.0000	3	-1.0000	0.7229	0.2185	0.2468	0.0000	0.2185	0.2351	-1.0000	0.0881	0.1046	-0.0165	0.2556
30.0000	96.0000	Respond Naturally	SkimMilk	6.0000	6.0000	6.0000	4	1.0000	0.9574	0.3353	-0.3437	1.0000	0.4698	0.1997	1.0000	0.0496	0.0567	-0.0071	0.2832
30.0000	97.0000	Respond Naturally	ProMax	2.0000	1.0000	1.0000	2	-1.0000	0.9411	0.3191	0.6576	0.0000	0.3191	0.1202	-1.0000	0.0801	0.0801	-0.0000	0.1281
30.0000	98.0000	Respond Naturally	RufflesSourCreamOnion	6.0000	5.0000	2.0000	5	1.0000	1.2268	0.2349	-0.2099	1.0000	0.6385	0.4381	-1.0000	0.3907	0.4255	-0.0348	1.1141
30.0000	99.0000	Respond Naturally	GreenPepper	4.0000	4.0000	6.0000	6	-1.0000	1.3272	0.3525	0.1972	2.0000	0.8397	0.2787	-1.0000	0.1302	0.1547	-0.0245	0.6377
30.0000	100.0000	Respond Naturally	Strawberries	6.0000	6.0000	6.0000	3	1.0000	0.9583	0.5380	-0.3358	0.0000	0.5380	0.2225	1.0000	0.3262	0.3263	-0.0000	0.8533
30.0000	101.0000	Focus on Health	FrozenBlueberries	6.0000	6.0000	6.0000	3	1.0000	0.9914	0.4701	-0.1809	0.0000	0.4701	0.2205	1.0000	0.2009	0.2009	-0.0001	0.3540
30.0000	102.0000	Focus on Health	Smarties	6.0000	6.0000	1.0000	5	-1.0000	0.9074	0.4030	0.0165	0.0000	0.4030	0.2093	-1.0000	0.0337	0.0408	-0.0070	0.0864
30.0000	103.0000	Focus on Health	MangoChunks	6.0000	5.0000	5.0000	2	1.0000	1.0926	0.3024	-0.2001	1.0000	0.4369	0.1909	-1.0000	0.1762	0.1762	-0.0000	0.5875
30.0000	104.0000	Focus on Health	DriedHerring	4.0000	5.0000	4.0000	3	-1.0000	1.7482	0.3528	0.1482	2.0000	0.9749	0.3879	-1.0000	0.2874	0.3172	-0.0298	1.4477
30.0000	105.0000	Focus on Health	PopTartStrawberry	3.0000	1.0000	2.0000	5	-1.0000	1.0580	0.4025	0.2395	0.0000	0.4025	0.1991	-1.0000	0.0745	0.0867	-0.0122	0.2032
30.0000	106.0000	Focus on Health	AllBranCereal	2.0000	1.0000	4.0000	2	1.0000	1.2094	0.4025	-0.2784	0.0000	0.4025	0.1406	1.0000	0.2186	0.2186	-0.0000	0.4500
30.0000	107.0000	Focus on Health	Cauliflower	4.0000	4.0000	5.0000	6	1.0000	1.0751	0.5876	-0.1399	0.0000	0.5876	0.1665	1.0000	0.1759	0.1759	-0.0000	0.3831
30.0000	108.0000	Focus on Health	BBQCrisps	6.0000	5.0000	1.0000	2	-1.0000	1.0415	0.5370	0.3581	0.0000	0.5370	0.2269	-1.0000	0.0699	0.0726	-0.0026	0.3919
30.0000	109.0000	Focus on Health	FrozenPeaches	6.0000	5.0000	5.0000	2	1.0000	0.8733	0.3189	-0.2467	1.0000	0.4366	0.2744	-1.0000	0.1919	0.1949	-0.0030	0.6259
30.0000	110.0000	Focus on Health	VegetableThins	5.0000	3.0000	2.0000	2	-1.0000	1.1088	0.2519	0.4699	0.0000	0.2519	0.1320	-1.0000	0.0316	0.0316	-0.0000	0.0674
30.0000	111.0000	Respond Naturally	FrozenBlueberries	6.0000	6.0000	6.0000	1	1.0000	0.9408	0.3024	-0.6710	0.0000	0.3024	0.1665	1.0000	0.1609	0.1611	-0.0002	0.3767
30.0000	112.0000	Respond Naturally	Tempeh	2.0000	2.0000	4.0000	4	-1.0000	1.0417	0.2351	0.1331	1.0000	0.4533	0.3506	1.0000	0.2817	0.3108	-0.0291	0.9661
30.0000	113.0000	Respond Naturally	Twizzlers	5.0000	6.0000	1.0000	2	1.0000	0.9239	0.2513	-0.0202	0.0000	0.2513	0.1520	1.0000	0.1560	0.1560	-0.0000	0.3605
30.0000	114.0000	Respond Naturally	Smarties	6.0000	6.0000	1.0000	2	1.0000	0.9414	0.3866	-0.5840	0.0000	0.3866	0.2230	1.0000	0.2084	0.2181	-0.0097	0.6654
30.0000	115.0000	Respond Naturally	Prunes	2.0000	2.0000	6.0000	5	-1.0000	1.0245	0.4028	0.1361	0.0000	0.4028	0.1698	-1.0000	0.0982	0.0983	-0.0001	0.2541
30.0000	116.0000	Respond Naturally	Cheetos	6.0000	5.0000	1.0000	3	1.0000	0.9244	0.3696	-0.2713	0.0000	0.3696	0.1995	1.0000	0.1767	0.1768	-0.0001	0.3749
30.0000	117.0000	Respond Naturally	SkittlesSour	6.0000	6.0000	1.0000	6	1.0000	0.8403	0.3528	-0.3183	0.0000	0.3528	0.2194	1.0000	0.1045	0.1149	-0.0104	0.2393
30.0000	118.0000	Respond Naturally	Aero	2.0000	1.0000	1.0000	3	-1.0000	1.3613	0.3360	0.1059	0.0000	0.3360	0.1607	-1.0000	0.0912	0.0912	-0.0000	0.2754
30.0000	119.0000	Respond Naturally	AlmondMilk	6.0000	6.0000	5.0000	2	-1.0000	1.3445	0.3862	0.2280	1.0000	0.6047	0.2366	1.0000	0.3057	0.3057	-0.0000	1.0172
30.0000	120.0000	Respond Naturally	PopTartStrawberry	3.0000	2.0000	1.0000	2	-1.0000	0.8571	0.4704	0.2489	0.0000	0.4704	0.2563	-1.0000	0.0857	0.0915	-0.0058	0.1939
30.0000	121.0000	Respond Naturally	Snickers	1.0000	1.0000	1.0000	2	-1.0000	1.0923	0.3695	0.4723	1.0000	0.6050	0.5520	1.0000	0.2437	0.2437	-0.0000	1.1566
30.0000	122.0000	Respond Naturally	Starburst	6.0000	3.0000	1.0000	3	-1.0000	1.2103	0.3865	0.4350	1.0000	0.5546	0.2666	1.0000	0.3752	0.3752	-0.0000	1.1108
30.0000	123.0000	Respond Naturally	Pringles	4.0000	5.0000	1.0000	2	1.0000	1.0582	0.3527	-0.3915	0.0000	0.3527	0.1509	1.0000	0.2402	0.2577	-0.0175	0.4526
30.0000	124.0000	Respond Naturally	FrozenBroccoli	5.0000	4.0000	5.0000	2	1.0000	1.5459	0.4369	0.2154	1.0000	0.9242	0.3077	-1.0000	0.3549	0.4012	-0.0463	1.2758
30.0000	125.0000	Respond Naturally	MnMPlain	6.0000	6.0000	6.0000	5	1.0000	0.8227	0.2853	-0.2285	0.0000	0.2853	0.1811	1.0000	0.0805	0.0836	-0.0031	0.2090
30.0000	126.0000	Respond Naturally	SkimMilk	4.0000	5.0000	4.0000	1	-1.0000	0.8903	0.3525	0.1526	0.0000	0.3525	0.1765	-1.0000	0.0724	0.0725	-0.0001	0.2853
30.0000	127.0000	Respond Naturally	Cauliflower	4.0000	4.0000	5.0000	2	-1.0000	1.1587	0.4198	0.2888	0.0000	0.4198	0.1611	-1.0000	0.1034	0.1034	-0.0000	0.2227
30.0000	128.0000	Respond Naturally	AllBranCereal	4.0000	1.0000	6.0000	6	-1.0000	1.0418	0.4368	0.1441	1.0000	0.6217	0.2801	1.0000	0.2927	0.3037	-0.0110	0.7861
30.0000	129.0000	Respond Naturally	KashiBars	2.0000	1.0000	3.0000	4	-1.0000	0.8226	0.3860	0.2268	0.0000	0.3860	0.1861	-1.0000	0.1269	0.1344	-0.0075	0.2378
30.0000	130.0000	Respond Naturally	ClamJuice	2.0000	5.0000	5.0000	3	-1.0000	0.8731	0.4025	0.1379	0.0000	0.4025	0.1661	-1.0000	0.0990	0.1002	-0.0012	0.1936
30.0000	131.0000	Focus on Health	Almonds	6.0000	3.0000	4.0000	2	1.0000	1.0585	0.5037	-0.3029	0.0000	0.5037	0.2795	1.0000	0.1658	0.1658	-0.0000	0.3963
30.0000	132.0000	Focus on Health	CheeseNips	4.0000	1.0000	3.0000	2	-1.0000	0.9399	0.3188	0.0967	1.0000	0.4531	0.3033	1.0000	0.1875	0.1875	-0.0000	0.6668
30.0000	133.0000	Focus on Health	CornFlakes	6.0000	5.0000	3.0000	6	-1.0000	0.7732	0.3360	0.1595	0.0000	0.3360	0.2132	-1.0000	0.1108	0.1108	-0.0000	0.2001
30.0000	134.0000	Focus on Health	FrozenPeas	4.0000	4.0000	6.0000	6	1.0000	1.1093	0.3023	-0.4174	1.0000	0.5545	0.4140	-1.0000	0.4190	0.4190	-0.0000	1.3657
30.0000	135.0000	Focus on Health	FrozenPeas	4.0000	6.0000	4.0000	2	1.0000	0.8904	0.4196	-0.2209	0.0000	0.4196	0.3343	1.0000	0.1288	0.1288	-0.0000	0.1865
30.0000	136.0000	Focus on Health	FrozenOkra	4.0000	4.0000	6.0000	5	1.0000	0.8905	0.4534	0.0000	0.0000	0.4534	0.1840	1.0000	0.0832	0.0832	-0.0000	0.2688
30.0000	137.0000	Focus on Health	Tuna	5.0000	5.0000	5.0000	2	1.0000	0.9747	0.3862	-0.0088	1.0000	0.6048	0.2004	-1.0000	0.1517	0.1529	-0.0012	0.5136
30.0000	138.0000	Focus on Health	Triscuit	4.0000	1.0000	3.0000	5	-1.0000	0.9748	0.3697	0.2221	0.0000	0.3697	0.2658	-1.0000	0.1327	0.1327	-0.0000	0.2357
30.0000	139.0000	Focus on Health	Caramilk	2.0000	6.0000	1.0000	2	-1.0000	0.7732	0.3697	0.2549	0.0000	0.3697	0.2578	-1.0000	0.1208	0.1215	-0.0007	0.2173
30.0000	140.0000	Focus on Health	SpeltCakes	4.0000	3.0000	3.0000	5	-1.0000	0.7729	0.3358	0.4141	0.0000	0.3358	0.2016	-1.0000	0.0443	0.0443	-0.0000	0.0746
30.0000	141.0000	Respond Naturally	BabyFoodCarrots	2.0000	1.0000	6.0000	5	-1.0000	0.9244	0.4536	0.5356	0.0000	0.4536	0.1927	-1.0000	0.1125	0.1145	-0.0020	0.4334
30.0000	142.0000	Respond Naturally	FrootLoops	2.0000	1.0000	1.0000	6	-1.0000	0.8236	0.3025	0.3855	0.0000	0.3025	0.3633	-1.0000	0.0414	0.0467	-0.0052	0.1047
30.0000	143.0000	Respond Naturally	BrusselsSprouts	3.0000	4.0000	6.0000	4	-1.0000	0.7731	0.1846	0.4929	0.0000	0.1846	0.2305	-1.0000	0.0427	0.0428	-0.0001	0.0731
30.0000	144.0000	Respond Naturally	YorkPeppermintPatties	2.0000	1.0000	1.0000	4	-1.0000	0.8557	0.2852	0.4326	0.0000	0.2852	0.3406	-1.0000	-0.0052	0.0241	-0.0293	-0.0731
30.0000	145.0000	Respond Naturally	SlimStyles	2.0000	1.0000	1.0000	2	-1.0000	0.8566	0.3193	0.3236	0.0000	0.3193	0.3272	-1.0000	0.0112	0.0256	-0.0144	0.0589
30.0000	146.0000	Respond Naturally	Cheerios	6.0000	4.0000	2.0000	5	1.0000	1.5108	0.3022	-0.4545	1.0000	0.4535	0.3612	-1.0000	0.6628	0.6944	-0.0316	1.3324
30.0000	147.0000	Respond Naturally	AllBranBar	4.0000	2.0000	3.0000	1	-1.0000	0.7722	0.3692	0.3718	0.0000	0.3692	0.4154	-1.0000	0.0338	0.0376	-0.0038	0.0823
30.0000	148.0000	Respond Naturally	Broccoli	5.0000	3.0000	5.0000	1	1.0000	1.5456	0.3357	-0.1646	1.0000	0.5539	0.3621	-1.0000	0.4295	0.4371	-0.0076	1.3350
30.0000	149.0000	Respond Naturally	RitzCrackers	6.0000	4.0000	1.0000	2	1.0000	1.4769	0.2852	-0.6754	1.0000	0.8557	0.3271	-1.0000	0.5733	0.5792	-0.0058	1.2990
30.0000	150.0000	Respond Naturally	NatureValleyChocolate	2.0000	1.0000	2.0000	1	-1.0000	1.1931	0.3025	0.3982	1.0000	0.6722	0.3519	1.0000	0.3591	0.3618	-0.0027	1.1657
30.0000	151.0000	Focus on Health	GreenApple	5.0000	6.0000	6.0000	2	1.0000	1.2774	0.4200	-0.3336	1.0000	0.6722	0.2797	-1.0000	0.5557	0.5557	-0.0000	1.2567
30.0000	152.0000	Focus on Health	RedPepper	2.0000	4.0000	6.0000	2	1.0000	0.7393	0.2687	-0.2201	0.0000	0.2687	0.3162	1.0000	0.1023	0.1026	-0.0004	0.2288
30.0000	153.0000	Focus on Health	Butternut	4.0000	6.0000	6.0000	3	1.0000	0.9581	0.4538	-0.0294	0.0000	0.4538	0.1326	1.0000	0.1155	0.1155	-0.0000	0.3190
30.0000	154.0000	Focus on Health	Cheetos	6.0000	6.0000	1.0000	6	-1.0000	0.7732	0.3360	0.1049	0.0000	0.3360	0.1836	-1.0000	0.0527	0.0543	-0.0016	0.1517
30.0000	155.0000	Focus on Health	Onion	5.0000	4.0000	6.0000	4	-1.0000	1.4959	0.3360	0.3126	2.0000	0.8403	0.5798	-1.0000	0.4239	0.4576	-0.0337	2.1050
30.0000	156.0000	Focus on Health	WaterChestnuts	2.0000	3.0000	5.0000	5	-1.0000	1.2104	0.4033	0.4133	1.0000	0.6219	0.2926	1.0000	0.5035	0.5035	-0.0000	1.7057
30.0000	157.0000	Focus on Health	OatBran	3.0000	2.0000	4.0000	4	1.0000	1.0418	0.6216	-0.4716	0.0000	0.6216	0.2145	1.0000	0.1697	0.1697	-0.0000	0.2886
30.0000	158.0000	Focus on Health	Fritos	3.0000	1.0000	1.0000	5	-1.0000	0.6892	0.2521	0.5939	0.0000	0.2521	0.2446	-1.0000	0.0156	0.0157	-0.0001	0.0401
30.0000	159.0000	Focus on Health	WelchsFruitSnacks	4.0000	4.0000	2.0000	1	-1.0000	0.9073	0.4534	0.2607	0.0000	0.4534	0.2275	-1.0000	0.1046	0.1046	-0.0000	0.1459
30.0000	160.0000	Focus on Health	Twizzlers	6.0000	6.0000	1.0000	4	-1.0000	0.7729	0.3863	0.1860	0.0000	0.3863	0.2960	-1.0000	0.1010	0.1169	-0.0159	0.2078
30.0000	161.0000	Respond Naturally	AppleChips	6.0000	2.0000	2.0000	2	1.0000	2.2692	0.4707	-0.2545	1.0000	1.0760	0.5175	-1.0000	0.6979	0.7221	-0.0242	1.4313
30.0000	162.0000	Respond Naturally	RomaineLettuce	5.0000	4.0000	5.0000	2	-1.0000	0.9916	0.3360	0.1544	0.0000	0.3360	0.1556	-1.0000	0.0629	0.0819	-0.0190	0.1721
30.0000	163.0000	Respond Naturally	DriedApricots	1.0000	1.0000	6.0000	5	-1.0000	0.8236	0.2016	0.4753	0.0000	0.2016	0.2085	-1.0000	0.0371	0.0405	-0.0033	0.0780
30.0000	164.0000	Respond Naturally	ProMax	2.0000	1.0000	1.0000	4	-1.0000	0.6555	0.1848	0.5382	0.0000	0.1848	0.2205	-1.0000	0.0384	0.0400	-0.0016	0.0946
30.0000	165.0000	Respond Naturally	BabyFoodSweetPotatos	1.0000	1.0000	5.0000	5	-1.0000	0.7223	0.1511	0.6682	0.0000	0.1511	0.1074	-1.0000	-0.0418	0.0026	-0.0444	-0.0827
30.0000	166.0000	Respond Naturally	MnMPeanuts	6.0000	6.0000	1.0000	2	1.0000	0.9582	0.5380	-0.4885	0.0000	0.5380	0.3557	1.0000	0.5772	0.5857	-0.0085	1.0579
30.0000	167.0000	Respond Naturally	PureFit	2.0000	1.0000	3.0000	2	-1.0000	0.8229	0.2855	0.3440	0.0000	0.2855	0.1991	-1.0000	0.0848	0.0850	-0.0003	0.2589
30.0000	168.0000	Respond Naturally	WaterChestnuts	3.0000	4.0000	5.0000	3	-1.0000	0.7392	0.2854	0.2201	0.0000	0.2854	0.1405	-1.0000	0.0656	0.0701	-0.0045	0.1534
30.0000	169.0000	Respond Naturally	Mars	2.0000	2.0000	1.0000	2	-1.0000	0.8228	0.3019	0.5054	0.0000	0.3019	0.2650	-1.0000	0.0061	0.0360	-0.0299	-0.1188
30.0000	170.0000	Respond Naturally	FrozenBroccoli	4.0000	5.0000	6.0000	6	-1.0000	1.4961	0.5547	0.5916	1.0000	0.7228	0.7444	1.0000	0.5124	0.5135	-0.0011	1.8887
30.0000	171.0000	Focus on Health	DriedApricots	3.0000	4.0000	5.0000	2	1.0000	2.2855	0.4705	-0.0797	1.0000	0.8740	0.4228	-1.0000	0.7030	0.7333	-0.0303	1.5319
30.0000	172.0000	Focus on Health	GreenApple	5.0000	6.0000	6.0000	4	-1.0000	1.2263	0.2351	0.2241	0.0000	0.2351	0.2085	-1.0000	0.0945	0.0945	-0.0000	0.2153
30.0000	173.0000	Focus on Health	SpeltCakes	5.0000	2.0000	2.0000	2	-1.0000	1.5117	0.9570	0.1921	0.0000	0.9570	0.1694	-1.0000	0.1880	0.1880	-0.0000	0.4126
30.0000	174.0000	Focus on Health	RitzCrackers	6.0000	5.0000	3.0000	5	-1.0000	1.9817	0.4025	0.5790	0.0000	0.4025	0.2516	-1.0000	0.0005	0.0166	-0.0161	0.0779
30.0000	175.0000	Focus on Health	Strawberries	6.0000	6.0000	6.0000	2	1.0000	1.3111	0.6385	0.1473	1.0000	0.8235	0.3467	-1.0000	0.1455	0.1669	-0.0214	1.0165
30.0000	176.0000	Focus on Health	GreenBeans	4.0000	4.0000	6.0000	4	1.0000	0.8903	0.4196	0.0988	0.0000	0.4196	0.1775	1.0000	0.0691	0.0846	-0.0154	0.1685
30.0000	177.0000	Focus on Health	ClifBar	2.0000	2.0000	1.0000	2	-1.0000	0.8236	0.3360	-0.0793	0.0000	0.3360	0.1692	-1.0000	0.1346	0.1347	-0.0000	0.3694
30.0000	178.0000	Focus on Health	Bananas	5.0000	5.0000	5.0000	3	1.0000	1.2269	0.3360	-0.0790	1.0000	0.5377	0.2629	-1.0000	0.3444	0.3444	-0.0000	1.2842
30.0000	179.0000	Focus on Health	VanillaGreekYogurt	6.0000	4.0000	5.0000	4	1.0000	1.3950	0.2688	-0.1017	1.0000	0.8068	0.5723	-1.0000	0.5514	0.5955	-0.0441	1.4020
30.0000	180.0000	Focus on Health	Nutella	6.0000	6.0000	2.0000	4	1.0000	0.9075	0.4199	-0.2481	0.0000	0.4199	0.1819	1.0000	0.1291	0.1302	-0.0011	0.3910
30.0000	181.0000	Focus on Health	VegetableThins	5.0000	1.0000	2.0000	5	-1.0000	0.8724	0.5028	0.5524	0.0000	0.5028	0.2288	-1.0000	0.0255	0.0355	-0.0101	0.0595
30.0000	182.0000	Focus on Health	CheeseNips	4.0000	1.0000	2.0000	5	-1.0000	1.0080	0.3358	0.1948	0.0000	0.3358	0.2310	-1.0000	0.0733	0.0940	-0.0207	0.2451
30.0000	183.0000	Focus on Health	HoneyNutCheerios	6.0000	4.0000	3.0000	2	-1.0000	1.0754	0.2520	0.3012	0.0000	0.2520	0.2720	-1.0000	0.0501	0.0591	-0.0090	0.2137
30.0000	184.0000	Focus on Health	BabyFoodCarrots	1.0000	1.0000	5.0000	3	-1.0000	1.9147	0.4873	0.4077	4.0000	1.4281	0.2128	-1.0000	0.1036	0.1054	-0.0019	0.3752
30.0000	185.0000	Focus on Health	FrozenCorn	5.0000	5.0000	6.0000	2	1.0000	1.2100	0.7897	0.0000	0.0000	0.7897	0.3799	1.0000	0.0936	0.0936	-0.0000	0.2784
30.0000	186.0000	Focus on Health	PureFit	2.0000	1.0000	1.0000	4	-1.0000	1.0577	0.5371	-0.0506	0.0000	0.5371	0.2616	-1.0000	0.1562	0.1562	-0.0000	0.1981
30.0000	187.0000	Focus on Health	BBQCrisps	6.0000	6.0000	1.0000	6	-1.0000	1.1087	0.4027	0.2930	1.0000	0.6381	0.4598	1.0000	0.1222	0.1555	-0.0333	0.6749
30.0000	188.0000	Focus on Health	AlmondMilk	6.0000	6.0000	6.0000	4	1.0000	0.9902	0.5707	-0.2757	0.0000	0.5707	0.1738	1.0000	0.1712	0.1712	-0.0000	0.2551
30.0000	189.0000	Focus on Health	GreenBeans	4.0000	4.0000	4.0000	2	1.0000	0.8562	0.4366	0.3027	0.0000	0.4366	0.2469	1.0000	0.0289	0.0348	-0.0058	0.1332
30.0000	190.0000	Focus on Health	Tempeh	3.0000	2.0000	4.0000	2	-1.0000	1.1589	0.7219	0.0985	0.0000	0.7219	0.1951	-1.0000	0.1355	0.1355	-0.0000	0.1933
30.0000	191.0000	Respond Naturally	ClamJuice	1.0000	2.0000	4.0000	1	-1.0000	1.0420	0.4704	0.1714	0.0000	0.4704	0.3180	-1.0000	0.3161	0.3161	-0.0000	0.5543
30.0000	192.0000	Respond Naturally	Smartfood	6.0000	6.0000	1.0000	4	1.0000	1.1091	0.3526	-0.3381	1.0000	0.5208	0.3273	-1.0000	0.5359	0.5359	-0.0000	1.4224
30.0000	193.0000	Respond Naturally	SlicedTurkey	4.0000	5.0000	4.0000	2	1.0000	1.7152	0.5547	-0.1743	3.0000	1.1771	0.3491	-1.0000	0.7448	0.7448	-0.0000	1.4816
30.0000	194.0000	Respond Naturally	Mackerel	5.0000	4.0000	5.0000	1	-1.0000	1.4445	0.4026	0.3321	2.0000	0.9571	0.6626	-1.0000	0.2777	0.2777	-0.0000	1.6543
30.0000	195.0000	Respond Naturally	OatmealSquares	2.0000	2.0000	5.0000	7	-1.0000	1.4279	0.5376	0.2908	0.0000	0.5376	0.1632	-1.0000	0.1541	0.1541	-0.0000	0.3249
30.0000	196.0000	Respond Naturally	Orange	6.0000	6.0000	6.0000	5	1.0000	0.8402	0.4366	-0.2179	0.0000	0.4366	0.2806	1.0000	0.2673	0.2841	-0.0167	0.5155
30.0000	197.0000	Respond Naturally	Pringles	6.0000	6.0000	1.0000	5	1.0000	1.1764	0.3360	-0.0496	1.0000	0.5041	0.3681	-1.0000	0.5803	0.5804	-0.0001	1.2687
30.0000	198.0000	Respond Naturally	IceCreamVanilla	6.0000	6.0000	1.0000	4	1.0000	0.8065	0.2852	-0.2592	0.0000	0.2852	0.2197	1.0000	0.1217	0.1298	-0.0081	0.2766
30.0000	199.0000	Respond Naturally	RiceKrispiesCereal	6.0000	5.0000	3.0000	7	1.0000	0.7897	0.3190	-0.2751	0.0000	0.3190	0.3079	1.0000	0.1915	0.2191	-0.0276	0.4098
30.0000	200.0000	Respond Naturally	VanillaGreekYogurt	1.0000	5.0000	4.0000	2	-1.0000	0.9410	0.5880	0.0965	0.0000	0.5880	0.2589	-1.0000	0.2337	0.2383	-0.0046	0.3703
