Subject	Trial	Instruction	Food	Liking	Taste	Health	Amount	Choice	ChoiceRT	FirstDevTimeChoice	InitAngleChoice	NumChangeMindChoice	FinalDevTimeChoice	MaxVelocityChoice	DrxFirstDevChoice	TotalAUCChoice	AUCtoNonChosenChoice	AUCtoChosenChoice	MaxDevChoice
68.0000	1.0000	Focus on Health	Spinach	5.0000	3.0000	6.0000	4	1.0000	1.5795	0.3366	0.0000	0.0000	0.3366	0.1921	1.0000	0.1690	0.1690	-0.0000	0.7341
68.0000	2.0000	Focus on Health	FrozenBlueberries	5.0000	5.0000	5.0000	1	1.0000	1.1255	0.3021	-0.0659	0.0000	0.3021	0.4268	1.0000	0.0848	0.0848	-0.0000	0.3295
68.0000	3.0000	Focus on Health	Aero	5.0000	6.0000	1.0000	3	-1.0000	1.0584	0.2182	0.0039	1.0000	0.5712	0.3313	1.0000	0.4832	0.4833	-0.0001	1.5071
68.0000	4.0000	Focus on Health	GreenPepper	5.0000	4.0000	5.0000	2	1.0000	0.9912	0.3863	-0.0914	0.0000	0.3863	0.2613	1.0000	0.1848	0.1848	-0.0000	0.4909
68.0000	5.0000	Focus on Health	RedPepper	4.0000	3.0000	5.0000	2	1.0000	0.9411	0.1680	-0.0446	0.0000	0.1680	0.1316	1.0000	0.2486	0.2486	-0.0000	0.5065
68.0000	6.0000	Focus on Health	YorkPeppermintPatties	5.0000	5.0000	1.0000	2	-1.0000	1.7317	0.1513	0.1490	3.0000	1.1102	0.3813	1.0000	0.6009	0.6010	-0.0002	1.3457
68.0000	7.0000	Focus on Health	Doritos	5.0000	6.0000	1.0000	5	-1.0000	0.9734	0.1005	-0.0368	1.0000	0.4191	0.3328	1.0000	0.1676	0.3056	-0.1380	0.8069
68.0000	8.0000	Focus on Health	Avocado	5.0000	5.0000	6.0000	5	1.0000	1.6633	1.0749	-0.0896	0.0000	1.0749	0.1873	1.0000	0.3547	0.3547	-0.0000	0.7429
68.0000	9.0000	Focus on Health	Tuna	6.0000	6.0000	6.0000	4	1.0000	1.0080	0.1006	-0.0086	0.0000	0.1006	0.1718	1.0000	0.1690	0.1691	-0.0001	0.4550
68.0000	10.0000	Focus on Health	CoffeeCrisp	4.0000	6.0000	1.0000	1	-1.0000	0.9913	0.1009	0.0200	1.0000	0.4200	0.3250	1.0000	0.5141	0.5179	-0.0038	1.3704
68.0000	11.0000	Respond Naturally	WelchsFruitSnacks	5.0000	6.0000	1.0000	1	1.0000	1.0086	0.4710	-0.1225	0.0000	0.4710	0.1795	1.0000	0.2837	0.2837	-0.0000	0.5939
68.0000	12.0000	Respond Naturally	Skittles	5.0000	6.0000	1.0000	3	1.0000	1.1597	0.3192	-0.0516	1.0000	0.7565	0.3492	-1.0000	0.4349	0.4377	-0.0028	1.0128
68.0000	13.0000	Respond Naturally	FrozenBroccoli	6.0000	5.0000	6.0000	2	1.0000	1.0756	0.1345	-0.0757	0.0000	0.1345	0.1179	1.0000	0.2140	0.2140	-0.0000	0.4329
68.0000	14.0000	Respond Naturally	Smartfood	5.0000	6.0000	1.0000	4	1.0000	1.0926	0.2018	0.0451	2.0000	0.7229	0.2214	1.0000	0.1686	0.1686	-0.0000	0.3086
68.0000	15.0000	Respond Naturally	HoneyNutCheerios	6.0000	6.0000	5.0000	5	1.0000	1.3444	0.1344	0.3094	2.0000	0.7561	0.1262	1.0000	0.3490	0.3490	-0.0000	0.6140
68.0000	16.0000	Respond Naturally	NatureValleyChocolate	6.0000	5.0000	4.0000	1	1.0000	1.0923	0.4369	-0.2224	0.0000	0.4369	0.1661	1.0000	0.1973	0.1973	-0.0000	0.4770
68.0000	17.0000	Respond Naturally	BabyFoodCarrots	1.0000	1.0000	6.0000	5	-1.0000	1.0251	0.2015	-0.1338	1.0000	0.3695	0.1575	1.0000	0.2938	0.2938	-0.0000	0.6355
68.0000	18.0000	Respond Naturally	AlmondMilk	6.0000	1.0000	6.0000	4	-1.0000	1.8986	0.1177	-0.0076	3.0000	1.4452	0.2381	1.0000	0.1735	0.1783	-0.0048	0.5434
68.0000	19.0000	Respond Naturally	AllBranBar	1.0000	1.0000	5.0000	3	-1.0000	1.0244	0.3860	0.1572	0.0000	0.3860	0.2167	-1.0000	0.2729	0.2729	-0.0000	0.5781
68.0000	20.0000	Respond Naturally	MangoChunks	6.0000	6.0000	6.0000	2	1.0000	0.8403	0.1679	-0.3422	0.0000	0.1679	0.1961	1.0000	0.1875	0.1875	-0.0000	0.5068
68.0000	21.0000	Focus on Health	Avocado	5.0000	6.0000	6.0000	2	1.0000	0.9408	0.2856	-0.0906	0.0000	0.2856	0.3345	1.0000	0.0804	0.0804	-0.0000	0.2377
68.0000	22.0000	Focus on Health	PureFit	1.0000	4.0000	5.0000	2	1.0000	1.4277	0.2685	0.0785	2.0000	1.0076	0.2451	1.0000	0.1514	0.1533	-0.0019	0.4567
68.0000	23.0000	Focus on Health	Mackerel	2.0000	2.0000	3.0000	1	-1.0000	1.1929	0.1007	-0.1831	1.0000	0.3528	0.2186	1.0000	0.5114	0.5114	-0.0000	1.2843
68.0000	24.0000	Focus on Health	GreenGrapes	6.0000	6.0000	6.0000	4	1.0000	0.7729	0.2521	-0.1253	0.0000	0.2521	0.1963	1.0000	0.2077	0.2077	-0.0000	0.5502
68.0000	25.0000	Focus on Health	OatmealSquares	1.0000	1.0000	5.0000	7	-1.0000	1.3945	0.1345	-0.0811	1.0000	0.8569	0.2835	1.0000	0.6754	0.6754	-0.0000	1.3315
68.0000	26.0000	Focus on Health	Prunes	2.0000	4.0000	4.0000	5	1.0000	1.3773	0.5207	0.0729	0.0000	0.5207	0.1798	1.0000	0.1334	0.1334	-0.0000	0.3196
68.0000	27.0000	Focus on Health	RufflesSourCreamOnion	4.0000	6.0000	1.0000	3	-1.0000	1.0585	0.1680	-0.0950	1.0000	0.4200	0.2475	1.0000	0.6202	0.6202	-0.0000	1.3128
68.0000	28.0000	Focus on Health	FrozenCorn	6.0000	6.0000	6.0000	4	1.0000	0.7557	0.2685	0.0204	0.0000	0.2685	0.2004	1.0000	0.2309	0.2309	-0.0000	0.4269
68.0000	29.0000	Focus on Health	RomaineLettuce	1.0000	3.0000	6.0000	2	1.0000	0.7055	0.2686	-0.2016	0.0000	0.2686	0.1379	1.0000	0.2747	0.2747	-0.0000	0.6830
68.0000	30.0000	Focus on Health	SlicedTurkey	6.0000	6.0000	5.0000	2	1.0000	0.8397	0.1173	0.1021	0.0000	0.1173	0.1796	1.0000	0.1696	0.1696	-0.0000	0.3917
68.0000	31.0000	Respond Naturally	Cauliflower	4.0000	5.0000	5.0000	2	1.0000	0.9413	0.1513	0.1007	0.0000	0.1513	0.1894	1.0000	0.1947	0.1947	-0.0000	0.4971
68.0000	32.0000	Respond Naturally	RaisinBran	1.0000	5.0000	5.0000	3	-1.0000	1.4110	0.3698	-0.1259	1.0000	0.7227	0.2756	1.0000	0.7483	0.7485	-0.0002	1.4131
68.0000	33.0000	Respond Naturally	DriedHerring	2.0000	2.0000	1.0000	1	-1.0000	1.0762	0.1851	-0.0066	1.0000	0.4203	0.2470	1.0000	0.5527	0.5527	-0.0000	1.3936
68.0000	34.0000	Respond Naturally	HoneyNutCheerios	5.0000	6.0000	3.0000	2	1.0000	0.7728	0.3699	-0.4352	0.0000	0.3699	0.2009	1.0000	0.2205	0.2205	-0.0000	0.5204
68.0000	35.0000	Respond Naturally	Mars	4.0000	6.0000	1.0000	2	1.0000	0.6890	0.1010	0.4499	0.0000	0.1010	0.1980	1.0000	0.1073	0.1077	-0.0004	0.2819
68.0000	36.0000	Respond Naturally	SkittlesSour	6.0000	6.0000	1.0000	6	1.0000	0.7051	0.2350	0.2938	0.0000	0.2350	0.1369	1.0000	0.0966	0.1002	-0.0036	0.2944
68.0000	37.0000	Respond Naturally	LaysClassic	4.0000	6.0000	1.0000	4	1.0000	1.3108	0.1177	0.0979	2.0000	0.7226	0.2421	1.0000	0.5606	0.5606	-0.0000	1.2619
68.0000	38.0000	Respond Naturally	Twizzlers	1.0000	1.0000	1.0000	4	-1.0000	1.3612	0.2352	-0.0844	1.0000	0.4706	0.3259	1.0000	0.4257	0.4257	-0.0000	1.3119
68.0000	39.0000	Respond Naturally	RedPepper	2.0000	4.0000	6.0000	5	1.0000	1.4954	0.1681	0.0481	2.0000	0.8234	0.3202	1.0000	0.1095	0.1670	-0.0574	0.5189
68.0000	40.0000	Respond Naturally	Smartfood	4.0000	6.0000	1.0000	2	1.0000	0.6891	0.2184	0.1218	0.0000	0.2184	0.2041	1.0000	0.2803	0.2819	-0.0016	0.6494
68.0000	41.0000	Respond Naturally	IceCreamVanilla	6.0000	4.0000	1.0000	1	1.0000	0.9917	0.1344	-0.2118	0.0000	0.1344	0.1569	1.0000	0.1390	0.1390	-0.0000	0.3627
68.0000	42.0000	Respond Naturally	DriedHerring	1.0000	1.0000	2.0000	3	-1.0000	0.9910	0.1680	-0.3869	1.0000	0.4363	0.3857	1.0000	0.1659	0.2286	-0.0628	0.8481
68.0000	43.0000	Respond Naturally	BrusselsSprouts	1.0000	3.0000	6.0000	4	-1.0000	1.0407	0.1344	-0.0245	1.0000	0.6043	0.3553	1.0000	0.5614	0.5615	-0.0000	1.3786
68.0000	44.0000	Respond Naturally	Beets	5.0000	5.0000	6.0000	2	1.0000	0.8230	0.2184	0.0448	0.0000	0.2184	0.2073	1.0000	0.2184	0.2184	-0.0000	0.4883
68.0000	45.0000	Respond Naturally	GreenApple	6.0000	6.0000	5.0000	2	1.0000	0.8063	0.2858	-0.0920	0.0000	0.2858	0.2771	1.0000	0.1039	0.1039	-0.0000	0.3005
68.0000	46.0000	Respond Naturally	Shreddies	1.0000	3.0000	4.0000	2	-1.0000	1.3264	0.2854	-0.0041	1.0000	0.6549	0.4299	1.0000	0.3952	0.4480	-0.0528	1.2948
68.0000	47.0000	Respond Naturally	Nutella	5.0000	6.0000	1.0000	1	1.0000	0.8067	0.3022	0.1272	0.0000	0.3022	0.1857	1.0000	0.2512	0.2512	-0.0000	0.6121
68.0000	48.0000	Respond Naturally	GreenGrapes	2.0000	3.0000	4.0000	1	1.0000	0.6883	0.3356	0.0808	0.0000	0.3356	0.3162	1.0000	0.3610	0.3610	-0.0000	0.6323
68.0000	49.0000	Respond Naturally	AppleChips	5.0000	5.0000	3.0000	2	1.0000	1.1071	0.2515	0.3083	2.0000	0.8389	0.3960	1.0000	0.3601	0.3601	-0.0000	0.6767
68.0000	50.0000	Respond Naturally	VanillaGreekYogurt	6.0000	6.0000	6.0000	4	1.0000	0.7045	0.1680	0.2015	0.0000	0.1680	0.4118	1.0000	0.2067	0.2067	-0.0000	0.5464
68.0000	51.0000	Focus on Health	FrozenBroccoli	6.0000	6.0000	6.0000	6	1.0000	0.8393	0.2513	0.1246	0.0000	0.2513	0.2088	1.0000	0.1469	0.1482	-0.0013	0.3250
68.0000	52.0000	Focus on Health	MnMPlain	4.0000	6.0000	1.0000	3	-1.0000	1.2600	0.3026	-0.0000	1.0000	0.4539	0.1733	1.0000	0.3088	0.3145	-0.0057	1.1908
68.0000	53.0000	Focus on Health	Fritos	1.0000	1.0000	1.0000	5	-1.0000	1.0422	0.2354	-0.4271	1.0000	0.4371	0.2983	1.0000	0.4687	0.4687	-0.0000	1.5556
68.0000	54.0000	Focus on Health	OatBran	1.0000	1.0000	1.0000	2	1.0000	1.3602	0.1174	-0.1440	1.0000	0.6380	0.3252	-1.0000	0.6340	0.6603	-0.0263	1.5849
68.0000	55.0000	Focus on Health	RiceKrispiesCereal	3.0000	2.0000	4.0000	7	-1.0000	1.3111	0.2856	-0.0158	1.0000	0.7731	0.2122	1.0000	0.5433	0.5433	-0.0000	1.1966
68.0000	56.0000	Focus on Health	Asparagus	3.0000	3.0000	6.0000	3	1.0000	1.2432	0.1346	0.2413	1.0000	0.2860	0.2494	-1.0000	0.1202	0.1607	-0.0405	0.8316
68.0000	57.0000	Focus on Health	Mentos	1.0000	1.0000	1.0000	2	-1.0000	0.7725	0.2517	-0.2446	1.0000	0.3693	0.3082	1.0000	0.4409	0.4409	-0.0000	1.1257
68.0000	58.0000	Focus on Health	SunChips	1.0000	2.0000	1.0000	2	-1.0000	0.8570	0.2689	-0.1578	1.0000	0.4202	0.2282	1.0000	0.3764	0.3765	-0.0001	0.8877
68.0000	59.0000	Focus on Health	Bananas	6.0000	6.0000	6.0000	3	1.0000	0.9070	0.4031	0.2117	0.0000	0.4031	0.2371	1.0000	0.2341	0.2725	-0.0385	0.6650
68.0000	60.0000	Focus on Health	PCChipCookie	3.0000	5.0000	2.0000	2	-1.0000	1.1261	0.1010	-0.1013	1.0000	0.5883	0.2461	1.0000	0.6036	0.6036	-0.0000	1.1432
68.0000	61.0000	Focus on Health	CoffeeCrisp	5.0000	6.0000	1.0000	3	-1.0000	0.8067	0.1511	-0.0147	1.0000	0.3359	0.1843	1.0000	0.3587	0.3587	-0.0000	1.0916
68.0000	62.0000	Focus on Health	PopTartStrawberry	1.0000	1.0000	1.0000	5	-1.0000	1.0250	0.1008	0.1760	2.0000	0.5209	0.2459	-1.0000	0.3761	0.3761	-0.0000	1.2284
68.0000	63.0000	Focus on Health	FrootLoops	1.0000	3.0000	3.0000	6	-1.0000	0.7567	0.1009	0.2583	0.0000	0.1009	0.2697	-1.0000	0.1066	0.1348	-0.0282	0.4339
68.0000	64.0000	Focus on Health	ClamJuice	1.0000	1.0000	1.0000	1	-1.0000	1.2260	0.3359	-0.0239	0.0000	0.3359	0.2584	-1.0000	0.1870	0.1952	-0.0081	0.5986
68.0000	65.0000	Focus on Health	ProMax	5.0000	5.0000	5.0000	2	1.0000	1.1748	0.1174	0.1327	2.0000	0.7390	0.4093	1.0000	0.4654	0.4654	-0.0000	1.3424
68.0000	66.0000	Focus on Health	Mackerel	2.0000	1.0000	4.0000	3	-1.0000	0.8907	0.4199	-0.1255	0.0000	0.4199	0.2718	-1.0000	0.2106	0.2361	-0.0255	0.5012
68.0000	67.0000	Focus on Health	Smarties	4.0000	6.0000	1.0000	2	-1.0000	0.7222	0.1007	-0.0070	1.0000	0.3527	0.3436	1.0000	0.3495	0.3495	-0.0000	0.7110
68.0000	68.0000	Focus on Health	RitzCrackers	1.0000	3.0000	3.0000	2	-1.0000	0.7394	0.1175	-0.0184	0.0000	0.1175	0.1507	-1.0000	0.1488	0.1488	-0.0000	0.4008
68.0000	69.0000	Focus on Health	AllBranBar	3.0000	1.0000	2.0000	1	1.0000	2.2843	0.3187	-0.2310	1.0000	0.4867	0.4283	-1.0000	0.2690	0.3023	-0.0333	1.5047
68.0000	70.0000	Focus on Health	Fritos	1.0000	2.0000	3.0000	2	-1.0000	0.8233	0.2013	-0.1669	0.0000	0.2013	0.2085	-1.0000	0.2352	0.2353	-0.0001	0.8124
68.0000	71.0000	Respond Naturally	BabyFoodCarrots	1.0000	1.0000	4.0000	3	-1.0000	1.0246	0.2181	0.1114	1.0000	0.3694	0.3061	1.0000	0.1708	0.2047	-0.0339	0.7332
68.0000	72.0000	Respond Naturally	OikosYogurt	6.0000	6.0000	6.0000	3	1.0000	1.2603	0.1344	0.1200	1.0000	0.4705	0.3290	-1.0000	0.4252	0.4252	-0.0000	1.4498
68.0000	73.0000	Respond Naturally	KashiBars	6.0000	4.0000	6.0000	4	1.0000	1.6466	0.3361	0.9707	3.0000	1.0591	0.2383	-1.0000	0.6028	0.6031	-0.0004	1.3006
68.0000	74.0000	Respond Naturally	FrozenPeas	3.0000	4.0000	4.0000	2	-1.0000	1.8819	0.1006	-0.0475	3.0000	1.2603	0.2582	1.0000	0.4733	0.4970	-0.0237	1.2812
68.0000	75.0000	Respond Naturally	Cauliflower	4.0000	4.0000	6.0000	6	1.0000	1.0757	0.2688	0.2517	0.0000	0.2688	0.2468	1.0000	0.1501	0.1951	-0.0450	0.5382
68.0000	76.0000	Respond Naturally	RufflesSourCreamOnion	2.0000	6.0000	1.0000	5	-1.0000	2.6695	0.2852	-0.1981	1.0000	0.5204	0.5111	1.0000	0.1671	0.2082	-0.0411	1.2930
68.0000	77.0000	Respond Naturally	CornFlakes	3.0000	2.0000	4.0000	6	-1.0000	1.2771	0.1009	0.0990	1.0000	0.4204	0.1632	1.0000	0.3378	0.3410	-0.0032	0.9698
68.0000	78.0000	Respond Naturally	Raspberries	1.0000	5.0000	4.0000	4	1.0000	0.9901	0.1678	0.0828	1.0000	0.4024	0.2698	-1.0000	0.0810	0.1116	-0.0305	0.3449
68.0000	79.0000	Respond Naturally	IceCreamChocolate	4.0000	5.0000	1.0000	4	1.0000	0.6889	0.1177	0.3098	0.0000	0.1177	0.1642	1.0000	0.0690	0.0690	-0.0000	0.2528
68.0000	80.0000	Respond Naturally	Doritos	2.0000	6.0000	1.0000	2	1.0000	1.2602	0.1345	0.2516	2.0000	0.7562	0.3144	1.0000	0.3308	0.3452	-0.0144	1.0932
68.0000	81.0000	Focus on Health	RaisinBran	4.0000	4.0000	4.0000	7	1.0000	3.3924	0.1846	0.0000	4.0000	1.5286	0.4390	1.0000	0.6049	0.6049	-0.0000	1.7979
68.0000	82.0000	Focus on Health	Celery	4.0000	5.0000	4.0000	2	1.0000	0.6050	0.1175	0.2065	0.0000	0.1175	0.1630	1.0000	0.1452	0.1457	-0.0005	0.3870
68.0000	83.0000	Focus on Health	RomaineLettuce	3.0000	3.0000	6.0000	4	1.0000	0.5543	0.2856	0.6836	0.0000	0.2856	0.1825	1.0000	0.0219	0.0219	-0.0000	0.0563
68.0000	84.0000	Focus on Health	Mentos	1.0000	1.0000	1.0000	5	-1.0000	1.1419	0.3524	-0.6886	0.0000	0.3524	0.3049	-1.0000	0.4675	0.5031	-0.0357	1.3505
68.0000	85.0000	Focus on Health	GreenBeans	5.0000	2.0000	5.0000	2	1.0000	0.9072	0.4702	0.1922	0.0000	0.4702	0.2025	1.0000	0.2378	0.2378	-0.0000	0.4274
68.0000	86.0000	Focus on Health	EnglishCucumber	5.0000	5.0000	6.0000	5	1.0000	0.6891	0.2353	0.2640	0.0000	0.2353	0.3329	1.0000	0.1904	0.1904	-0.0000	0.3909
68.0000	87.0000	Focus on Health	PopTartStrawberry	2.0000	1.0000	1.0000	2	-1.0000	0.7394	0.1177	-0.3220	1.0000	0.3698	0.3370	1.0000	0.5522	0.5522	-0.0000	1.1384
68.0000	88.0000	Focus on Health	ClamJuice	1.0000	1.0000	4.0000	3	-1.0000	0.9238	0.2853	-0.1332	1.0000	0.4030	0.3324	1.0000	0.3711	0.3711	-0.0000	0.9035
68.0000	89.0000	Focus on Health	Pringles	5.0000	6.0000	1.0000	2	-1.0000	1.3598	0.2012	0.1822	2.0000	0.9231	0.3383	-1.0000	0.5491	0.5491	-0.0000	1.1280
68.0000	90.0000	Focus on Health	SevenGrain	1.0000	1.0000	5.0000	3	1.0000	1.4790	0.2352	-0.0362	3.0000	0.8907	0.2543	-1.0000	0.4456	0.4729	-0.0274	1.0521
68.0000	91.0000	Respond Naturally	SevenGrain	3.0000	4.0000	6.0000	1	1.0000	2.0834	0.2856	0.1617	3.0000	1.1427	0.4087	-1.0000	0.5724	0.5724	-0.0000	1.5474
68.0000	92.0000	Respond Naturally	VegetableThins	1.0000	1.0000	1.0000	5	-1.0000	0.9572	0.5205	-0.2125	0.0000	0.5205	0.3021	-1.0000	0.5849	0.5849	-0.0000	1.0532
68.0000	93.0000	Respond Naturally	Strawberries	4.0000	4.0000	4.0000	2	1.0000	0.9575	0.2017	0.1551	1.0000	0.4539	0.5726	-1.0000	0.4683	0.5056	-0.0373	1.3179
68.0000	94.0000	Respond Naturally	Snickers	5.0000	6.0000	1.0000	2	-1.0000	0.7731	0.2690	0.0434	0.0000	0.2690	0.1785	-1.0000	0.3368	0.3368	-0.0000	0.7417
68.0000	95.0000	Respond Naturally	ClifBar	6.0000	6.0000	3.0000	4	-1.0000	1.4113	0.1345	0.0988	2.0000	0.7729	0.4561	-1.0000	0.6600	0.6600	-0.0000	1.3366
68.0000	96.0000	Respond Naturally	Cheerios	5.0000	6.0000	4.0000	5	1.0000	2.1166	0.2184	0.0602	1.0000	1.2093	0.3276	-1.0000	0.8911	0.8911	-0.0000	1.7250
68.0000	97.0000	Respond Naturally	RiceKrispiesCereal	5.0000	3.0000	3.0000	3	-1.0000	1.5289	0.2017	-0.2149	3.0000	0.9745	0.3396	1.0000	0.7741	0.7741	-0.0000	1.2307
68.0000	98.0000	Respond Naturally	SlimStyles	1.0000	3.0000	6.0000	2	1.0000	0.7053	0.1678	0.2674	0.0000	0.1678	0.2266	1.0000	0.2555	0.2555	-0.0000	0.4905
68.0000	99.0000	Respond Naturally	CheeseNips	1.0000	1.0000	1.0000	2	-1.0000	1.1086	0.1846	-0.2634	1.0000	0.4367	0.3387	1.0000	0.3141	0.3202	-0.0061	0.9037
68.0000	100.0000	Respond Naturally	SunChips	3.0000	2.0000	1.0000	4	-1.0000	0.8734	0.3359	-0.0657	1.0000	0.4703	0.2819	1.0000	0.3776	0.3776	-0.0000	0.9432
68.0000	101.0000	Focus on Health	EnglishCucumber	4.0000	5.0000	5.0000	2	1.0000	1.0412	0.3690	0.1453	0.0000	0.3690	0.2788	1.0000	0.0501	0.0745	-0.0244	0.2144
68.0000	102.0000	Focus on Health	Starburst	5.0000	5.0000	1.0000	6	-1.0000	0.9408	0.1008	-0.2269	1.0000	0.3865	0.4305	1.0000	0.3710	0.3710	-0.0000	1.0823
68.0000	103.0000	Focus on Health	PCChipCookie	4.0000	4.0000	1.0000	5	-1.0000	0.6214	0.1342	-0.0257	0.0000	0.1342	0.2259	-1.0000	0.1868	0.1868	-0.0000	0.5224
68.0000	104.0000	Focus on Health	Pringles	5.0000	6.0000	1.0000	5	-1.0000	0.9245	0.1008	-0.5681	1.0000	0.2186	0.2985	1.0000	0.1415	0.1725	-0.0310	0.9304
68.0000	105.0000	Focus on Health	CheeseNips	1.0000	1.0000	1.0000	5	-1.0000	2.0323	0.2854	-0.1281	0.0000	0.2854	0.1863	-1.0000	0.2934	0.2968	-0.0034	0.5371
68.0000	106.0000	Focus on Health	Broccoli	2.0000	5.0000	5.0000	1	1.0000	1.2268	0.1009	0.0770	1.0000	0.4369	0.2554	-1.0000	0.5964	0.6127	-0.0164	1.3317
68.0000	107.0000	Focus on Health	Almonds	3.0000	3.0000	6.0000	4	1.0000	0.8063	0.2182	0.4570	0.0000	0.2182	0.3270	1.0000	0.0799	0.0799	-0.0000	0.3180
68.0000	108.0000	Focus on Health	PureFit	6.0000	6.0000	4.0000	4	1.0000	1.7809	0.2519	0.1110	4.0000	1.3441	0.3642	1.0000	0.2272	0.2759	-0.0487	0.9473
68.0000	109.0000	Focus on Health	SkimMilk	1.0000	1.0000	4.0000	1	1.0000	0.9238	0.1677	0.0712	0.0000	0.1677	0.1924	1.0000	0.1061	0.1061	-0.0000	0.3481
68.0000	110.0000	Focus on Health	AppleChips	5.0000	5.0000	4.0000	5	1.0000	1.2265	0.1008	0.0467	0.0000	0.1008	0.2658	1.0000	0.0685	0.0714	-0.0030	0.2364
68.0000	111.0000	Respond Naturally	Bananas	6.0000	5.0000	6.0000	2	1.0000	0.7897	0.3696	0.0938	0.0000	0.3696	0.4221	1.0000	0.1854	0.2571	-0.0716	0.5610
68.0000	112.0000	Respond Naturally	FrozenOkra	6.0000	5.0000	6.0000	5	1.0000	0.6050	0.2017	0.2379	0.0000	0.2017	0.2278	1.0000	0.2180	0.2181	-0.0000	0.4057
68.0000	113.0000	Respond Naturally	FrozenBlueberries	5.0000	5.0000	6.0000	3	1.0000	0.8737	0.2017	0.4125	0.0000	0.2017	0.3482	1.0000	0.1688	0.1688	-0.0000	0.5094
68.0000	114.0000	Respond Naturally	DriedApricots	6.0000	6.0000	4.0000	2	1.0000	0.7227	0.1346	0.3765	0.0000	0.1346	0.3371	1.0000	0.1794	0.1794	-0.0000	0.4144
68.0000	115.0000	Respond Naturally	SkittlesSour	6.0000	6.0000	1.0000	3	1.0000	1.2089	0.8392	0.4457	0.0000	0.8392	0.1378	1.0000	0.1481	0.1501	-0.0021	0.2166
68.0000	116.0000	Respond Naturally	NatureValleyChocolate	6.0000	6.0000	3.0000	4	1.0000	0.7724	0.1006	0.6250	0.0000	0.1006	0.1837	1.0000	-0.0740	0.0187	-0.0927	-0.2326
68.0000	117.0000	Respond Naturally	MnMPeanuts	5.0000	6.0000	1.0000	4	1.0000	0.9069	0.3861	0.3154	0.0000	0.3861	0.1158	1.0000	0.2809	0.2809	-0.0000	0.5202
68.0000	118.0000	Respond Naturally	SkimMilk	1.0000	1.0000	4.0000	4	-1.0000	2.0163	0.2353	-0.1403	2.0000	1.4449	0.2308	-1.0000	0.3515	0.3515	-0.0000	0.9997
68.0000	119.0000	Respond Naturally	GreenBeans	4.0000	5.0000	4.0000	4	1.0000	1.2432	0.2520	0.0724	1.0000	0.4704	0.2464	-1.0000	0.1828	0.1828	-0.0000	0.5937
68.0000	120.0000	Respond Naturally	Starburst	6.0000	5.0000	1.0000	3	1.0000	1.3615	0.1008	0.0276	1.0000	0.7565	0.4722	-1.0000	0.5589	0.6105	-0.0515	1.3093
68.0000	121.0000	Focus on Health	Asparagus	2.0000	4.0000	6.0000	6	1.0000	3.3074	0.3191	0.0000	0.0000	0.3191	0.2418	1.0000	0.0166	0.0220	-0.0054	0.2010
68.0000	122.0000	Focus on Health	FrozenPeaches	6.0000	4.0000	6.0000	2	1.0000	0.8737	0.1008	-0.0433	0.0000	0.1008	0.1568	1.0000	0.0833	0.0850	-0.0017	0.2475
68.0000	123.0000	Focus on Health	Tempeh	1.0000	1.0000	1.0000	4	-1.0000	1.0418	0.1344	0.0524	1.0000	0.5042	0.2786	1.0000	0.3936	0.3936	-0.0000	1.4899
68.0000	124.0000	Focus on Health	RitzCrackers	4.0000	4.0000	2.0000	5	-1.0000	0.6718	0.1678	0.2811	0.0000	0.1678	0.1138	-1.0000	0.1935	0.1935	-0.0000	0.5062
68.0000	125.0000	Focus on Health	FrootLoops	1.0000	3.0000	3.0000	2	-1.0000	0.7390	0.2349	0.1399	0.0000	0.2349	0.2454	-1.0000	0.4023	0.4023	-0.0000	0.7670
68.0000	126.0000	Focus on Health	SpeltCakes	4.0000	2.0000	3.0000	2	-1.0000	1.1924	0.2521	-0.1662	3.0000	0.8396	0.1928	1.0000	0.5169	0.5169	-0.0000	1.0920
68.0000	127.0000	Focus on Health	Almonds	2.0000	3.0000	4.0000	2	1.0000	2.2011	0.2016	0.0932	3.0000	1.2938	0.2467	-1.0000	0.3155	0.3189	-0.0034	0.9392
68.0000	128.0000	Focus on Health	AllBranCereal	1.0000	1.0000	1.0000	2	-1.0000	1.5962	0.2851	-0.1423	3.0000	1.0582	0.2622	1.0000	0.5881	0.5881	-0.0000	1.2464
68.0000	129.0000	Focus on Health	WaterChestnuts	1.0000	3.0000	4.0000	3	1.0000	0.8571	0.1007	-0.1944	0.0000	0.1007	0.1208	1.0000	0.2165	0.2209	-0.0043	0.4954
68.0000	130.0000	Focus on Health	Triscuit	1.0000	2.0000	3.0000	5	-1.0000	1.9151	0.3021	-0.0689	3.0000	1.2769	0.4025	1.0000	0.5399	0.5522	-0.0124	1.2325
68.0000	131.0000	Respond Naturally	VegetableThins	1.0000	1.0000	2.0000	2	-1.0000	1.0582	0.3020	-0.0959	1.0000	0.5541	0.2492	1.0000	0.5630	0.5630	-0.0000	1.0848
68.0000	132.0000	Respond Naturally	FrozenCorn	6.0000	4.0000	5.0000	2	1.0000	1.4617	0.3696	-0.1561	2.0000	0.9576	0.5738	1.0000	0.4812	0.4853	-0.0041	1.5631
68.0000	133.0000	Respond Naturally	OatmealSquares	2.0000	4.0000	5.0000	3	-1.0000	2.0653	0.1341	0.1114	1.0000	0.6211	0.2037	1.0000	0.3499	0.3499	-0.0000	1.2782
68.0000	134.0000	Respond Naturally	Butternut	4.0000	4.0000	4.0000	3	-1.0000	1.2431	0.6384	-0.0827	0.0000	0.6384	0.3713	-1.0000	0.5989	0.6191	-0.0203	1.2333
68.0000	135.0000	Respond Naturally	Prunes	4.0000	2.0000	4.0000	2	1.0000	1.3438	0.2184	0.0103	0.0000	0.2184	0.2298	1.0000	0.1671	0.1782	-0.0112	0.7722
68.0000	136.0000	Respond Naturally	Skittles	5.0000	6.0000	1.0000	6	1.0000	0.7395	0.1346	0.3050	0.0000	0.1346	0.1707	1.0000	0.1949	0.1951	-0.0002	0.4080
68.0000	137.0000	Respond Naturally	ProMax	5.0000	6.0000	3.0000	4	1.0000	2.0486	0.3530	0.2487	0.0000	0.3530	0.3261	1.0000	0.1226	0.1266	-0.0040	0.6153
68.0000	138.0000	Respond Naturally	GreenPepper	4.0000	4.0000	5.0000	6	-1.0000	3.2764	0.1512	-0.1017	4.0000	2.3019	0.5091	-1.0000	0.5885	0.6291	-0.0406	1.9539
68.0000	139.0000	Respond Naturally	BrusselsSprouts	3.0000	2.0000	6.0000	2	-1.0000	1.0584	0.1679	-0.3001	1.0000	0.5542	0.3547	1.0000	0.7358	0.7466	-0.0108	1.3783
68.0000	140.0000	Respond Naturally	SlimStyles	6.0000	6.0000	6.0000	6	1.0000	0.9243	0.2353	0.0891	1.0000	0.4875	0.5403	-1.0000	0.5001	0.5017	-0.0016	1.5289
68.0000	141.0000	Respond Naturally	Caramilk	4.0000	4.0000	1.0000	5	1.0000	1.0074	0.2514	0.0927	2.0000	0.5706	0.2020	1.0000	0.2316	0.2316	-0.0000	0.6299
68.0000	142.0000	Respond Naturally	FrozenPeas	2.0000	3.0000	4.0000	6	-1.0000	1.1595	0.3529	-0.2836	1.0000	0.5378	0.4707	1.0000	0.5629	0.5647	-0.0017	1.1528
68.0000	143.0000	Respond Naturally	Reese	6.0000	6.0000	6.0000	4	1.0000	0.7896	0.2355	0.0609	1.0000	0.3700	0.3016	-1.0000	0.3964	0.3964	-0.0000	0.7608
68.0000	144.0000	Respond Naturally	OikosYogurt	6.0000	6.0000	5.0000	6	1.0000	0.6538	0.1008	0.4799	0.0000	0.1008	0.1299	1.0000	0.1679	0.1679	-0.0000	0.3369
68.0000	145.0000	Respond Naturally	VanillaGreekYogurt	6.0000	6.0000	5.0000	2	1.0000	0.5037	0.1006	0.5849	0.0000	0.1006	0.2339	1.0000	0.0528	0.0528	-0.0000	0.1557
68.0000	146.0000	Respond Naturally	GreenApple	6.0000	6.0000	6.0000	4	1.0000	0.9413	0.2857	0.5047	0.0000	0.2857	0.2322	1.0000	0.0950	0.1198	-0.0248	0.3214
68.0000	147.0000	Respond Naturally	SpeltCakes	3.0000	4.0000	4.0000	5	1.0000	0.9235	0.2518	0.4768	0.0000	0.2518	0.3154	1.0000	0.0475	0.0475	-0.0000	0.2176
68.0000	148.0000	Respond Naturally	Beets	4.0000	5.0000	6.0000	5	1.0000	0.8911	0.2017	-0.2529	0.0000	0.2017	0.6165	1.0000	-0.1492	0.0879	-0.2371	-0.9174
68.0000	149.0000	Respond Naturally	BBQCrisps	1.0000	1.0000	1.0000	6	-1.0000	0.8908	0.1345	-0.5578	1.0000	0.3867	0.2331	1.0000	0.4301	0.4301	-0.0000	0.9744
68.0000	150.0000	Respond Naturally	Tuna	6.0000	6.0000	6.0000	2	1.0000	1.0749	0.2686	0.4805	0.0000	0.2686	0.1671	1.0000	0.0618	0.0654	-0.0036	0.2322
68.0000	151.0000	Focus on Health	Shreddies	1.0000	2.0000	4.0000	5	1.0000	1.5122	0.3526	0.0146	1.0000	0.8737	0.5621	-1.0000	0.7213	0.7213	-0.0000	1.4496
68.0000	152.0000	Focus on Health	Caramilk	4.0000	5.0000	1.0000	2	-1.0000	1.0250	0.1009	-0.1703	1.0000	0.5547	0.6161	1.0000	0.6570	0.6570	-0.0000	1.4816
68.0000	153.0000	Focus on Health	LaysClassic	5.0000	5.0000	1.0000	3	-1.0000	1.7975	0.2352	-0.0000	2.0000	0.7223	0.5041	-1.0000	0.3540	0.3938	-0.0398	1.5636
68.0000	154.0000	Focus on Health	CornFlakes	3.0000	2.0000	5.0000	3	-1.0000	2.5370	0.1009	0.1545	3.0000	1.9992	0.4624	1.0000	0.2898	0.4319	-0.1421	1.6158
68.0000	155.0000	Focus on Health	Reese	6.0000	6.0000	1.0000	1	-1.0000	2.1836	0.2353	-0.1772	1.0000	0.7224	0.6769	1.0000	1.1162	1.1573	-0.0411	2.0533
68.0000	156.0000	Focus on Health	Twizzlers	1.0000	1.0000	1.0000	2	-1.0000	0.9914	0.1512	-0.1738	1.0000	0.4368	0.3284	1.0000	0.7415	0.7415	-0.0000	1.4281
68.0000	157.0000	Focus on Health	MnMPlain	5.0000	6.0000	3.0000	5	-1.0000	1.1927	0.1177	-0.0019	1.0000	0.3866	0.4033	1.0000	0.3800	0.3800	-0.0000	0.9950
68.0000	158.0000	Focus on Health	AlmondMilk	1.0000	1.0000	6.0000	2	1.0000	1.2095	0.2355	-0.0839	1.0000	0.4200	0.2340	-1.0000	0.2914	0.2914	-0.0000	0.8252
68.0000	159.0000	Focus on Health	OatBran	2.0000	1.0000	5.0000	4	1.0000	1.8808	0.1005	0.1235	2.0000	0.6716	0.2214	1.0000	0.0865	0.1209	-0.0343	0.7113
68.0000	160.0000	Focus on Health	Raspberries	2.0000	6.0000	4.0000	5	1.0000	1.0080	0.1682	0.5694	0.0000	0.1682	0.1842	1.0000	0.0778	0.0778	-0.0000	0.2273
68.0000	161.0000	Focus on Health	Spinach	4.0000	4.0000	6.0000	2	1.0000	0.9741	0.2688	0.1271	0.0000	0.2688	0.2214	1.0000	0.2370	0.2370	-0.0000	0.7497
68.0000	162.0000	Focus on Health	YorkPeppermintPatties	4.0000	6.0000	1.0000	4	-1.0000	1.0751	0.2349	-0.2010	1.0000	0.5541	0.2520	1.0000	0.6262	0.6262	-0.0000	1.0872
68.0000	163.0000	Focus on Health	MangoChunks	6.0000	6.0000	6.0000	5	1.0000	0.6215	0.2688	0.1572	0.0000	0.2688	0.2050	1.0000	0.1823	0.1823	-0.0000	0.3985
68.0000	164.0000	Focus on Health	AllBranCereal	1.0000	1.0000	4.0000	6	-1.0000	0.8739	0.3531	-0.2913	0.0000	0.3531	0.2631	-1.0000	0.3883	0.4094	-0.0211	0.9281
68.0000	165.0000	Focus on Health	Onion	4.0000	3.0000	4.0000	2	1.0000	1.2602	0.3866	0.2660	1.0000	0.8067	0.3341	-1.0000	0.4464	0.4523	-0.0059	1.1293
68.0000	166.0000	Focus on Health	Tempeh	1.0000	1.0000	2.0000	2	-1.0000	1.0084	0.1007	-0.3931	1.0000	0.3864	0.3431	1.0000	0.5994	0.5994	-0.0000	1.5063
68.0000	167.0000	Focus on Health	IceCreamChocolate	2.0000	3.0000	3.0000	1	-1.0000	1.6805	0.3699	-0.2792	1.0000	0.7731	0.3026	1.0000	0.6678	0.6678	-0.0000	1.4243
68.0000	168.0000	Focus on Health	ClifBar	6.0000	6.0000	4.0000	2	-1.0000	1.4786	0.2689	-0.4658	2.0000	0.9577	0.3577	-1.0000	0.8522	0.8522	-0.0000	1.4247
68.0000	169.0000	Focus on Health	Orange	6.0000	6.0000	6.0000	5	1.0000	0.8904	0.3361	0.2094	0.0000	0.3361	0.1918	1.0000	0.1537	0.2039	-0.0502	0.4868
68.0000	170.0000	Focus on Health	TofuDessert	6.0000	6.0000	3.0000	2	-1.0000	2.1673	0.1007	-0.3927	3.0000	0.9911	0.5550	1.0000	0.6763	0.6768	-0.0005	1.7211
68.0000	171.0000	Respond Naturally	IceCreamVanilla	4.0000	6.0000	2.0000	4	1.0000	1.4269	0.1846	-0.1356	1.0000	0.3857	0.1936	-1.0000	0.2067	0.2178	-0.0111	0.6972
68.0000	172.0000	Respond Naturally	WaterChestnuts	1.0000	2.0000	5.0000	5	-1.0000	1.2426	0.2014	-0.3643	1.0000	0.5375	0.2899	1.0000	0.7516	0.7516	-0.0000	1.5050
68.0000	173.0000	Respond Naturally	Triscuit	2.0000	2.0000	3.0000	2	-1.0000	0.8735	0.2179	-0.1854	1.0000	0.4195	0.2454	1.0000	0.6134	0.6134	-0.0000	1.2392
68.0000	174.0000	Respond Naturally	BBQCrisps	1.0000	1.0000	2.0000	2	-1.0000	0.7894	0.1510	0.1156	1.0000	0.3695	0.2539	1.0000	0.3845	0.3845	-0.0000	0.8005
68.0000	175.0000	Respond Naturally	Aero	5.0000	5.0000	2.0000	1	1.0000	0.9744	0.1846	-0.0210	1.0000	0.4703	0.4742	-1.0000	0.3760	0.4773	-0.1013	1.3035
68.0000	176.0000	Respond Naturally	BabyFoodSweetPotatos	1.0000	1.0000	4.0000	5	-1.0000	0.7566	0.2520	-0.1371	1.0000	0.3697	0.2546	1.0000	0.4913	0.4913	-0.0000	0.9684
68.0000	177.0000	Respond Naturally	FrozenOkra	6.0000	4.0000	6.0000	2	1.0000	1.0422	0.1006	-0.7178	1.0000	0.3188	0.2050	-1.0000	0.2137	0.2137	-0.0000	0.7041
68.0000	178.0000	Respond Naturally	Butternut	3.0000	4.0000	6.0000	7	-1.0000	1.0085	0.3024	-0.2101	2.0000	0.6551	0.2363	1.0000	0.4390	0.4390	-0.0000	0.8660
68.0000	179.0000	Respond Naturally	DriedApricots	6.0000	6.0000	4.0000	5	1.0000	0.7060	0.1848	0.0133	0.0000	0.1848	0.1321	1.0000	0.1863	0.1863	-0.0000	0.3877
68.0000	180.0000	Respond Naturally	Smarties	4.0000	6.0000	1.0000	5	1.0000	0.8231	0.3025	0.4296	0.0000	0.3025	0.1517	1.0000	0.0882	0.0882	-0.0000	0.2193
68.0000	181.0000	Respond Naturally	Cheetos	5.0000	6.0000	1.0000	6	1.0000	1.1092	0.1679	0.3854	2.0000	0.6049	0.2268	1.0000	0.2201	0.2423	-0.0223	0.8475
68.0000	182.0000	Respond Naturally	Onion	3.0000	1.0000	1.0000	4	-1.0000	1.8651	0.2018	-0.3569	1.0000	0.5883	0.3505	1.0000	0.7796	0.7796	-0.0000	1.5823
68.0000	183.0000	Respond Naturally	Orange	6.0000	6.0000	6.0000	1	1.0000	0.9237	0.2348	0.2887	0.0000	0.2348	0.1975	1.0000	0.2223	0.2223	-0.0000	0.5825
68.0000	184.0000	Respond Naturally	Mars	4.0000	6.0000	1.0000	4	1.0000	0.6891	0.1849	0.5914	0.0000	0.1849	0.3037	1.0000	0.1524	0.1524	-0.0000	0.3086
68.0000	185.0000	Respond Naturally	CannedArtichoke	4.0000	3.0000	4.0000	2	-1.0000	0.8566	0.3692	-0.3803	0.0000	0.3692	0.2756	-1.0000	0.6169	0.6169	-0.0000	1.2456
68.0000	186.0000	Respond Naturally	WelchsFruitSnacks	6.0000	6.0000	1.0000	3	1.0000	0.7381	0.3019	0.3932	0.0000	0.3019	0.3920	1.0000	0.3416	0.3416	-0.0000	0.6471
68.0000	187.0000	Respond Naturally	BabyFoodSweetPotatos	1.0000	1.0000	1.0000	2	-1.0000	1.0072	0.2016	-0.3879	1.0000	0.4370	0.3027	1.0000	0.6423	0.6423	-0.0000	1.3234
68.0000	188.0000	Respond Naturally	Cheetos	4.0000	6.0000	2.0000	3	1.0000	0.7393	0.1343	-0.4134	0.0000	0.1343	0.1649	1.0000	0.2179	0.2184	-0.0005	0.4275
68.0000	189.0000	Respond Naturally	Nutella	6.0000	6.0000	1.0000	4	-1.0000	1.8649	0.2351	-0.6672	1.0000	0.7561	0.2204	1.0000	0.5379	0.5379	-0.0000	1.1546
68.0000	190.0000	Respond Naturally	Snickers	5.0000	5.0000	1.0000	3	-1.0000	1.6129	0.4032	-0.3557	1.0000	0.7729	0.2514	1.0000	0.6063	0.6174	-0.0111	1.2603
68.0000	191.0000	Focus on Health	SlicedTurkey	6.0000	6.0000	5.0000	5	1.0000	0.7553	0.2348	0.5201	0.0000	0.2348	0.4747	1.0000	0.2187	0.2187	-0.0000	0.4085
68.0000	192.0000	Focus on Health	TofuDessert	6.0000	6.0000	2.0000	4	-1.0000	1.4098	0.7381	-0.8831	0.0000	0.7381	0.3177	-1.0000	0.7577	0.7577	-0.0000	1.3409
68.0000	193.0000	Focus on Health	FrozenPeaches	6.0000	6.0000	6.0000	5	1.0000	0.6042	0.1007	0.4479	0.0000	0.1007	0.1420	1.0000	0.0580	0.0602	-0.0023	0.1443
68.0000	194.0000	Focus on Health	Broccoli	6.0000	5.0000	6.0000	4	1.0000	0.8734	0.1006	0.5329	0.0000	0.1006	0.1391	1.0000	0.1597	0.1597	-0.0000	0.2792
68.0000	195.0000	Focus on Health	Cheerios	5.0000	6.0000	4.0000	2	-1.0000	1.9492	0.1177	-0.3974	1.0000	1.1092	0.4224	1.0000	0.7372	0.7372	-0.0000	1.4251
68.0000	196.0000	Focus on Health	KashiBars	6.0000	2.0000	6.0000	1	1.0000	0.9746	0.5211	0.2627	0.0000	0.5211	0.2588	1.0000	0.1315	0.1315	-0.0000	0.4358
68.0000	197.0000	Focus on Health	MnMPeanuts	5.0000	6.0000	1.0000	2	-1.0000	0.9915	0.1009	-0.4602	1.0000	0.5043	0.4012	1.0000	0.7405	0.7405	-0.0000	1.6221
68.0000	198.0000	Focus on Health	CannedArtichoke	1.0000	3.0000	5.0000	5	1.0000	1.6294	0.1847	0.3367	2.0000	0.9571	0.2011	1.0000	0.4559	0.4559	-0.0000	0.7199
68.0000	199.0000	Focus on Health	Strawberries	2.0000	5.0000	5.0000	3	1.0000	0.7558	0.1006	0.1776	0.0000	0.1006	0.1452	1.0000	0.1215	0.1215	-0.0000	0.3014
68.0000	200.0000	Focus on Health	Celery	3.0000	4.0000	6.0000	4	1.0000	0.5710	0.1010	0.1153	0.0000	0.1010	0.1187	1.0000	0.1064	0.1064	-0.0000	0.2736
