Subject	Trial	Instruction	Food	Liking	Taste	Health	Amount	Choice	ChoiceRT	FirstDevTimeChoice	InitAngleChoice	NumChangeMindChoice	FinalDevTimeChoice	MaxVelocityChoice	DrxFirstDevChoice	TotalAUCChoice	AUCtoNonChosenChoice	AUCtoChosenChoice	MaxDevChoice
34.0000	1.0000	Focus on Health	ClifBar	2.0000	1.0000	1.0000	4	-1.0000	1.6969	0.7725	0.4283	1.0000	1.0079	0.3085	1.0000	0.5108	0.5108	-0.0000	1.4869
34.0000	2.0000	Focus on Health	Reese	6.0000	6.0000	1.0000	4	1.0000	2.5705	0.5875	-0.1003	4.0000	1.8984	0.3107	1.0000	0.4466	0.4468	-0.0002	1.5023
34.0000	3.0000	Focus on Health	SunChips	6.0000	5.0000	1.0000	2	1.0000	1.6131	0.7222	-0.3336	1.0000	0.9072	0.4283	-1.0000	0.4554	0.4767	-0.0213	1.0941
34.0000	4.0000	Focus on Health	RomaineLettuce	6.0000	6.0000	6.0000	4	1.0000	1.3784	0.5207	-0.1460	2.0000	0.7896	0.2028	1.0000	0.2149	0.2566	-0.0417	0.4968
34.0000	5.0000	Focus on Health	RufflesSourCreamOnion	6.0000	6.0000	6.0000	3	1.0000	1.2771	0.5545	-0.2803	0.0000	0.5545	0.2605	1.0000	0.0307	0.1063	-0.0755	-0.3939
34.0000	6.0000	Focus on Health	Avocado	6.0000	6.0000	5.0000	2	1.0000	1.5124	0.5208	-0.6907	2.0000	0.8569	0.3950	1.0000	0.3453	0.3574	-0.0121	1.2292
34.0000	7.0000	Focus on Health	Mars	2.0000	1.0000	1.0000	4	-1.0000	1.5799	0.6050	-0.8631	1.0000	0.8740	0.4165	1.0000	0.4547	0.4547	-0.0000	1.0252
34.0000	8.0000	Focus on Health	LaysClassic	4.0000	4.0000	1.0000	4	-1.0000	1.5133	0.3533	0.9557	2.0000	0.8578	0.3706	-1.0000	0.3734	0.3752	-0.0018	1.5337
34.0000	9.0000	Focus on Health	Skittles	6.0000	5.0000	1.0000	6	-1.0000	1.7140	0.8900	0.1552	1.0000	1.0246	0.2261	1.0000	0.2638	0.2945	-0.0307	0.7491
34.0000	10.0000	Focus on Health	SlicedTurkey	6.0000	5.0000	4.0000	5	-1.0000	1.5965	0.9405	0.7851	0.0000	0.9405	0.1514	-1.0000	0.0190	0.0191	-0.0000	0.0776
34.0000	11.0000	Respond Naturally	FrozenCorn	6.0000	6.0000	5.0000	2	1.0000	1.2932	0.7218	-0.4589	0.0000	0.7218	0.3996	1.0000	0.1739	0.2109	-0.0370	0.3652
34.0000	12.0000	Respond Naturally	DriedApricots	6.0000	5.0000	5.0000	5	1.0000	0.8737	0.1515	0.6869	0.0000	0.1515	0.1540	1.0000	-0.0900	0.0026	-0.0926	-0.2040
34.0000	13.0000	Respond Naturally	FrozenPeas	6.0000	3.0000	3.0000	2	1.0000	0.9416	0.1514	0.9458	0.0000	0.1514	0.3094	-1.0000	-0.1126	0.0000	-0.1126	-0.2351
34.0000	14.0000	Respond Naturally	FrozenPeas	6.0000	4.0000	5.0000	6	-1.0000	2.9237	0.3192	-0.2768	1.0000	0.6219	0.2095	1.0000	0.8590	0.8590	-0.0000	1.2256
34.0000	15.0000	Respond Naturally	Smartfood	6.0000	5.0000	6.0000	2	-1.0000	2.3192	0.5210	-0.3454	1.0000	1.0253	0.3101	1.0000	0.8207	0.8207	-0.0000	1.6017
34.0000	16.0000	Respond Naturally	Almonds	6.0000	6.0000	4.0000	4	1.0000	0.9077	0.3696	-0.2057	0.0000	0.3696	0.1741	1.0000	0.1507	0.1631	-0.0124	0.3493
34.0000	17.0000	Respond Naturally	Smartfood	6.0000	5.0000	4.0000	4	1.0000	0.9918	0.3866	-0.0328	0.0000	0.3866	0.1989	1.0000	0.1692	0.1692	-0.0000	0.3735
34.0000	18.0000	Respond Naturally	FrootLoops	1.0000	1.0000	1.0000	2	-1.0000	1.3780	0.7054	-0.7319	0.0000	0.7054	0.1873	-1.0000	0.2652	0.2729	-0.0077	0.5647
34.0000	19.0000	Respond Naturally	MnMPeanuts	5.0000	2.0000	1.0000	2	1.0000	1.6306	1.0595	-0.5639	0.0000	1.0595	0.3006	1.0000	0.7833	0.7833	-0.0000	1.2215
34.0000	20.0000	Respond Naturally	SevenGrain	1.0000	1.0000	1.0000	1	-1.0000	1.3110	0.6049	0.0042	1.0000	0.7899	0.3120	1.0000	0.2624	0.2717	-0.0093	0.7001
34.0000	21.0000	Respond Naturally	HoneyNutCheerios	6.0000	2.0000	1.0000	2	-1.0000	1.3786	0.3866	0.6549	1.0000	0.7902	0.3028	1.0000	0.4236	0.4236	-0.0000	1.7030
34.0000	22.0000	Respond Naturally	Tuna	1.0000	1.0000	1.0000	2	-1.0000	1.5624	0.2682	0.9344	2.0000	0.7219	0.4405	-1.0000	0.4666	0.5042	-0.0376	1.7535
34.0000	23.0000	Respond Naturally	FrozenBlueberries	6.0000	5.0000	4.0000	3	1.0000	3.6975	0.3865	-1.1504	2.0000	2.4369	0.2088	1.0000	0.2495	0.2964	-0.0469	1.2283
34.0000	24.0000	Respond Naturally	RitzCrackers	3.0000	3.0000	1.0000	2	-1.0000	1.0249	0.4030	0.0010	0.0000	0.4030	0.1732	-1.0000	0.0421	0.0960	-0.0539	-0.2104
34.0000	25.0000	Respond Naturally	Mackerel	1.0000	1.0000	1.0000	1	-1.0000	1.4792	0.5713	0.0636	1.0000	0.8067	0.2698	1.0000	0.3135	0.3245	-0.0110	0.7848
34.0000	26.0000	Respond Naturally	IceCreamChocolate	3.0000	4.0000	1.0000	4	-1.0000	1.2776	0.1513	0.4750	0.0000	0.1513	0.1279	-1.0000	-0.0160	0.0171	-0.0331	0.1452
34.0000	27.0000	Respond Naturally	BBQCrisps	3.0000	1.0000	1.0000	6	-1.0000	1.2272	0.4204	0.9180	1.0000	0.7735	0.3053	1.0000	-0.0377	0.0666	-0.1043	0.3033
34.0000	28.0000	Respond Naturally	RaisinBran	1.0000	1.0000	1.0000	7	-1.0000	0.9742	0.1511	0.7238	0.0000	0.1511	0.4793	-1.0000	0.0060	0.0061	-0.0001	0.0534
34.0000	29.0000	Respond Naturally	ClamJuice	1.0000	3.0000	1.0000	3	-1.0000	0.9923	0.1850	0.7741	0.0000	0.1850	0.1413	-1.0000	-0.0021	0.0028	-0.0049	-0.0268
34.0000	30.0000	Respond Naturally	CheeseNips	4.0000	1.0000	1.0000	5	-1.0000	0.8236	0.3023	0.3889	0.0000	0.3023	0.2649	-1.0000	0.1725	0.1953	-0.0228	0.5423
34.0000	31.0000	Focus on Health	Almonds	6.0000	6.0000	4.0000	2	1.0000	2.9749	0.5211	-0.3190	3.0000	2.3696	0.2413	-1.0000	0.4028	0.4220	-0.0193	1.3278
34.0000	32.0000	Focus on Health	OatmealSquares	1.0000	5.0000	1.0000	3	-1.0000	1.4125	0.5886	-0.9706	0.0000	0.5886	0.3977	-1.0000	0.6651	0.6651	-0.0000	1.2112
34.0000	33.0000	Focus on Health	BrusselsSprouts	6.0000	5.0000	3.0000	4	-1.0000	2.3369	0.5549	0.2657	3.0000	1.5972	0.3694	1.0000	0.4361	0.4540	-0.0179	1.6558
34.0000	34.0000	Focus on Health	AllBranCereal	2.0000	1.0000	1.0000	2	-1.0000	1.0418	0.6048	0.4987	0.0000	0.6048	0.1889	-1.0000	0.0876	0.0876	-0.0000	0.1443
34.0000	35.0000	Focus on Health	RiceKrispiesCereal	3.0000	1.0000	1.0000	3	-1.0000	1.6970	1.0245	0.9065	0.0000	1.0245	0.3769	1.0000	-0.2193	0.0000	-0.2193	-0.3423
34.0000	36.0000	Focus on Health	Nutella	3.0000	2.0000	3.0000	4	1.0000	1.7477	0.7392	-0.5720	0.0000	0.7392	0.1891	1.0000	0.1595	0.2121	-0.0527	0.4526
34.0000	37.0000	Focus on Health	SkittlesSour	5.0000	1.0000	1.0000	6	-1.0000	1.3109	0.2519	0.1238	1.0000	0.5209	0.3699	1.0000	0.4380	0.4474	-0.0094	1.4541
34.0000	38.0000	Focus on Health	Shreddies	1.0000	1.0000	3.0000	2	-1.0000	0.9246	0.4370	0.2024	0.0000	0.4370	0.1529	-1.0000	0.2207	0.2213	-0.0006	0.4339
34.0000	39.0000	Focus on Health	Reese	2.0000	3.0000	1.0000	1	-1.0000	0.8738	0.1514	0.6792	0.0000	0.1514	0.2845	-1.0000	0.0234	0.0235	-0.0000	0.0784
34.0000	40.0000	Focus on Health	RedPepper	5.0000	1.0000	6.0000	5	1.0000	1.5129	0.6723	-0.5554	0.0000	0.6723	0.2400	1.0000	0.5856	0.6035	-0.0179	1.2273
34.0000	41.0000	Respond Naturally	PopTartStrawberry	6.0000	5.0000	1.0000	5	1.0000	1.3951	0.5208	-1.1852	0.0000	0.5208	0.2617	1.0000	-0.0045	0.0845	-0.0889	-0.3221
34.0000	42.0000	Respond Naturally	Butternut	2.0000	6.0000	6.0000	3	1.0000	1.0079	0.3531	0.0920	0.0000	0.3531	0.1230	1.0000	0.1710	0.1710	-0.0000	0.3418
34.0000	43.0000	Respond Naturally	Cheetos	6.0000	5.0000	1.0000	3	1.0000	0.9750	0.3193	-0.0403	0.0000	0.3193	0.2216	1.0000	0.0312	0.0828	-0.0516	-0.2108
34.0000	44.0000	Respond Naturally	MnMPlain	6.0000	3.0000	1.0000	3	1.0000	1.0258	0.1514	0.2312	0.0000	0.1514	0.2315	1.0000	0.1666	0.1666	-0.0000	0.3773
34.0000	45.0000	Respond Naturally	Snickers	2.0000	1.0000	1.0000	2	-1.0000	1.1093	0.6050	-0.0402	0.0000	0.6050	0.3193	-1.0000	0.6752	0.6752	-0.0000	1.3070
34.0000	46.0000	Respond Naturally	EnglishCucumber	3.0000	6.0000	6.0000	5	1.0000	1.2102	0.4370	-0.8305	1.0000	0.6052	0.2524	-1.0000	0.3916	0.3916	-0.0000	1.0004
34.0000	47.0000	Respond Naturally	Cauliflower	1.0000	2.0000	3.0000	2	-1.0000	1.4622	0.7898	0.5842	1.0000	1.0086	0.2747	1.0000	0.2793	0.2793	-0.0000	1.2399
34.0000	48.0000	Respond Naturally	Orange	2.0000	6.0000	6.0000	1	1.0000	1.0592	0.5379	-0.5720	0.0000	0.5379	0.2323	1.0000	0.5389	0.5389	-0.0000	1.0062
34.0000	49.0000	Respond Naturally	WelchsFruitSnacks	6.0000	1.0000	5.0000	1	1.0000	0.9248	0.1513	0.1846	0.0000	0.1513	0.1565	1.0000	0.2564	0.2564	-0.0000	0.7606
34.0000	50.0000	Respond Naturally	IceCreamVanilla	4.0000	4.0000	1.0000	4	-1.0000	1.0592	0.5380	-0.6754	0.0000	0.5380	0.2931	-1.0000	0.6517	0.6517	-0.0000	1.1978
34.0000	51.0000	Focus on Health	DriedHerring	1.0000	1.0000	1.0000	3	-1.0000	1.2942	0.2855	0.2429	1.0000	0.6554	0.2860	1.0000	0.5970	0.5970	-0.0000	1.4898
34.0000	52.0000	Focus on Health	Celery	4.0000	3.0000	6.0000	4	1.0000	1.2605	0.2519	-0.2216	1.0000	0.5882	0.2667	-1.0000	0.4262	0.4262	-0.0000	1.2446
34.0000	53.0000	Focus on Health	MnMPeanuts	5.0000	4.0000	1.0000	4	-1.0000	1.5130	0.7396	-0.2754	1.0000	0.9246	0.2573	1.0000	0.5968	0.5968	-0.0000	1.3141
34.0000	54.0000	Focus on Health	EnglishCucumber	1.0000	5.0000	6.0000	2	1.0000	0.8574	0.2185	-0.3228	0.0000	0.2185	0.3107	1.0000	0.4943	0.4943	-0.0000	1.1508
34.0000	55.0000	Focus on Health	ClamJuice	1.0000	1.0000	1.0000	1	-1.0000	1.2776	0.5209	-0.0586	2.0000	0.9581	0.4157	-1.0000	0.2343	0.2690	-0.0347	0.6183
34.0000	56.0000	Focus on Health	RedPepper	1.0000	6.0000	6.0000	2	1.0000	1.0926	0.2857	-0.3322	0.0000	0.2857	0.2886	1.0000	-0.0504	0.0623	-0.1126	-0.3934
34.0000	57.0000	Focus on Health	KashiBars	4.0000	1.0000	1.0000	4	-1.0000	1.2100	0.1679	-0.1812	1.0000	0.5714	0.3506	1.0000	0.5571	0.5571	-0.0000	1.1551
34.0000	58.0000	Focus on Health	VegetableThins	1.0000	6.0000	1.0000	2	-1.0000	1.6138	0.2518	0.0991	1.0000	0.5042	0.2361	1.0000	0.6450	0.6450	-0.0000	1.4340
34.0000	59.0000	Focus on Health	Orange	6.0000	6.0000	6.0000	5	1.0000	0.9414	0.2521	-0.2747	0.0000	0.2521	0.2657	1.0000	-0.0868	0.0731	-0.1600	-0.4623
34.0000	60.0000	Focus on Health	RufflesSourCreamOnion	6.0000	6.0000	1.0000	5	-1.0000	0.9584	0.2523	0.5835	1.0000	0.4541	0.2265	1.0000	0.2074	0.2074	-0.0000	0.7310
34.0000	61.0000	Focus on Health	AppleChips	6.0000	6.0000	3.0000	2	1.0000	1.2267	0.2690	-0.3474	0.0000	0.2690	0.1982	1.0000	0.1635	0.1636	-0.0001	0.3480
34.0000	62.0000	Focus on Health	PCChipCookie	6.0000	2.0000	1.0000	2	-1.0000	1.2944	0.3194	0.1670	1.0000	0.5380	0.4526	1.0000	0.5845	0.5845	-0.0000	1.7077
34.0000	63.0000	Focus on Health	Shreddies	2.0000	1.0000	1.0000	5	-1.0000	0.7565	0.1513	1.2084	0.0000	0.1513	0.2387	-1.0000	-0.1776	0.0000	-0.1776	-0.3101
34.0000	64.0000	Focus on Health	GreenGrapes	6.0000	5.0000	6.0000	4	1.0000	1.2098	0.7561	-0.1978	0.0000	0.7561	0.2893	1.0000	0.6583	0.6583	-0.0000	1.2190
34.0000	65.0000	Focus on Health	YorkPeppermintPatties	5.0000	6.0000	4.0000	2	1.0000	1.3284	0.5214	-0.5432	0.0000	0.5214	0.1137	1.0000	0.3669	0.3815	-0.0146	0.8483
34.0000	66.0000	Focus on Health	RomaineLettuce	6.0000	6.0000	6.0000	2	1.0000	0.9408	0.2185	-0.2528	0.0000	0.2185	0.2097	1.0000	0.0405	0.0984	-0.0578	0.3338
34.0000	67.0000	Focus on Health	ProMax	1.0000	1.0000	1.0000	4	-1.0000	1.1939	0.4037	-0.4533	0.0000	0.4037	0.3192	-1.0000	0.3360	0.3562	-0.0202	0.9694
34.0000	68.0000	Focus on Health	FrozenPeaches	6.0000	5.0000	6.0000	5	1.0000	1.0589	0.1849	-0.6350	1.0000	0.5548	0.2604	-1.0000	0.2525	0.2533	-0.0008	0.8431
34.0000	69.0000	Focus on Health	ClifBar	1.0000	1.0000	1.0000	2	-1.0000	1.1088	0.2517	0.1325	1.0000	0.5037	0.3693	1.0000	0.4452	0.4452	-0.0000	1.2402
34.0000	70.0000	Focus on Health	OatmealSquares	1.0000	1.0000	1.0000	7	-1.0000	1.2448	0.2691	0.5344	1.0000	0.5552	0.2497	1.0000	0.2507	0.2637	-0.0130	1.0902
34.0000	71.0000	Respond Naturally	CannedArtichoke	4.0000	3.0000	4.0000	5	-1.0000	1.3786	0.3189	-0.0000	1.0000	0.5879	0.3578	1.0000	0.3855	0.3857	-0.0002	1.2613
34.0000	72.0000	Respond Naturally	CoffeeCrisp	6.0000	6.0000	1.0000	3	1.0000	1.3115	0.3868	-0.4240	2.0000	0.7399	0.2819	1.0000	0.3372	0.3633	-0.0261	0.9303
34.0000	73.0000	Respond Naturally	FrozenBroccoli	6.0000	5.0000	5.0000	6	1.0000	2.0502	0.2856	-0.7543	2.0000	0.6555	0.3230	1.0000	0.1647	0.1970	-0.0322	1.1037
34.0000	74.0000	Respond Naturally	Spinach	6.0000	6.0000	6.0000	4	1.0000	1.3439	0.3690	-0.3224	1.0000	0.6885	0.3040	-1.0000	0.4982	0.5116	-0.0134	1.4912
34.0000	75.0000	Respond Naturally	MangoChunks	6.0000	5.0000	6.0000	5	1.0000	1.1263	0.3360	-0.1544	0.0000	0.3360	0.1186	1.0000	0.1372	0.1500	-0.0128	0.3484
34.0000	76.0000	Respond Naturally	AlmondMilk	6.0000	4.0000	4.0000	4	1.0000	1.0088	0.2020	0.2434	0.0000	0.2020	0.1581	1.0000	0.0386	0.0688	-0.0301	0.2436
34.0000	77.0000	Respond Naturally	RitzCrackers	3.0000	1.0000	1.0000	5	-1.0000	1.1267	0.4877	-0.2548	0.0000	0.4877	0.2524	-1.0000	0.3713	0.3713	-0.0000	0.8021
34.0000	78.0000	Respond Naturally	PCChipCookie	6.0000	5.0000	1.0000	5	1.0000	2.4203	0.4370	0.8933	2.0000	1.2777	0.1959	1.0000	-0.0288	0.0751	-0.1040	-0.5896
34.0000	79.0000	Respond Naturally	VanillaGreekYogurt	6.0000	6.0000	6.0000	4	1.0000	1.0252	0.4368	-0.1387	0.0000	0.4368	0.1912	1.0000	0.0949	0.1072	-0.0123	0.1946
34.0000	80.0000	Respond Naturally	DriedHerring	1.0000	1.0000	1.0000	1	-1.0000	1.4965	0.2186	0.0254	1.0000	0.6726	0.1870	1.0000	0.1472	0.1587	-0.0115	0.4694
34.0000	81.0000	Respond Naturally	WelchsFruitSnacks	5.0000	6.0000	4.0000	3	1.0000	1.5301	0.2018	-0.3576	0.0000	0.2018	0.4447	1.0000	0.2855	0.3129	-0.0274	1.5254
34.0000	82.0000	Respond Naturally	FrozenOkra	4.0000	1.0000	1.0000	5	-1.0000	1.2950	0.2693	-0.7252	0.0000	0.2693	0.2849	-1.0000	0.7742	0.7833	-0.0091	1.5539
34.0000	83.0000	Respond Naturally	GreenApple	6.0000	5.0000	6.0000	4	-1.0000	1.8828	0.2857	0.3923	1.0000	0.6052	0.4069	1.0000	0.5467	0.6008	-0.0542	1.9238
34.0000	84.0000	Respond Naturally	Pringles	2.0000	3.0000	1.0000	5	-1.0000	1.6628	0.2852	0.0007	1.0000	0.5370	0.3979	1.0000	0.6700	0.6700	-0.0000	1.3366
34.0000	85.0000	Respond Naturally	FrozenCorn	2.0000	5.0000	5.0000	4	1.0000	1.0760	0.2689	-0.0933	0.0000	0.2689	0.0933	1.0000	0.0234	0.0411	-0.0177	0.1815
34.0000	86.0000	Respond Naturally	Tempeh	1.0000	1.0000	1.0000	2	-1.0000	1.7147	0.5041	-0.0000	1.0000	0.7228	0.2474	1.0000	0.1885	0.2140	-0.0256	1.2501
34.0000	87.0000	Respond Naturally	Tuna	1.0000	1.0000	4.0000	4	-1.0000	1.4124	0.3533	0.2689	1.0000	0.6559	0.3760	1.0000	0.5930	0.5931	-0.0001	1.8841
34.0000	88.0000	Respond Naturally	Bananas	1.0000	3.0000	4.0000	2	1.0000	1.0926	0.5209	-0.3541	0.0000	0.5209	0.2292	1.0000	0.1960	0.2482	-0.0522	0.6769
34.0000	89.0000	Respond Naturally	SpeltCakes	3.0000	1.0000	1.0000	5	-1.0000	1.1261	0.4202	-0.0689	1.0000	0.6051	0.3888	1.0000	0.0992	0.1029	-0.0036	0.2950
34.0000	90.0000	Respond Naturally	WaterChestnuts	4.0000	3.0000	4.0000	5	-1.0000	1.2773	0.6888	-0.0000	0.0000	0.6888	0.2436	-1.0000	0.0355	0.0558	-0.0203	0.0996
34.0000	91.0000	Focus on Health	GreenBeans	5.0000	1.0000	6.0000	2	-1.0000	2.2018	0.8901	0.0365	3.0000	1.9833	0.2123	1.0000	0.2607	0.2682	-0.0075	1.4406
34.0000	92.0000	Focus on Health	NatureValleyChocolate	1.0000	1.0000	1.0000	1	-1.0000	1.4625	0.2352	0.1700	1.0000	0.4876	0.4553	1.0000	0.6731	0.6732	-0.0000	1.5889
34.0000	93.0000	Focus on Health	Prunes	4.0000	6.0000	6.0000	5	1.0000	1.4621	0.3187	-0.0740	2.0000	0.8568	0.2971	1.0000	0.1245	0.1740	-0.0495	0.7365
34.0000	94.0000	Focus on Health	Beets	3.0000	6.0000	6.0000	5	1.0000	0.9415	0.1514	0.3941	0.0000	0.1514	0.1439	1.0000	-0.0650	0.0159	-0.0808	-0.3427
34.0000	95.0000	Focus on Health	AllBranBar	1.0000	1.0000	4.0000	3	1.0000	1.4628	0.4705	0.2394	1.0000	0.7227	0.2929	-1.0000	0.5791	0.5793	-0.0002	1.5988
34.0000	96.0000	Focus on Health	RiceKrispiesCereal	1.0000	3.0000	1.0000	7	-1.0000	1.7489	0.3364	-0.0682	1.0000	0.7063	0.2032	1.0000	0.1381	0.1740	-0.0359	0.8052
34.0000	97.0000	Focus on Health	Butternut	2.0000	6.0000	4.0000	7	1.0000	2.2519	0.4537	-0.4900	0.0000	0.4537	0.1415	1.0000	0.0015	0.0179	-0.0165	0.1822
34.0000	98.0000	Focus on Health	RaisinBran	4.0000	1.0000	3.0000	3	-1.0000	1.4957	0.5708	0.2584	0.0000	0.5708	0.1947	-1.0000	-0.0132	0.0178	-0.0310	-0.1450
34.0000	99.0000	Focus on Health	FrozenOkra	6.0000	5.0000	5.0000	2	-1.0000	1.3958	0.4205	0.4214	1.0000	0.6559	0.3306	1.0000	0.2031	0.2115	-0.0083	1.1674
34.0000	100.0000	Focus on Health	CoffeeCrisp	6.0000	5.0000	1.0000	1	-1.0000	1.8318	0.5882	0.2232	0.0000	0.5882	0.2364	-1.0000	0.1701	0.1729	-0.0028	0.4534
34.0000	101.0000	Focus on Health	PureFit	1.0000	1.0000	1.0000	4	-1.0000	1.7985	0.3695	0.3788	1.0000	0.8067	0.2039	1.0000	0.2030	0.2030	-0.0000	1.0492
34.0000	102.0000	Focus on Health	GreenPepper	6.0000	1.0000	4.0000	6	1.0000	1.1094	0.3527	-0.3351	0.0000	0.3527	0.1442	1.0000	0.1362	0.2007	-0.0645	0.4971
34.0000	103.0000	Focus on Health	MangoChunks	6.0000	5.0000	6.0000	2	1.0000	1.2602	0.2520	-0.1236	0.0000	0.2520	0.2506	1.0000	0.0370	0.0485	-0.0115	0.1883
34.0000	104.0000	Focus on Health	AllBranBar	1.0000	1.0000	1.0000	1	-1.0000	1.2445	0.2354	0.0119	1.0000	0.4539	0.3848	1.0000	0.4004	0.4004	-0.0000	1.5482
34.0000	105.0000	Focus on Health	Triscuit	6.0000	2.0000	1.0000	5	-1.0000	1.8834	0.3361	0.4549	1.0000	1.2612	0.3401	1.0000	0.7533	0.7533	-0.0000	1.4918
34.0000	106.0000	Focus on Health	SkimMilk	5.0000	5.0000	4.0000	4	1.0000	1.0597	0.2354	-0.0714	0.0000	0.2354	0.2948	1.0000	-0.0161	0.0501	-0.0662	-0.2589
34.0000	107.0000	Focus on Health	IceCreamVanilla	4.0000	5.0000	1.0000	1	-1.0000	1.3448	0.2688	0.1717	1.0000	0.4874	0.3490	1.0000	0.2242	0.2757	-0.0516	1.1778
34.0000	108.0000	Focus on Health	Smarties	5.0000	5.0000	1.0000	2	-1.0000	1.1604	0.2354	-0.2003	1.0000	0.4204	0.4537	1.0000	0.5040	0.5040	-0.0000	1.5151
34.0000	109.0000	Focus on Health	Strawberries	4.0000	5.0000	5.0000	3	1.0000	1.3615	0.5541	-0.2550	0.0000	0.5541	0.2252	1.0000	0.2936	0.3071	-0.0135	0.8394
34.0000	110.0000	Focus on Health	Starburst	6.0000	6.0000	1.0000	6	-1.0000	1.1603	0.1513	-0.0079	1.0000	0.4877	0.3133	1.0000	0.2221	0.2266	-0.0045	0.8760
34.0000	111.0000	Respond Naturally	Celery	5.0000	6.0000	2.0000	2	1.0000	1.1259	0.4368	0.6416	0.0000	0.4368	0.4857	1.0000	-0.0005	0.0142	-0.0147	0.1228
34.0000	112.0000	Respond Naturally	Starburst	6.0000	6.0000	1.0000	3	1.0000	2.1016	0.4370	1.3118	1.0000	0.8743	0.1970	-1.0000	0.5906	0.5993	-0.0087	1.6753
34.0000	113.0000	Respond Naturally	FrozenPeaches	6.0000	5.0000	6.0000	2	1.0000	1.0423	0.5212	1.0211	0.0000	0.5212	0.2334	-1.0000	-0.1320	0.0000	-0.1320	-0.3671
34.0000	114.0000	Respond Naturally	Mentos	4.0000	3.0000	1.0000	5	-1.0000	5.2253	0.2524	-0.9396	0.0000	0.2524	0.3143	-1.0000	0.2153	0.2178	-0.0025	1.3534
34.0000	115.0000	Respond Naturally	BabyFoodCarrots	6.0000	2.0000	4.0000	5	-1.0000	2.2362	0.1515	-0.0805	1.0000	0.4374	0.3265	1.0000	0.5951	0.6009	-0.0059	1.8341
34.0000	116.0000	Respond Naturally	HoneyNutCheerios	4.0000	1.0000	1.0000	5	-1.0000	1.2440	0.3865	-0.0279	1.0000	0.6891	0.2277	1.0000	0.2945	0.2999	-0.0053	1.0050
34.0000	117.0000	Respond Naturally	Twizzlers	2.0000	1.0000	1.0000	2	-1.0000	1.4122	0.3698	1.0359	1.0000	0.7732	0.4221	1.0000	0.3673	0.3836	-0.0163	1.3130
34.0000	118.0000	Respond Naturally	MnMPlain	5.0000	5.0000	1.0000	5	1.0000	1.8653	0.5039	-0.4463	1.0000	0.9577	0.2948	-1.0000	0.6866	0.6867	-0.0001	1.5531
34.0000	119.0000	Respond Naturally	BrusselsSprouts	3.0000	1.0000	2.0000	2	-1.0000	1.2775	0.4036	0.7032	1.0000	0.6558	0.2647	1.0000	0.0579	0.0713	-0.0134	0.4322
34.0000	120.0000	Respond Naturally	Smarties	5.0000	6.0000	1.0000	5	-1.0000	1.1432	0.2521	0.0811	1.0000	0.4539	0.3286	1.0000	0.4808	0.4808	-0.0000	1.7292
34.0000	121.0000	Respond Naturally	SkimMilk	5.0000	1.0000	6.0000	1	1.0000	4.8228	0.2689	-0.7253	4.0000	2.6896	0.4234	1.0000	-0.0502	0.0443	-0.0945	-0.5887
34.0000	122.0000	Respond Naturally	AlmondMilk	3.0000	3.0000	5.0000	2	1.0000	1.3449	0.1512	0.1445	0.0000	0.1512	0.1379	1.0000	-0.0314	0.0495	-0.0808	-0.3480
34.0000	123.0000	Respond Naturally	SunChips	2.0000	5.0000	3.0000	4	1.0000	0.7901	0.1679	0.2379	0.0000	0.1679	0.2062	1.0000	0.0558	0.0803	-0.0245	0.2410
34.0000	124.0000	Respond Naturally	Caramilk	3.0000	5.0000	1.0000	2	1.0000	0.8909	0.1510	0.4458	0.0000	0.1510	0.1579	1.0000	-0.2031	0.0035	-0.2066	-0.4554
34.0000	125.0000	Respond Naturally	NatureValleyChocolate	2.0000	1.0000	1.0000	4	-1.0000	1.0427	0.4878	-0.2572	0.0000	0.4878	0.3128	-1.0000	0.1219	0.1475	-0.0256	0.4680
34.0000	126.0000	Respond Naturally	PopTartStrawberry	6.0000	2.0000	1.0000	2	-1.0000	2.0001	0.6553	0.6943	1.0000	0.8740	0.4246	1.0000	0.5205	0.5429	-0.0225	1.4736
34.0000	127.0000	Respond Naturally	VegetableThins	2.0000	5.0000	2.0000	5	-1.0000	1.3280	0.3357	0.3432	0.0000	0.3357	0.1930	-1.0000	-0.0728	0.0046	-0.0774	-0.2738
34.0000	128.0000	Respond Naturally	Strawberries	3.0000	6.0000	1.0000	2	1.0000	2.9927	0.8068	NA	1.0000	1.0927	0.2495	-1.0000	0.4366	0.4624	-0.0258	1.5406
34.0000	129.0000	Respond Naturally	Doritos	6.0000	6.0000	1.0000	2	1.0000	1.3445	0.3694	-0.2002	1.0000	0.6216	0.2874	-1.0000	0.5568	0.5728	-0.0159	1.5715
34.0000	130.0000	Respond Naturally	CornFlakes	1.0000	1.0000	1.0000	6	-1.0000	1.3444	0.5710	0.0401	0.0000	0.5710	0.2459	-1.0000	-0.0251	0.0329	-0.0580	-0.2679
34.0000	131.0000	Focus on Health	Onion	1.0000	1.0000	1.0000	4	-1.0000	1.4451	0.7895	-0.0000	0.0000	0.7895	0.2782	-1.0000	0.0804	0.0804	-0.0000	0.2991
34.0000	132.0000	Focus on Health	SlicedTurkey	4.0000	5.0000	1.0000	2	-1.0000	1.2607	0.5042	0.5257	0.0000	0.5042	0.1872	-1.0000	-0.0371	0.0128	-0.0499	-0.1782
34.0000	133.0000	Focus on Health	Raspberries	2.0000	5.0000	2.0000	5	1.0000	1.6471	0.6887	-0.1794	1.0000	0.8736	0.6653	-1.0000	0.4421	0.4788	-0.0367	1.6176
34.0000	134.0000	Focus on Health	Aero	3.0000	5.0000	1.0000	1	1.0000	1.3118	0.1513	0.5397	0.0000	0.1513	0.1406	1.0000	-0.1597	0.0016	-0.1613	-0.3961
34.0000	135.0000	Focus on Health	TofuDessert	1.0000	1.0000	1.0000	4	-1.0000	1.4964	0.2689	-1.3896	1.0000	0.6725	0.3160	1.0000	0.1396	0.1482	-0.0086	0.5871
34.0000	136.0000	Focus on Health	AppleChips	6.0000	1.0000	6.0000	5	1.0000	1.3779	0.4872	-0.4894	0.0000	0.4872	0.1948	1.0000	-0.0185	0.0439	-0.0624	-0.3181
34.0000	137.0000	Focus on Health	BabyFoodSweetPotatos	1.0000	6.0000	1.0000	2	-1.0000	4.3538	2.0508	-0.2365	2.0000	2.9083	0.3200	-1.0000	0.3831	0.3912	-0.0081	1.2052
34.0000	138.0000	Focus on Health	Broccoli	6.0000	3.0000	6.0000	1	1.0000	1.7655	0.7399	-0.3296	0.0000	0.7399	0.3051	1.0000	0.1416	0.1776	-0.0360	0.7122
34.0000	139.0000	Focus on Health	Nutella	2.0000	3.0000	1.0000	1	1.0000	1.0258	0.1851	0.8745	0.0000	0.1851	0.1601	1.0000	-0.1261	0.0000	-0.1261	-0.4287
34.0000	140.0000	Focus on Health	ProMax	1.0000	1.0000	1.0000	2	-1.0000	0.9749	0.5041	-0.0000	0.0000	0.5041	0.2650	-1.0000	0.0182	0.0304	-0.0122	-0.0711
34.0000	141.0000	Focus on Health	FrootLoops	1.0000	1.0000	1.0000	6	-1.0000	1.2610	0.4035	0.2516	1.0000	0.6389	0.4090	1.0000	0.4724	0.4724	-0.0000	1.4908
34.0000	142.0000	Focus on Health	Prunes	5.0000	6.0000	6.0000	2	1.0000	2.1344	0.2015	-0.7169	2.0000	0.6891	0.3696	1.0000	0.1871	0.2123	-0.0253	0.9568
34.0000	143.0000	Focus on Health	OatBran	1.0000	2.0000	1.0000	2	-1.0000	1.2444	0.1513	-0.1276	1.0000	0.5046	0.3156	1.0000	0.2359	0.2577	-0.0218	0.8938
34.0000	144.0000	Focus on Health	SlimStyles	1.0000	1.0000	1.0000	6	-1.0000	1.4124	0.2521	0.3619	1.0000	0.6894	0.2363	1.0000	0.1632	0.1911	-0.0279	0.7516
34.0000	145.0000	Focus on Health	SlimStyles	1.0000	1.0000	1.0000	2	-1.0000	1.3448	0.3697	0.5608	1.0000	0.5883	0.3187	1.0000	0.2827	0.2827	-0.0000	1.4157
34.0000	146.0000	Focus on Health	FrozenBroccoli	1.0000	6.0000	6.0000	2	-1.0000	1.0589	0.4369	0.4865	0.0000	0.4369	0.2891	-1.0000	-0.0258	0.0327	-0.0585	-0.2110
34.0000	147.0000	Focus on Health	Spinach	2.0000	6.0000	5.0000	2	1.0000	1.0758	0.3024	-0.6149	0.0000	0.3024	0.2208	1.0000	0.0007	0.0433	-0.0426	-0.2640
34.0000	148.0000	Focus on Health	IceCreamChocolate	1.0000	5.0000	1.0000	1	-1.0000	1.1600	0.3866	0.1605	1.0000	0.6220	0.2313	1.0000	0.1251	0.1271	-0.0020	0.6387
34.0000	149.0000	Focus on Health	OikosYogurt	1.0000	6.0000	6.0000	6	1.0000	1.3118	0.3027	-0.0177	2.0000	0.7569	0.3302	1.0000	0.1515	0.2100	-0.0584	1.1505
34.0000	150.0000	Focus on Health	WaterChestnuts	2.0000	1.0000	4.0000	3	-1.0000	1.4120	0.1845	-0.0135	1.0000	0.8068	0.2943	1.0000	0.5155	0.5155	-0.0000	1.3397
34.0000	151.0000	Respond Naturally	Broccoli	4.0000	5.0000	5.0000	4	1.0000	1.0589	0.3698	-0.4250	0.0000	0.3698	0.2667	1.0000	0.5174	0.5174	-0.0000	1.0409
34.0000	152.0000	Respond Naturally	SevenGrain	1.0000	1.0000	4.0000	3	-1.0000	1.0421	0.3865	0.5516	1.0000	0.5546	0.2532	1.0000	0.1528	0.1528	-0.0000	0.6275
34.0000	153.0000	Respond Naturally	OikosYogurt	6.0000	6.0000	6.0000	3	1.0000	1.2104	0.4537	-0.4461	1.0000	0.6219	0.2419	-1.0000	0.2313	0.2313	-0.0000	0.8250
34.0000	154.0000	Respond Naturally	BabyFoodCarrots	1.0000	3.0000	4.0000	3	1.0000	2.0854	0.4038	-0.6791	2.0000	1.2784	0.2217	1.0000	0.5319	0.5322	-0.0003	1.2695
34.0000	155.0000	Respond Naturally	GreenBeans	1.0000	1.0000	5.0000	4	-1.0000	1.2437	0.5208	0.3739	0.0000	0.5208	0.3547	-1.0000	0.0274	0.0502	-0.0227	-0.1837
34.0000	156.0000	Respond Naturally	GreenApple	1.0000	6.0000	6.0000	2	1.0000	1.0259	0.2691	-0.0366	0.0000	0.2691	0.1974	1.0000	0.0417	0.0973	-0.0555	0.3041
34.0000	157.0000	Respond Naturally	CornFlakes	1.0000	1.0000	1.0000	3	-1.0000	1.1429	0.5546	-0.0000	0.0000	0.5546	0.2938	-1.0000	0.0954	0.0954	-0.0000	0.2157
34.0000	158.0000	Respond Naturally	Triscuit	1.0000	1.0000	2.0000	2	-1.0000	1.1769	0.2859	0.5704	0.0000	0.2859	0.1663	-1.0000	-0.0236	0.0123	-0.0359	-0.2571
34.0000	159.0000	Respond Naturally	CheeseNips	3.0000	1.0000	1.0000	2	-1.0000	1.0421	0.3528	0.6147	0.0000	0.3528	0.2470	-1.0000	-0.0638	0.0023	-0.0661	-0.3048
34.0000	160.0000	Respond Naturally	Raspberries	2.0000	6.0000	2.0000	4	1.0000	1.3444	0.2015	-0.2750	1.0000	0.7223	0.3177	1.0000	0.3761	0.3761	-0.0000	0.7536
34.0000	161.0000	Focus on Health	Cheetos	4.0000	5.0000	1.0000	6	-1.0000	2.0172	0.4201	NA	2.0000	0.7900	0.5175	-1.0000	0.3353	0.3353	-0.0000	1.3854
34.0000	162.0000	Focus on Health	SpeltCakes	2.0000	1.0000	1.0000	2	-1.0000	1.5631	0.5376	0.8433	1.0000	0.7562	0.3446	1.0000	0.3972	0.4045	-0.0073	1.6734
34.0000	163.0000	Focus on Health	Avocado	6.0000	6.0000	6.0000	5	1.0000	1.3277	0.4201	-0.7550	1.0000	0.6386	0.3295	-1.0000	0.2864	0.3207	-0.0343	1.2463
34.0000	164.0000	Focus on Health	Fritos	1.0000	1.0000	1.0000	2	-1.0000	1.2270	0.3528	0.1407	1.0000	0.6218	0.3045	1.0000	0.1894	0.2008	-0.0113	0.6743
34.0000	165.0000	Focus on Health	AllBranCereal	1.0000	1.0000	5.0000	6	-1.0000	1.1095	0.2185	0.4902	1.0000	0.4707	0.4218	1.0000	0.0944	0.1256	-0.0311	0.7034
34.0000	166.0000	Focus on Health	BabyFoodSweetPotatos	6.0000	6.0000	2.0000	5	-1.0000	4.2020	0.3027	0.4154	3.0000	2.9414	0.3365	1.0000	0.1017	0.1345	-0.0328	0.8771
34.0000	167.0000	Focus on Health	Cauliflower	5.0000	2.0000	4.0000	6	-1.0000	1.0256	0.2017	1.1326	0.0000	0.2017	0.1267	-1.0000	-0.1290	0.0000	-0.1291	-0.3612
34.0000	168.0000	Focus on Health	Bananas	4.0000	3.0000	6.0000	3	1.0000	1.1095	0.1677	NA	0.0000	0.1677	0.1210	1.0000	-0.0749	0.0002	-0.0751	-0.2528
34.0000	169.0000	Focus on Health	Onion	1.0000	1.0000	2.0000	2	-1.0000	0.9580	0.3360	0.9597	0.0000	0.3360	0.3183	-1.0000	0.0474	0.0555	-0.0081	0.1661
34.0000	170.0000	Focus on Health	Aero	5.0000	6.0000	1.0000	3	-1.0000	1.3450	0.2522	0.2892	0.0000	0.2522	0.1887	-1.0000	-0.0556	0.0144	-0.0700	-0.2932
34.0000	171.0000	Respond Naturally	TofuDessert	1.0000	1.0000	6.0000	2	-1.0000	1.8489	0.2685	0.3272	1.0000	0.7225	0.4762	1.0000	0.2853	0.3164	-0.0311	1.8155
34.0000	172.0000	Respond Naturally	OatBran	2.0000	1.0000	1.0000	4	-1.0000	1.8986	0.3690	0.6863	1.0000	0.6886	0.3725	1.0000	0.0819	0.1195	-0.0376	0.8928
34.0000	173.0000	Respond Naturally	Snickers	3.0000	1.0000	1.0000	3	-1.0000	1.4292	0.1850	0.6945	2.0000	0.7063	0.3304	-1.0000	0.2467	0.2988	-0.0521	1.5069
34.0000	174.0000	Respond Naturally	Fritos	2.0000	2.0000	1.0000	5	-1.0000	1.1258	0.4537	0.6153	1.0000	0.5713	0.2377	1.0000	0.0425	0.0425	-0.0000	0.2119
34.0000	175.0000	Respond Naturally	GreenPepper	6.0000	5.0000	6.0000	2	1.0000	1.4459	0.6222	-0.7041	0.0000	0.6222	0.2910	1.0000	0.1785	0.2274	-0.0489	0.7965
34.0000	176.0000	Respond Naturally	PureFit	1.0000	1.0000	1.0000	2	-1.0000	1.1095	0.4034	0.3153	0.0000	0.4034	0.1711	-1.0000	0.0764	0.0764	-0.0000	0.1642
34.0000	177.0000	Respond Naturally	GreenGrapes	6.0000	6.0000	5.0000	1	1.0000	1.2272	0.5885	-0.6499	0.0000	0.5885	0.3478	1.0000	0.5173	0.5173	-0.0000	1.2162
34.0000	178.0000	Respond Naturally	Caramilk	6.0000	5.0000	1.0000	5	1.0000	1.1265	0.2859	-0.9040	0.0000	0.2859	0.2071	1.0000	-0.0601	0.0445	-0.1046	-0.4334
34.0000	179.0000	Respond Naturally	Mars	1.0000	1.0000	1.0000	2	-1.0000	0.9411	0.3191	NA	0.0000	0.3191	0.1974	-1.0000	-0.0619	0.0002	-0.0622	-0.3338
34.0000	180.0000	Respond Naturally	Asparagus	3.0000	6.0000	6.0000	3	1.0000	1.7143	0.6889	0.0000	1.0000	0.8570	0.2392	-1.0000	0.2928	0.2938	-0.0010	1.2103
34.0000	181.0000	Focus on Health	KashiBars	1.0000	1.0000	1.0000	1	-1.0000	1.1597	0.2854	0.1862	1.0000	0.5544	0.2700	1.0000	0.1404	0.2114	-0.0710	0.4630
34.0000	182.0000	Focus on Health	BBQCrisps	1.0000	2.0000	1.0000	2	-1.0000	1.3109	0.5207	0.4331	0.0000	0.5207	0.2461	-1.0000	0.0504	0.0515	-0.0012	0.1917
34.0000	183.0000	Focus on Health	Asparagus	2.0000	5.0000	6.0000	6	1.0000	5.5628	0.1511	-0.4796	5.0000	3.1769	0.4963	-1.0000	0.0956	0.1132	-0.0176	1.5269
34.0000	184.0000	Focus on Health	Mentos	1.0000	2.0000	1.0000	2	-1.0000	1.1430	0.2015	0.4095	1.0000	0.4874	0.2290	1.0000	0.3089	0.3089	-0.0000	1.1198
34.0000	185.0000	Focus on Health	VanillaGreekYogurt	5.0000	2.0000	6.0000	2	1.0000	1.7817	0.2689	-0.5837	2.0000	0.7903	0.2291	1.0000	-0.0056	0.0355	-0.0411	-0.2932
34.0000	186.0000	Focus on Health	FrozenBlueberries	6.0000	2.0000	4.0000	1	1.0000	0.9914	0.2183	-0.2401	0.0000	0.2183	0.1541	1.0000	0.1212	0.1212	-0.0000	0.3750
34.0000	187.0000	Focus on Health	Cheerios	3.0000	5.0000	1.0000	5	-1.0000	1.1937	0.1681	-0.1511	1.0000	0.5045	0.2151	1.0000	0.0634	0.1475	-0.0841	0.5378
34.0000	188.0000	Focus on Health	Mackerel	1.0000	1.0000	1.0000	3	-1.0000	1.4118	0.4367	0.7237	1.0000	0.7395	0.2709	1.0000	0.3591	0.3646	-0.0055	1.3833
34.0000	189.0000	Focus on Health	LaysClassic	1.0000	1.0000	1.0000	3	-1.0000	1.0926	0.5042	1.0316	1.0000	0.7396	0.1475	1.0000	-0.0432	0.0354	-0.0785	-0.2742
34.0000	190.0000	Focus on Health	Beets	1.0000	6.0000	6.0000	2	1.0000	4.3033	0.4034	-0.0201	5.0000	3.4122	0.3404	-1.0000	0.7130	0.7278	-0.0148	1.8492
34.0000	191.0000	Respond Naturally	Pringles	2.0000	1.0000	1.0000	2	-1.0000	1.7986	1.1431	0.0482	0.0000	1.1431	0.3111	-1.0000	0.0838	0.0838	-0.0000	0.1936
34.0000	192.0000	Respond Naturally	Twizzlers	1.0000	1.0000	1.0000	4	-1.0000	1.1262	0.4202	0.5348	0.0000	0.4202	0.2077	-1.0000	0.0609	0.0609	-0.0000	0.1947
34.0000	193.0000	Respond Naturally	Tempeh	1.0000	1.0000	1.0000	4	-1.0000	2.0849	0.5213	0.4491	1.0000	0.7904	0.1469	1.0000	0.0980	0.0989	-0.0009	0.6056
34.0000	194.0000	Respond Naturally	Skittles	4.0000	5.0000	1.0000	3	-1.0000	0.9749	0.3361	0.9655	1.0000	0.4874	0.1262	1.0000	-0.0193	0.0419	-0.0612	-0.2033
34.0000	195.0000	Respond Naturally	Cheerios	4.0000	1.0000	1.0000	2	-1.0000	1.1260	0.4872	0.1897	0.0000	0.4872	0.2375	-1.0000	0.0757	0.0757	-0.0000	0.1462
34.0000	196.0000	Respond Naturally	DriedApricots	6.0000	6.0000	4.0000	2	1.0000	1.1429	0.4535	-0.5848	0.0000	0.4535	0.2314	1.0000	0.0479	0.0552	-0.0073	0.4273
34.0000	197.0000	Respond Naturally	Doritos	5.0000	5.0000	1.0000	5	-1.0000	1.0421	0.5040	0.2326	0.0000	0.5040	0.2505	-1.0000	-0.0023	0.0178	-0.0201	-0.1126
34.0000	198.0000	Respond Naturally	SkittlesSour	5.0000	5.0000	1.0000	3	-1.0000	2.7563	0.3867	-0.0458	1.0000	0.6390	0.1687	1.0000	0.1026	0.1026	-0.0000	0.7418
34.0000	199.0000	Respond Naturally	CannedArtichoke	1.0000	1.0000	3.0000	2	-1.0000	2.6385	0.6719	0.2472	0.0000	0.6719	0.1658	-1.0000	0.0169	0.0331	-0.0161	0.1489
34.0000	200.0000	Respond Naturally	YorkPeppermintPatties	1.0000	5.0000	4.0000	4	1.0000	1.3446	0.6217	-0.0707	1.0000	0.8066	0.3268	-1.0000	0.3186	0.3186	-0.0000	0.8689
