Subject	Trial	Instruction	Food	Liking	Taste	Health	Amount	Choice	ChoiceRT	FirstDevTimeChoice	InitAngleChoice	NumChangeMindChoice	FinalDevTimeChoice	MaxVelocityChoice	DrxFirstDevChoice	TotalAUCChoice	AUCtoNonChosenChoice	AUCtoChosenChoice	MaxDevChoice
41.0000	1.0000	Decrease Desire	SpeltCakes	1.0000	1.0000	3.0000	5	-1.0000	1.4128	0.6229	0.1257	0.0000	0.6229	0.2249	-1.0000	0.0182	0.0500	-0.0318	0.1972
41.0000	2.0000	Decrease Desire	Mackerel	1.0000	1.0000	3.0000	1	-1.0000	0.9747	0.4876	-0.0000	0.0000	0.4876	0.1908	-1.0000	0.1105	0.1105	-0.0000	0.3118
41.0000	3.0000	Decrease Desire	RiceKrispiesCereal	1.0000	1.0000	4.0000	3	-1.0000	0.7563	0.2520	0.0530	0.0000	0.2520	0.2281	-1.0000	0.0624	0.0624	-0.0000	0.1373
41.0000	4.0000	Decrease Desire	VegetableThins	1.0000	1.0000	3.0000	2	-1.0000	0.7729	0.2521	0.1347	0.0000	0.2521	0.1419	-1.0000	0.1514	0.1514	-0.0000	0.2811
41.0000	5.0000	Decrease Desire	AppleChips	2.0000	4.0000	4.0000	5	-1.0000	1.6294	0.2689	0.3399	0.0000	0.2689	0.1233	-1.0000	0.0763	0.0763	-0.0000	0.2113
41.0000	6.0000	Decrease Desire	GreenPepper	1.0000	1.0000	5.0000	2	-1.0000	1.1592	0.1850	0.0695	0.0000	0.1850	0.1642	-1.0000	0.0645	0.0943	-0.0298	0.2414
41.0000	7.0000	Decrease Desire	GreenApple	2.0000	4.0000	5.0000	2	-1.0000	2.9730	0.2690	0.3822	4.0000	2.7378	0.4108	-1.0000	0.5846	0.5846	-0.0000	2.1300
41.0000	8.0000	Decrease Desire	Cheetos	1.0000	1.0000	2.0000	6	-1.0000	0.9072	0.3696	0.1674	0.0000	0.3696	0.2051	-1.0000	0.1233	0.1307	-0.0074	0.2692
41.0000	9.0000	Decrease Desire	FrootLoops	1.0000	1.0000	1.0000	6	-1.0000	0.7225	0.2520	-0.0000	0.0000	0.2520	0.2130	-1.0000	0.1024	0.1024	-0.0000	0.2353
41.0000	10.0000	Decrease Desire	AllBranCereal	1.0000	1.0000	2.0000	6	-1.0000	0.8403	0.1514	0.1249	0.0000	0.1514	0.1341	-1.0000	0.0990	0.0991	-0.0001	0.2659
41.0000	11.0000	Respond Naturally	MangoChunks	2.0000	5.0000	4.0000	5	1.0000	1.0753	0.3866	0.0285	0.0000	0.3866	0.1831	1.0000	0.0917	0.0923	-0.0006	0.2604
41.0000	12.0000	Respond Naturally	DriedHerring	1.0000	1.0000	3.0000	3	-1.0000	0.8236	0.3866	-0.0029	0.0000	0.3866	0.3384	-1.0000	0.0529	0.0599	-0.0070	0.1369
41.0000	13.0000	Respond Naturally	SlimStyles	1.0000	3.0000	1.0000	2	-1.0000	1.1249	0.1677	0.0874	0.0000	0.1677	0.2262	-1.0000	0.0652	0.0652	-0.0000	0.2109
41.0000	14.0000	Respond Naturally	DriedHerring	1.0000	1.0000	3.0000	1	-1.0000	0.8231	0.2018	0.2586	0.0000	0.2018	0.2023	-1.0000	0.1013	0.1013	-0.0000	0.1975
41.0000	15.0000	Respond Naturally	BBQCrisps	1.0000	1.0000	3.0000	6	-1.0000	0.9578	0.2354	0.1487	0.0000	0.2354	0.1222	-1.0000	0.0966	0.0967	-0.0001	0.1803
41.0000	16.0000	Respond Naturally	AlmondMilk	4.0000	5.0000	4.0000	2	1.0000	1.5619	0.5875	-0.1764	0.0000	0.5875	0.3165	1.0000	0.1576	0.1576	-0.0000	0.4438
41.0000	17.0000	Respond Naturally	Triscuit	1.0000	1.0000	2.0000	5	-1.0000	0.9242	0.2858	0.1799	0.0000	0.2858	0.2166	-1.0000	0.1194	0.1196	-0.0002	0.2494
41.0000	18.0000	Respond Naturally	LaysClassic	1.0000	1.0000	2.0000	4	-1.0000	0.7732	0.2018	0.0660	0.0000	0.2018	0.1999	-1.0000	0.1855	0.1855	-0.0000	0.3792
41.0000	19.0000	Respond Naturally	IceCreamVanilla	5.0000	5.0000	5.0000	1	1.0000	1.4112	0.2185	0.0000	1.0000	0.5882	0.3668	-1.0000	0.5439	0.5458	-0.0019	1.0572
41.0000	20.0000	Respond Naturally	FrozenPeas	1.0000	1.0000	4.0000	2	-1.0000	0.8064	0.4369	-0.0536	0.0000	0.4369	0.2882	-1.0000	0.1901	0.1901	-0.0000	0.2975
41.0000	21.0000	Decrease Desire	Snickers	1.0000	1.0000	1.0000	3	-1.0000	0.7898	0.3193	0.0592	0.0000	0.3193	0.1971	-1.0000	0.0842	0.0842	-0.0000	0.1590
41.0000	22.0000	Decrease Desire	BBQCrisps	1.0000	1.0000	2.0000	2	1.0000	1.5789	0.1850	-0.2664	1.0000	0.7390	0.3129	-1.0000	0.9143	0.9143	-0.0000	1.5484
41.0000	23.0000	Decrease Desire	Mackerel	1.0000	1.0000	2.0000	3	-1.0000	0.8401	0.2522	0.1028	0.0000	0.2522	0.1823	-1.0000	0.0438	0.0496	-0.0058	0.1527
41.0000	24.0000	Decrease Desire	EnglishCucumber	4.0000	5.0000	6.0000	2	1.0000	0.9913	0.5208	-0.3401	0.0000	0.5208	0.2834	1.0000	0.3271	0.3271	-0.0000	0.5884
41.0000	25.0000	Decrease Desire	Butternut	4.0000	4.0000	4.0000	3	1.0000	1.5293	0.3026	-0.2837	1.0000	0.6893	0.2367	-1.0000	0.3460	0.3460	-0.0000	1.0918
41.0000	26.0000	Decrease Desire	Pringles	1.0000	1.0000	1.0000	2	-1.0000	0.7730	0.2185	0.1587	0.0000	0.2185	0.1263	-1.0000	0.1672	0.1672	-0.0000	0.2893
41.0000	27.0000	Decrease Desire	Smarties	1.0000	1.0000	1.0000	5	-1.0000	0.7225	0.2016	0.1728	0.0000	0.2016	0.1700	-1.0000	0.0748	0.0780	-0.0032	0.2140
41.0000	28.0000	Decrease Desire	Mentos	1.0000	1.0000	1.0000	5	-1.0000	0.7059	0.1682	0.1161	0.0000	0.1682	0.1246	-1.0000	0.1739	0.1739	-0.0000	0.3154
41.0000	29.0000	Decrease Desire	Smartfood	1.0000	1.0000	3.0000	4	-1.0000	0.8400	0.1513	0.2150	0.0000	0.1513	0.3341	-1.0000	0.0381	0.0532	-0.0151	0.2294
41.0000	30.0000	Decrease Desire	Starburst	1.0000	1.0000	1.0000	3	-1.0000	0.7058	0.1513	0.3091	0.0000	0.1513	0.1258	-1.0000	0.1685	0.1685	-0.0000	0.3062
41.0000	31.0000	Respond Naturally	SkimMilk	1.0000	1.0000	5.0000	1	-1.0000	1.5967	0.7735	0.2623	0.0000	0.7735	0.1044	-1.0000	0.1557	0.1626	-0.0069	0.3980
41.0000	32.0000	Respond Naturally	Nutella	1.0000	1.0000	2.0000	4	-1.0000	0.8067	0.3363	0.1883	0.0000	0.3363	0.2154	-1.0000	0.0856	0.0856	-0.0000	0.1728
41.0000	33.0000	Respond Naturally	Broccoli	1.0000	1.0000	5.0000	1	-1.0000	0.7391	0.1510	0.4062	0.0000	0.1510	0.2146	-1.0000	0.1414	0.1416	-0.0001	0.2627
41.0000	34.0000	Respond Naturally	GreenBeans	1.0000	1.0000	1.0000	4	-1.0000	0.7227	0.2018	0.2086	0.0000	0.2018	0.2051	-1.0000	0.1603	0.1603	-0.0000	0.3236
41.0000	35.0000	Respond Naturally	FrozenCorn	4.0000	5.0000	4.0000	2	1.0000	4.0300	0.5882	-0.3614	0.0000	0.5882	0.2710	1.0000	0.1890	0.1890	-0.0000	1.1033
41.0000	36.0000	Respond Naturally	SlicedTurkey	1.0000	1.0000	4.0000	5	-1.0000	0.8404	0.3699	-0.0040	0.0000	0.3699	0.2396	-1.0000	0.0438	0.0706	-0.0268	-0.1815
41.0000	37.0000	Respond Naturally	CheeseNips	1.0000	1.0000	1.0000	5	-1.0000	0.7900	0.3031	0.1346	0.0000	0.3031	0.1135	-1.0000	0.1371	0.1371	-0.0000	0.2527
41.0000	38.0000	Respond Naturally	SlicedTurkey	1.0000	3.0000	5.0000	2	-1.0000	0.7560	0.1850	0.2307	0.0000	0.1850	0.1612	-1.0000	0.1610	0.1610	-0.0000	0.2891
41.0000	39.0000	Respond Naturally	AllBranCereal	1.0000	1.0000	3.0000	2	-1.0000	0.7223	0.2351	0.1691	0.0000	0.2351	0.2666	-1.0000	0.1051	0.1052	-0.0001	0.2372
41.0000	40.0000	Respond Naturally	Snickers	1.0000	1.0000	2.0000	2	-1.0000	0.7392	0.1850	-0.1187	0.0000	0.1850	0.2350	-1.0000	0.0719	0.0786	-0.0067	0.2487
41.0000	41.0000	Decrease Desire	BabyFoodCarrots	1.0000	1.0000	5.0000	5	-1.0000	0.8234	0.1849	0.1711	0.0000	0.1849	0.1016	-1.0000	0.1624	0.1624	-0.0000	0.3456
41.0000	42.0000	Decrease Desire	BabyFoodCarrots	1.0000	1.0000	5.0000	3	-1.0000	0.7561	0.3867	0.5502	0.0000	0.3867	0.1762	-1.0000	0.1031	0.1033	-0.0003	0.1658
41.0000	43.0000	Decrease Desire	Onion	1.0000	1.0000	6.0000	2	-1.0000	0.6891	0.1514	0.2830	0.0000	0.1514	0.1520	-1.0000	0.1165	0.1165	-0.0000	0.2502
41.0000	44.0000	Decrease Desire	SunChips	3.0000	3.0000	4.0000	2	-1.0000	0.5545	0.1511	0.4154	0.0000	0.1511	0.2172	-1.0000	0.1572	0.1572	-0.0000	0.3468
41.0000	45.0000	Decrease Desire	YorkPeppermintPatties	1.0000	1.0000	1.0000	2	-1.0000	0.6210	0.1511	0.4121	0.0000	0.1511	0.2068	-1.0000	0.1544	0.1544	-0.0000	0.3440
41.0000	46.0000	Decrease Desire	PureFit	1.0000	1.0000	3.0000	4	-1.0000	0.6381	0.1511	0.4751	0.0000	0.1511	0.1430	-1.0000	0.0763	0.0763	-0.0000	0.1703
41.0000	47.0000	Decrease Desire	RitzCrackers	1.0000	1.0000	2.0000	2	-1.0000	0.6214	0.1511	0.3355	0.0000	0.1511	0.1481	-1.0000	0.0657	0.0657	-0.0000	0.1705
41.0000	48.0000	Decrease Desire	YorkPeppermintPatties	1.0000	1.0000	2.0000	4	-1.0000	0.6220	0.3530	0.4658	0.0000	0.3530	0.1993	-1.0000	0.1191	0.1191	-0.0000	0.2056
41.0000	49.0000	Decrease Desire	NatureValleyChocolate	1.0000	1.0000	1.0000	4	-1.0000	0.7727	0.3863	0.2747	0.0000	0.3863	0.1466	-1.0000	0.1288	0.1288	-0.0000	0.2156
41.0000	50.0000	Decrease Desire	VanillaGreekYogurt	4.0000	4.0000	5.0000	4	1.0000	1.6124	0.6381	-0.3171	0.0000	0.6381	0.3298	1.0000	0.3664	0.3958	-0.0293	1.1707
41.0000	51.0000	Respond Naturally	OatBran	1.0000	1.0000	4.0000	2	-1.0000	0.7891	0.4363	0.2027	0.0000	0.4363	0.1877	-1.0000	0.2189	0.2189	-0.0001	0.3483
41.0000	52.0000	Respond Naturally	EnglishCucumber	4.0000	6.0000	6.0000	5	1.0000	1.2095	0.3867	-0.3764	0.0000	0.3867	0.2864	1.0000	0.3473	0.3518	-0.0044	1.0781
41.0000	53.0000	Respond Naturally	Tuna	1.0000	1.0000	1.0000	4	-1.0000	0.5714	0.1682	0.3738	0.0000	0.1682	0.2100	-1.0000	0.1037	0.1037	-0.0000	0.2279
41.0000	54.0000	Respond Naturally	WaterChestnuts	2.0000	3.0000	3.0000	3	-1.0000	0.8904	0.1514	0.4304	0.0000	0.1514	0.2527	-1.0000	0.0397	0.0397	-0.0000	0.1450
41.0000	55.0000	Respond Naturally	ProMax	1.0000	1.0000	1.0000	4	-1.0000	0.7058	0.1513	0.4167	0.0000	0.1513	0.1489	-1.0000	0.0759	0.0788	-0.0030	0.1812
41.0000	56.0000	Respond Naturally	Cheerios	1.0000	1.0000	4.0000	2	-1.0000	0.5715	0.1514	0.3508	0.0000	0.1514	0.2140	-1.0000	0.1098	0.1098	-0.0000	0.2520
41.0000	57.0000	Respond Naturally	Mars	1.0000	1.0000	2.0000	4	-1.0000	0.5039	0.1512	0.5303	0.0000	0.1512	0.2031	-1.0000	0.0203	0.0290	-0.0087	0.1360
41.0000	58.0000	Respond Naturally	FrozenBlueberries	1.0000	3.0000	3.0000	1	1.0000	1.7138	0.1511	-0.3608	1.0000	0.6890	0.3072	-1.0000	0.6049	0.6066	-0.0017	1.3926
41.0000	59.0000	Respond Naturally	Strawberries	3.0000	4.0000	4.0000	2	1.0000	1.2767	0.1514	-0.1833	1.0000	0.4030	0.4273	-1.0000	0.5473	0.5825	-0.0352	1.5627
41.0000	60.0000	Respond Naturally	NatureValleyChocolate	1.0000	1.0000	3.0000	1	-1.0000	0.8228	0.4029	0.2610	0.0000	0.4029	0.1920	-1.0000	0.1186	0.1221	-0.0035	0.2422
41.0000	61.0000	Respond Naturally	RitzCrackers	1.0000	1.0000	1.0000	5	-1.0000	0.8067	0.3194	0.1941	0.0000	0.3194	0.1023	-1.0000	0.1223	0.1223	-0.0000	0.2474
41.0000	62.0000	Respond Naturally	WaterChestnuts	2.0000	3.0000	3.0000	5	-1.0000	0.6555	0.1514	0.2324	0.0000	0.1514	0.0934	-1.0000	0.1096	0.1096	-0.0000	0.2803
41.0000	63.0000	Respond Naturally	PCChipCookie	1.0000	1.0000	2.0000	2	-1.0000	0.9238	0.1678	0.3026	0.0000	0.1678	0.1752	-1.0000	-0.0412	0.0465	-0.0877	-0.2205
41.0000	64.0000	Respond Naturally	HoneyNutCheerios	1.0000	1.0000	1.0000	5	-1.0000	0.7555	0.1513	0.5320	0.0000	0.1513	0.1306	-1.0000	0.0886	0.0886	-0.0000	0.1429
41.0000	65.0000	Respond Naturally	LaysClassic	1.0000	1.0000	1.0000	3	-1.0000	0.6885	0.2522	0.4519	0.0000	0.2522	0.1975	-1.0000	0.1457	0.1457	-0.0000	0.2369
41.0000	66.0000	Respond Naturally	FrozenBlueberries	2.0000	1.0000	1.0000	3	-1.0000	0.8571	0.3362	0.3134	0.0000	0.3362	0.1635	-1.0000	0.0316	0.0558	-0.0242	0.1281
41.0000	67.0000	Respond Naturally	HoneyNutCheerios	1.0000	1.0000	2.0000	2	-1.0000	0.9575	0.2687	0.2882	0.0000	0.2687	0.2155	-1.0000	0.0258	0.0266	-0.0008	0.1492
41.0000	68.0000	Respond Naturally	FrozenPeaches	2.0000	4.0000	4.0000	5	1.0000	2.1501	0.5882	-0.4793	0.0000	0.5882	0.3027	1.0000	0.2019	0.2544	-0.0525	1.0682
41.0000	69.0000	Respond Naturally	IceCreamChocolate	4.0000	4.0000	1.0000	4	1.0000	1.0751	0.5375	-0.3551	0.0000	0.5375	0.2258	1.0000	0.2859	0.2859	-0.0000	0.6071
41.0000	70.0000	Respond Naturally	RomaineLettuce	4.0000	4.0000	6.0000	2	-1.0000	2.1497	0.1513	0.1783	1.0000	0.7899	0.3711	1.0000	0.9554	0.9554	-0.0000	1.3088
41.0000	71.0000	Decrease Desire	Orange	5.0000	5.0000	6.0000	1	1.0000	1.3610	0.4203	-0.3529	0.0000	0.4203	0.2832	1.0000	0.1629	0.1924	-0.0296	0.8291
41.0000	72.0000	Decrease Desire	MnMPlain	1.0000	1.0000	2.0000	3	-1.0000	1.1089	0.3194	-0.0000	0.0000	0.3194	0.1863	-1.0000	0.0250	0.0412	-0.0162	0.1657
41.0000	73.0000	Decrease Desire	Prunes	1.0000	1.0000	3.0000	5	-1.0000	0.6890	0.1514	0.5328	0.0000	0.1514	0.1455	-1.0000	0.0797	0.0797	-0.0000	0.1454
41.0000	74.0000	Decrease Desire	Strawberries	3.0000	3.0000	6.0000	3	-1.0000	0.9574	0.5542	0.2775	0.0000	0.5542	0.1605	-1.0000	0.1067	0.1094	-0.0027	0.1784
41.0000	75.0000	Decrease Desire	GreenGrapes	4.0000	3.0000	6.0000	4	-1.0000	0.7056	0.3361	0.4278	0.0000	0.3361	0.1227	-1.0000	0.1270	0.1270	-0.0000	0.2578
41.0000	76.0000	Decrease Desire	KashiBars	1.0000	1.0000	3.0000	1	-1.0000	0.8067	0.1514	0.4026	0.0000	0.1514	0.1488	-1.0000	0.1305	0.1305	-0.0000	0.2316
41.0000	77.0000	Decrease Desire	SkittlesSour	1.0000	1.0000	1.0000	6	-1.0000	0.5542	0.1514	0.5429	0.0000	0.1514	0.1761	-1.0000	0.0700	0.0700	-0.0000	0.1926
41.0000	78.0000	Decrease Desire	FrootLoops	1.0000	2.0000	3.0000	2	-1.0000	0.7386	0.1509	0.4543	0.0000	0.1509	0.1929	-1.0000	0.0843	0.0843	-0.0000	0.2303
41.0000	79.0000	Decrease Desire	Raspberries	3.0000	4.0000	3.0000	5	-1.0000	1.0580	0.1849	0.4980	0.0000	0.1849	0.3058	-1.0000	-0.0137	0.0344	-0.0481	0.1359
41.0000	80.0000	Decrease Desire	WelchsFruitSnacks	1.0000	1.0000	3.0000	1	-1.0000	1.1091	0.1513	0.0623	0.0000	0.1513	0.1119	-1.0000	0.0914	0.0914	-0.0000	0.1969
41.0000	81.0000	Respond Naturally	Bananas	3.0000	4.0000	6.0000	2	1.0000	1.2098	0.2354	-0.2329	1.0000	0.5546	0.3338	-1.0000	0.5967	0.6004	-0.0036	1.4363
41.0000	82.0000	Respond Naturally	Nutella	1.0000	1.0000	3.0000	1	-1.0000	0.8905	0.2186	0.1281	0.0000	0.2186	0.2267	-1.0000	0.0127	0.0230	-0.0103	0.1177
41.0000	83.0000	Respond Naturally	CoffeeCrisp	1.0000	1.0000	1.0000	3	-1.0000	0.8063	0.4032	0.3904	0.0000	0.4032	0.3267	-1.0000	0.0434	0.0602	-0.0168	0.1544
41.0000	84.0000	Respond Naturally	BabyFoodSweetPotatos	1.0000	1.0000	4.0000	2	-1.0000	0.6386	0.1682	0.4471	0.0000	0.1682	0.1676	-1.0000	0.1486	0.1486	-0.0000	0.2741
41.0000	85.0000	Respond Naturally	Starburst	1.0000	1.0000	2.0000	6	-1.0000	0.5881	0.1514	0.5380	0.0000	0.1514	0.1711	-1.0000	0.1125	0.1125	-0.0000	0.2135
41.0000	86.0000	Respond Naturally	OikosYogurt	4.0000	4.0000	4.0000	3	1.0000	1.0916	0.2686	-0.4093	1.0000	0.5205	0.3244	-1.0000	0.7810	0.7896	-0.0086	1.5534
41.0000	87.0000	Respond Naturally	Asparagus	1.0000	1.0000	6.0000	6	-1.0000	0.7894	0.1681	0.2227	0.0000	0.1681	0.1216	-1.0000	0.0590	0.0641	-0.0050	0.2221
41.0000	88.0000	Respond Naturally	SlimStyles	1.0000	3.0000	2.0000	6	-1.0000	0.7224	0.1514	0.6124	0.0000	0.1514	0.2281	-1.0000	0.0883	0.0883	-0.0000	0.1737
41.0000	89.0000	Respond Naturally	RufflesSourCreamOnion	1.0000	3.0000	1.0000	3	-1.0000	2.0493	0.1513	0.3438	2.0000	1.3103	0.3107	-1.0000	0.3754	0.3825	-0.0071	1.3954
41.0000	90.0000	Respond Naturally	Avocado	2.0000	3.0000	4.0000	2	-1.0000	1.0586	0.1680	0.3575	2.0000	0.5714	0.1740	-1.0000	0.1581	0.1596	-0.0014	0.5221
41.0000	91.0000	Decrease Desire	Prunes	1.0000	1.0000	4.0000	2	-1.0000	0.9243	0.1682	0.1618	0.0000	0.1682	0.1491	-1.0000	0.0154	0.0438	-0.0284	0.1521
41.0000	92.0000	Decrease Desire	AppleChips	3.0000	4.0000	4.0000	2	-1.0000	1.9652	0.4199	0.3438	2.0000	0.9911	0.4621	-1.0000	0.5134	0.5191	-0.0057	1.3766
41.0000	93.0000	Decrease Desire	Spinach	1.0000	3.0000	5.0000	2	-1.0000	0.7392	0.2520	0.3256	0.0000	0.2520	0.1878	-1.0000	0.1285	0.1285	-0.0000	0.2225
41.0000	94.0000	Decrease Desire	OatBran	1.0000	1.0000	4.0000	4	-1.0000	0.5039	0.1511	0.4682	0.0000	0.1511	0.1708	-1.0000	0.0848	0.0848	-0.0000	0.1949
41.0000	95.0000	Decrease Desire	PureFit	1.0000	1.0000	2.0000	2	-1.0000	0.8732	0.1846	0.0995	0.0000	0.1846	0.3223	-1.0000	-0.0663	0.0165	-0.0828	-0.2321
41.0000	96.0000	Decrease Desire	Smartfood	1.0000	2.0000	3.0000	2	-1.0000	0.6554	0.1512	0.3680	0.0000	0.1512	0.2401	-1.0000	0.1206	0.1206	-0.0000	0.2557
41.0000	97.0000	Decrease Desire	FrozenOkra	1.0000	1.0000	5.0000	2	-1.0000	0.8910	0.2689	0.3948	0.0000	0.2689	0.1578	-1.0000	0.1213	0.1213	-0.0000	0.2187
41.0000	98.0000	Decrease Desire	VanillaGreekYogurt	1.0000	1.0000	6.0000	2	-1.0000	0.3530	0.1511	0.3876	0.0000	0.1511	0.2498	-1.0000	0.1742	0.1742	-0.0000	0.2698
41.0000	99.0000	Decrease Desire	FrozenPeas	1.0000	1.0000	3.0000	6	-1.0000	1.3941	0.4706	-0.0864	0.0000	0.4706	0.2179	-1.0000	0.0779	0.0779	-0.0000	0.2354
41.0000	100.0000	Decrease Desire	FrozenOkra	1.0000	1.0000	6.0000	5	-1.0000	1.1258	0.7057	0.0679	0.0000	0.7057	0.2379	-1.0000	0.0551	0.0551	-0.0000	0.1096
41.0000	101.0000	Decrease Desire	Mentos	1.0000	1.0000	1.0000	2	-1.0000	1.5130	0.5384	0.2729	0.0000	0.5384	0.1088	-1.0000	0.1039	0.1071	-0.0033	0.2294
41.0000	102.0000	Decrease Desire	Tuna	1.0000	1.0000	1.0000	2	-1.0000	1.0243	0.5543	0.1096	0.0000	0.5543	0.1628	-1.0000	0.1671	0.1671	-0.0000	0.2753
41.0000	103.0000	Decrease Desire	Mars	1.0000	1.0000	2.0000	2	-1.0000	0.6886	0.3025	0.3675	0.0000	0.3025	0.2142	-1.0000	0.1377	0.1386	-0.0010	0.2552
41.0000	104.0000	Decrease Desire	ClifBar	1.0000	3.0000	2.0000	4	-1.0000	0.4372	0.2186	0.4165	0.0000	0.2186	0.2398	-1.0000	0.1491	0.1491	-0.0000	0.2078
41.0000	105.0000	Decrease Desire	Cheerios	1.0000	1.0000	3.0000	5	-1.0000	0.5046	0.1682	0.4394	0.0000	0.1682	0.1297	-1.0000	0.0998	0.0998	-0.0000	0.1740
41.0000	106.0000	Decrease Desire	Cauliflower	1.0000	1.0000	5.0000	2	-1.0000	0.5713	0.1509	0.8328	0.0000	0.1509	0.1563	-1.0000	-0.0615	0.0001	-0.0616	-0.1497
41.0000	107.0000	Decrease Desire	AlmondMilk	4.0000	4.0000	5.0000	4	1.0000	1.1935	0.5213	-0.6641	0.0000	0.5213	0.4060	1.0000	0.3788	0.4429	-0.0641	1.1569
41.0000	108.0000	Decrease Desire	FrozenCorn	1.0000	1.0000	4.0000	4	1.0000	0.7231	0.1850	-0.9077	1.0000	0.5046	0.4208	-1.0000	0.7916	0.7916	-0.0000	1.4747
41.0000	109.0000	Decrease Desire	MnMPeanuts	1.0000	1.0000	2.0000	2	-1.0000	0.7396	0.4201	0.2676	0.0000	0.4201	0.1498	-1.0000	0.1001	0.1002	-0.0001	0.1486
41.0000	110.0000	Decrease Desire	Almonds	4.0000	4.0000	6.0000	2	-1.0000	2.1505	0.6555	0.5846	1.0000	1.3611	0.2341	1.0000	0.4076	0.4076	-0.0000	1.1812
41.0000	111.0000	Respond Naturally	Beets	1.0000	1.0000	2.0000	5	-1.0000	0.5214	0.1513	0.3962	0.0000	0.1513	0.1249	-1.0000	0.0842	0.0842	-0.0000	0.1705
41.0000	112.0000	Respond Naturally	VegetableThins	1.0000	1.0000	4.0000	5	-1.0000	0.5549	0.3362	0.5535	0.0000	0.3362	0.1320	-1.0000	0.1129	0.1129	-0.0000	0.1559
41.0000	113.0000	Respond Naturally	Doritos	1.0000	1.0000	1.0000	2	-1.0000	0.2016	0.1512	0.7520	0.0000	0.1512	0.2979	-1.0000	0.0186	0.0186	-0.0000	0.0268
41.0000	114.0000	Respond Naturally	CannedArtichoke	1.0000	1.0000	5.0000	2	-1.0000	0.1009	0.0000	0.7155	0.0000	0.0000	0.3849	-1.0000	0.0329	0.0329	-0.0000	0.0595
41.0000	115.0000	Respond Naturally	Twizzlers	1.0000	1.0000	2.0000	2	-1.0000	0.4877	0.1514	0.5399	0.0000	0.1514	0.2573	-1.0000	0.0844	0.0844	-0.0000	0.1379
41.0000	116.0000	Respond Naturally	Onion	1.0000	1.0000	6.0000	4	-1.0000	1.1920	0.1511	0.8034	0.0000	0.1511	0.1060	-1.0000	-0.0825	0.0001	-0.0826	-0.1917
41.0000	117.0000	Respond Naturally	Skittles	1.0000	1.0000	2.0000	3	-1.0000	0.1344	0.0000	0.7343	0.0000	0.0000	0.2506	-1.0000	0.0096	0.0110	-0.0014	0.0249
41.0000	118.0000	Respond Naturally	Aero	1.0000	1.0000	1.0000	3	-1.0000	0.1682	0.1513	0.7978	0.0000	0.1513	0.1917	-1.0000	-0.0055	0.0000	-0.0055	-0.0124
41.0000	119.0000	Respond Naturally	Cauliflower	1.0000	1.0000	6.0000	6	-1.0000	0.3026	0.1512	0.5991	0.0000	0.1512	0.1677	-1.0000	0.0679	0.0679	-0.0000	0.1161
41.0000	120.0000	Respond Naturally	Tempeh	1.0000	1.0000	3.0000	4	-1.0000	0.4203	0.1514	0.7735	0.0000	0.1514	0.2710	-1.0000	0.0197	0.0197	-0.0000	0.0363
41.0000	121.0000	Decrease Desire	TofuDessert	1.0000	4.0000	4.0000	2	1.0000	0.7571	0.1683	-0.6052	1.0000	0.5215	0.7261	-1.0000	0.7215	0.7215	-0.0000	1.2190
41.0000	122.0000	Decrease Desire	PopTartStrawberry	1.0000	3.0000	3.0000	5	-1.0000	0.7908	0.4543	0.4649	0.0000	0.4543	0.1676	-1.0000	0.0249	0.0249	-0.0000	0.0550
41.0000	123.0000	Decrease Desire	Doritos	1.0000	1.0000	2.0000	5	-1.0000	0.5549	0.1514	0.7587	0.0000	0.1514	0.1912	-1.0000	0.0106	0.0124	-0.0019	0.0324
41.0000	124.0000	Decrease Desire	PCChipCookie	1.0000	1.0000	1.0000	5	-1.0000	0.4037	0.1514	0.7368	0.0000	0.1514	0.1456	-1.0000	0.0233	0.0233	-0.0000	0.0320
41.0000	125.0000	Decrease Desire	Raspberries	3.0000	1.0000	3.0000	4	-1.0000	1.1101	0.5550	0.0137	0.0000	0.5550	0.1583	-1.0000	0.1558	0.1558	-0.0000	0.2207
41.0000	126.0000	Decrease Desire	BrusselsSprouts	1.0000	1.0000	5.0000	4	-1.0000	1.1928	0.4200	0.2749	0.0000	0.4200	0.2579	-1.0000	-0.0187	0.0155	-0.0342	-0.1158
41.0000	127.0000	Decrease Desire	Tempeh	1.0000	1.0000	3.0000	2	-1.0000	0.2522	0.1513	0.6398	0.0000	0.1513	0.1763	-1.0000	0.0844	0.0844	-0.0000	0.1414
41.0000	128.0000	Decrease Desire	Bananas	1.0000	4.0000	6.0000	3	-1.0000	0.1345	0.0000	0.7670	0.0000	0.0000	0.2874	-1.0000	0.0020	0.0053	-0.0032	0.0228
41.0000	129.0000	Decrease Desire	Reese	1.0000	1.0000	1.0000	1	-1.0000	0.1177	0.0000	0.6489	0.0000	0.0000	0.2203	-1.0000	0.0429	0.0429	-0.0000	0.0744
41.0000	130.0000	Decrease Desire	Butternut	1.0000	5.0000	5.0000	7	-1.0000	0.1176	0.0000	0.7604	0.0000	0.0000	0.2467	-1.0000	0.0039	0.0057	-0.0018	0.0174
41.0000	131.0000	Respond Naturally	Orange	1.0000	6.0000	6.0000	5	1.0000	2.6558	2.0335	-0.1825	0.0000	2.0335	0.0694	1.0000	0.0408	0.0408	-0.0000	0.0682
41.0000	132.0000	Respond Naturally	RiceKrispiesCereal	1.0000	3.0000	4.0000	7	-1.0000	0.5885	0.4035	-0.0141	0.0000	0.4035	0.2455	-1.0000	0.1065	0.1065	-0.0000	0.1491
41.0000	133.0000	Respond Naturally	WelchsFruitSnacks	1.0000	3.0000	2.0000	3	-1.0000	0.5549	0.3699	-0.1171	0.0000	0.3699	0.2364	-1.0000	0.0827	0.0827	-0.0000	0.1253
41.0000	134.0000	Respond Naturally	FrozenBroccoli	1.0000	1.0000	5.0000	6	-1.0000	0.6387	0.3528	0.2911	0.0000	0.3528	0.2392	-1.0000	0.0803	0.0803	-0.0000	0.1297
41.0000	135.0000	Respond Naturally	CornFlakes	1.0000	1.0000	1.0000	6	-1.0000	1.1262	0.3193	0.1536	0.0000	0.3193	0.1077	-1.0000	0.0333	0.0426	-0.0093	0.1182
41.0000	136.0000	Respond Naturally	SevenGrain	1.0000	1.0000	2.0000	3	-1.0000	0.4876	0.3362	0.4781	0.0000	0.3362	0.2335	-1.0000	0.0826	0.0826	-0.0000	0.1185
41.0000	137.0000	Respond Naturally	RaisinBran	1.0000	1.0000	2.0000	3	-1.0000	0.6219	0.4706	0.1994	0.0000	0.4706	0.2291	-1.0000	0.1196	0.1196	-0.0000	0.1634
41.0000	138.0000	Respond Naturally	Twizzlers	1.0000	1.0000	1.0000	4	-1.0000	0.5045	0.2859	-0.0000	0.0000	0.2859	0.1896	-1.0000	0.0972	0.0972	-0.0000	0.1369
41.0000	139.0000	Respond Naturally	RufflesSourCreamOnion	1.0000	1.0000	1.0000	5	-1.0000	0.6390	0.2858	0.0498	0.0000	0.2858	0.1439	-1.0000	0.1204	0.1204	-0.0000	0.1914
41.0000	140.0000	Respond Naturally	OikosYogurt	4.0000	5.0000	5.0000	6	1.0000	0.9921	0.2184	0.0000	1.0000	0.4708	0.3356	-1.0000	0.5501	0.5501	-0.0000	1.4536
41.0000	141.0000	Respond Naturally	Asparagus	1.0000	5.0000	5.0000	3	-1.0000	1.0090	0.4203	0.1285	0.0000	0.4203	0.1216	-1.0000	0.0615	0.0615	-0.0000	0.1279
41.0000	142.0000	Respond Naturally	Broccoli	1.0000	1.0000	6.0000	4	-1.0000	0.7062	0.1513	0.6684	0.0000	0.1513	0.0852	-1.0000	-0.0088	0.0070	-0.0158	-0.0357
41.0000	143.0000	Respond Naturally	RaisinBran	1.0000	1.0000	1.0000	7	-1.0000	0.4537	0.3026	0.2947	0.0000	0.3026	0.2834	-1.0000	0.0853	0.0853	-0.0000	0.1361
41.0000	144.0000	Respond Naturally	SevenGrain	1.0000	1.0000	3.0000	1	-1.0000	0.4034	0.2015	0.3498	0.0000	0.2015	0.2888	-1.0000	0.0841	0.0841	-0.0000	0.1628
41.0000	145.0000	Respond Naturally	FrozenPeaches	3.0000	4.0000	5.0000	2	1.0000	0.8729	0.1675	-0.3112	1.0000	0.4699	0.2923	-1.0000	0.4082	0.4126	-0.0044	0.9065
41.0000	146.0000	Respond Naturally	BabyFoodSweetPotatos	1.0000	1.0000	4.0000	5	-1.0000	0.6724	0.3865	0.1145	0.0000	0.3865	0.1796	-1.0000	0.1020	0.1020	-0.0000	0.1580
41.0000	147.0000	Respond Naturally	DriedApricots	3.0000	4.0000	3.0000	2	1.0000	0.9924	0.2524	-0.3366	1.0000	0.4542	0.2760	-1.0000	0.5797	0.5797	-0.0000	1.4362
41.0000	148.0000	Respond Naturally	RomaineLettuce	4.0000	3.0000	6.0000	4	-1.0000	1.2943	0.5039	-0.0888	1.0000	0.7392	0.3863	1.0000	0.3958	0.4004	-0.0046	1.4322
41.0000	149.0000	Respond Naturally	ClifBar	1.0000	1.0000	2.0000	2	-1.0000	0.5884	0.4034	-0.1470	0.0000	0.4034	0.3477	-1.0000	0.1139	0.1157	-0.0018	0.1654
41.0000	150.0000	Respond Naturally	RedPepper	1.0000	1.0000	5.0000	2	-1.0000	0.5714	0.4032	0.4025	0.0000	0.4032	0.1594	-1.0000	0.1592	0.1592	-0.0000	0.2105
41.0000	151.0000	Decrease Desire	DriedApricots	1.0000	3.0000	3.0000	5	-1.0000	1.3955	0.8574	0.1427	0.0000	0.8574	0.1270	-1.0000	0.1380	0.1380	-0.0000	0.2433
41.0000	152.0000	Decrease Desire	AllBranBar	1.0000	1.0000	3.0000	3	-1.0000	0.8576	0.3194	0.1398	0.0000	0.3194	0.1652	-1.0000	0.0216	0.0389	-0.0173	0.1008
41.0000	153.0000	Decrease Desire	IceCreamVanilla	4.0000	4.0000	1.0000	4	-1.0000	3.7140	3.0413	-0.0000	0.0000	3.0413	0.0914	-1.0000	0.0679	0.0705	-0.0026	0.0880
41.0000	154.0000	Decrease Desire	MnMPeanuts	1.0000	1.0000	1.0000	4	-1.0000	0.8069	0.3528	0.1156	0.0000	0.3528	0.2539	-1.0000	0.0578	0.0583	-0.0005	0.1048
41.0000	155.0000	Decrease Desire	GreenBeans	1.0000	1.0000	6.0000	2	-1.0000	1.1097	0.6220	0.1732	0.0000	0.6220	0.1335	-1.0000	0.0740	0.0771	-0.0031	0.1630
41.0000	156.0000	Decrease Desire	Fritos	1.0000	3.0000	3.0000	2	-1.0000	2.0681	1.2777	0.2262	0.0000	1.2777	0.0745	-1.0000	0.1033	0.1033	-0.0000	0.1823
41.0000	157.0000	Decrease Desire	FrozenBroccoli	1.0000	1.0000	6.0000	2	-1.0000	2.8394	2.0159	0.0715	0.0000	2.0159	0.1267	-1.0000	0.0568	0.0596	-0.0029	0.1081
41.0000	158.0000	Decrease Desire	Triscuit	1.0000	1.0000	3.0000	2	-1.0000	1.1599	0.1514	0.2948	0.0000	0.1514	0.0912	-1.0000	0.0189	0.0245	-0.0056	0.1128
41.0000	159.0000	Decrease Desire	Cheetos	2.0000	1.0000	1.0000	3	1.0000	0.9580	0.1512	-1.2520	1.0000	0.5884	1.1805	-1.0000	2.6622	2.6622	-0.0000	4.1052
41.0000	160.0000	Decrease Desire	SunChips	1.0000	3.0000	2.0000	4	-1.0000	0.6891	0.4705	0.1209	0.0000	0.4705	0.1678	-1.0000	0.1396	0.1396	-0.0000	0.1774
41.0000	161.0000	Decrease Desire	Reese	1.0000	1.0000	2.0000	4	-1.0000	0.8409	0.3363	-0.0288	0.0000	0.3363	0.1993	-1.0000	0.0141	0.0235	-0.0094	0.0780
41.0000	162.0000	Decrease Desire	CoffeeCrisp	1.0000	1.0000	2.0000	1	-1.0000	0.6558	0.1849	0.1726	0.0000	0.1849	0.1306	-1.0000	0.0262	0.0355	-0.0093	0.0904
41.0000	163.0000	Decrease Desire	Shreddies	1.0000	1.0000	2.0000	5	-1.0000	0.5544	0.1512	0.4388	0.0000	0.1512	0.1126	-1.0000	0.0687	0.0687	-0.0000	0.1302
41.0000	164.0000	Decrease Desire	MnMPlain	1.0000	1.0000	2.0000	5	-1.0000	0.5885	0.1516	0.4358	0.0000	0.1516	0.1284	-1.0000	0.0286	0.0365	-0.0079	0.1121
41.0000	165.0000	Decrease Desire	AllBranBar	1.0000	1.0000	2.0000	1	-1.0000	0.3196	0.1514	0.2517	0.0000	0.1514	0.1562	-1.0000	0.0290	0.0290	-0.0000	0.0530
41.0000	166.0000	Decrease Desire	CornFlakes	1.0000	1.0000	2.0000	3	-1.0000	0.4373	0.1514	0.2903	0.0000	0.1514	0.1126	-1.0000	0.1093	0.1093	-0.0000	0.1944
41.0000	167.0000	Decrease Desire	GreenPepper	1.0000	1.0000	5.0000	6	-1.0000	0.4036	0.1681	0.6418	0.0000	0.1681	0.2514	-1.0000	0.0485	0.0485	-0.0000	0.1290
41.0000	168.0000	Decrease Desire	BrusselsSprouts	1.0000	1.0000	6.0000	2	-1.0000	0.4880	0.1682	0.3471	0.0000	0.1682	0.0946	-1.0000	0.1447	0.1447	-0.0000	0.2500
41.0000	169.0000	Decrease Desire	GreenApple	4.0000	5.0000	6.0000	4	-1.0000	0.3698	0.1513	0.4814	0.0000	0.1513	0.1423	-1.0000	0.0473	0.0473	-0.0000	0.0831
41.0000	170.0000	Decrease Desire	Pringles	1.0000	3.0000	1.0000	5	-1.0000	0.6892	0.3866	0.1683	0.0000	0.3866	0.1808	-1.0000	0.1402	0.1402	-0.0000	0.1945
41.0000	171.0000	Respond Naturally	Smarties	1.0000	1.0000	3.0000	2	-1.0000	0.9078	0.6555	0.2446	0.0000	0.6555	0.2211	-1.0000	0.1034	0.1040	-0.0007	0.1507
41.0000	172.0000	Respond Naturally	GreenGrapes	1.0000	3.0000	5.0000	1	-1.0000	0.9910	0.3695	0.2710	0.0000	0.3695	0.2111	-1.0000	0.0304	0.0304	-0.0000	0.1088
41.0000	173.0000	Respond Naturally	ClamJuice	1.0000	1.0000	2.0000	1	1.0000	1.0930	0.2186	0.0616	1.0000	0.5550	0.2608	-1.0000	0.6614	0.6614	-0.0000	1.2690
41.0000	174.0000	Respond Naturally	KashiBars	1.0000	1.0000	2.0000	4	-1.0000	0.5715	0.3697	-0.1124	0.0000	0.3697	0.1712	-1.0000	0.1364	0.1364	-0.0000	0.1942
41.0000	175.0000	Respond Naturally	Celery	1.0000	1.0000	6.0000	2	-1.0000	0.7230	0.5212	-0.0135	0.0000	0.5212	0.2496	-1.0000	0.0877	0.0877	-0.0000	0.1438
41.0000	176.0000	Respond Naturally	IceCreamChocolate	4.0000	5.0000	4.0000	1	1.0000	1.2434	0.5376	-0.1433	0.0000	0.5376	0.2330	1.0000	0.0379	0.0641	-0.0262	0.1632
41.0000	177.0000	Respond Naturally	CheeseNips	1.0000	1.0000	1.0000	2	-1.0000	0.5210	0.4032	0.1324	0.0000	0.4032	0.2940	-1.0000	0.1843	0.1843	-0.0000	0.2195
41.0000	178.0000	Respond Naturally	Aero	1.0000	1.0000	1.0000	1	-1.0000	0.5881	0.3526	0.1226	0.0000	0.3526	0.2277	-1.0000	0.0954	0.0954	-0.0000	0.1657
41.0000	179.0000	Respond Naturally	Almonds	2.0000	4.0000	5.0000	4	1.0000	0.9416	0.3866	0.0000	0.0000	0.3866	0.1428	1.0000	0.0623	0.0623	-0.0000	0.1129
41.0000	180.0000	Respond Naturally	SpeltCakes	1.0000	1.0000	3.0000	2	-1.0000	0.6559	0.5214	0.0052	0.0000	0.5214	0.3881	-1.0000	0.1703	0.1703	-0.0000	0.2087
41.0000	181.0000	Respond Naturally	OatmealSquares	1.0000	1.0000	3.0000	3	-1.0000	0.9755	0.5213	0.3101	0.0000	0.5213	0.2443	-1.0000	0.0051	0.0114	-0.0063	0.0582
41.0000	182.0000	Respond Naturally	Shreddies	1.0000	1.0000	3.0000	2	-1.0000	0.7232	0.2019	0.5299	0.0000	0.2019	0.1626	-1.0000	0.0859	0.0860	-0.0000	0.1687
41.0000	183.0000	Respond Naturally	Avocado	1.0000	3.0000	4.0000	5	-1.0000	0.8576	0.1513	0.3405	2.0000	0.6052	0.2678	-1.0000	0.1771	0.1774	-0.0002	0.4150
41.0000	184.0000	Respond Naturally	TofuDessert	1.0000	4.0000	4.0000	4	1.0000	1.1766	0.9243	-0.0875	0.0000	0.9243	0.2356	1.0000	0.1299	0.1300	-0.0001	0.1933
41.0000	185.0000	Respond Naturally	Fritos	1.0000	3.0000	3.0000	5	-1.0000	0.8402	0.3530	-0.0136	0.0000	0.3530	0.1343	-1.0000	0.1056	0.1154	-0.0098	0.2294
41.0000	186.0000	Respond Naturally	ProMax	1.0000	1.0000	2.0000	2	-1.0000	1.0259	0.6560	0.2221	0.0000	0.6560	0.1528	-1.0000	0.1394	0.1394	-0.0000	0.2034
41.0000	187.0000	Respond Naturally	SkimMilk	1.0000	3.0000	5.0000	4	-1.0000	0.9081	0.7063	0.0630	0.0000	0.7063	0.3133	-1.0000	0.1962	0.1962	-0.0000	0.2581
41.0000	188.0000	Respond Naturally	Beets	2.0000	1.0000	3.0000	2	-1.0000	0.6056	0.3865	0.0936	0.0000	0.3865	0.2695	-1.0000	0.1168	0.1172	-0.0004	0.1653
41.0000	189.0000	Respond Naturally	Caramilk	1.0000	1.0000	1.0000	2	-1.0000	0.8068	0.2689	0.2601	0.0000	0.2689	0.2902	-1.0000	-0.0123	0.0325	-0.0449	-0.1087
41.0000	190.0000	Respond Naturally	ClamJuice	1.0000	4.0000	3.0000	3	1.0000	1.1940	0.1513	-0.3592	1.0000	0.4036	0.2664	-1.0000	0.3544	0.3713	-0.0169	0.9697
41.0000	191.0000	Decrease Desire	MangoChunks	1.0000	5.0000	3.0000	2	1.0000	2.0162	1.8481	-0.0903	0.0000	1.8481	0.1951	1.0000	0.1151	0.1151	-0.0000	0.1707
41.0000	192.0000	Decrease Desire	PopTartStrawberry	1.0000	1.0000	1.0000	2	-1.0000	0.6222	0.2691	0.0803	0.0000	0.2691	0.1061	-1.0000	0.1059	0.1059	-0.0000	0.1692
41.0000	193.0000	Decrease Desire	Caramilk	1.0000	1.0000	2.0000	5	-1.0000	0.5214	0.1514	0.5148	0.0000	0.1514	0.1055	-1.0000	0.0193	0.0268	-0.0076	0.0820
41.0000	194.0000	Decrease Desire	RedPepper	1.0000	1.0000	6.0000	5	-1.0000	0.5886	0.1850	-0.0000	0.0000	0.1850	0.2550	-1.0000	0.1089	0.1095	-0.0007	0.2433
41.0000	195.0000	Decrease Desire	Spinach	1.0000	1.0000	6.0000	4	-1.0000	0.7569	0.2018	0.1317	0.0000	0.2018	0.2215	-1.0000	0.0194	0.0340	-0.0145	0.1177
41.0000	196.0000	Decrease Desire	SkittlesSour	1.0000	1.0000	2.0000	3	-1.0000	0.5046	0.1682	0.2353	0.0000	0.1682	0.1451	-1.0000	0.1027	0.1027	-0.0000	0.1683
41.0000	197.0000	Decrease Desire	CannedArtichoke	1.0000	1.0000	4.0000	5	-1.0000	0.3696	0.1510	0.5932	0.0000	0.1510	0.2017	-1.0000	0.1115	0.1115	-0.0000	0.1976
41.0000	198.0000	Decrease Desire	Skittles	1.0000	1.0000	1.0000	6	-1.0000	0.5045	0.1513	0.3867	0.0000	0.1513	0.0950	-1.0000	0.0657	0.0657	-0.0000	0.1383
41.0000	199.0000	Decrease Desire	OatmealSquares	1.0000	1.0000	2.0000	7	-1.0000	0.4373	0.1514	0.2387	0.0000	0.1514	0.1201	-1.0000	0.0746	0.0746	-0.0000	0.1658
41.0000	200.0000	Decrease Desire	Celery	1.0000	1.0000	5.0000	4	-1.0000	0.5214	0.1514	0.3969	0.0000	0.1514	0.1119	-1.0000	0.0403	0.0410	-0.0007	0.1162
