Subject	Trial	Instruction	Food	Liking	Taste	Health	Amount	Choice	ChoiceRT	FirstDevTimeChoice	InitAngleChoice	NumChangeMindChoice	FinalDevTimeChoice	MaxVelocityChoice	DrxFirstDevChoice	TotalAUCChoice	AUCtoNonChosenChoice	AUCtoChosenChoice	MaxDevChoice
21	1.0000	Respond Naturally	Broccoli	6.0000	6.0000	6.0000	4	1.0000	2.1849	0.8407	-0.0870	0.0000	0.8407	0.2471	1.0000	0.2855	0.2893	-0.0037	1.2955
21	2.0000	Respond Naturally	ProMax	1.0000	4.0000	3.0000	2	-1.0000	1.5964	0.3697	-0.2855	0.0000	0.3697	0.1990	-1.0000	0.1024	0.1024	-0.0000	0.3260
21	3.0000	Respond Naturally	Broccoli	3.0000	3.0000	4.0000	1	1.0000	3.0576	2.2173	-0.3903	0.0000	2.2173	0.1872	1.0000	0.3173	0.3173	-0.0000	0.4256
21	4.0000	Respond Naturally	SunChips	2.0000	3.0000	3.0000	2	-1.0000	2.0156	0.5877	-0.0897	0.0000	0.5877	0.1015	-1.0000	0.1038	0.1042	-0.0004	0.3008
21	5.0000	Respond Naturally	Cauliflower	2.0000	4.0000	4.0000	2	1.0000	1.9827	1.0586	-0.0853	0.0000	1.0586	0.1324	1.0000	0.1410	0.1411	-0.0000	0.3803
21	6.0000	Respond Naturally	DriedHerring	4.0000	5.0000	4.0000	1	1.0000	1.9813	1.0240	0.0538	0.0000	1.0240	0.1237	1.0000	0.1369	0.1472	-0.0103	0.2695
21	7.0000	Respond Naturally	GreenApple	6.0000	6.0000	6.0000	4	1.0000	1.3773	0.5540	0.0224	0.0000	0.5540	0.2014	1.0000	0.0052	0.0435	-0.0383	-0.2691
21	8.0000	Respond Naturally	SunChips	1.0000	5.0000	2.0000	4	-1.0000	1.3279	0.5044	-0.1083	0.0000	0.5044	0.1405	-1.0000	0.1363	0.1363	-0.0000	0.2428
21	9.0000	Respond Naturally	BabyFoodSweetPotatos	2.0000	5.0000	4.0000	2	-1.0000	2.0501	1.2433	0.0724	0.0000	1.2433	0.1062	-1.0000	0.1655	0.1702	-0.0048	0.2982
21	10.0000	Respond Naturally	FrozenPeas	6.0000	3.0000	6.0000	6	1.0000	1.5463	0.4369	-0.1453	0.0000	0.4369	0.1709	1.0000	0.0235	0.0556	-0.0321	-0.1797
21	11.0000	Decrease Desire	Bananas	5.0000	5.0000	5.0000	2	1.0000	2.7719	0.4871	0.2186	0.0000	0.4871	0.0993	1.0000	0.0181	0.0269	-0.0088	0.1242
21	12.0000	Decrease Desire	AllBranBar	1.0000	4.0000	3.0000	1	-1.0000	4.3005	0.9070	-0.2664	0.0000	0.9070	0.0704	-1.0000	0.0411	0.0418	-0.0007	0.1483
21	13.0000	Decrease Desire	Spinach	6.0000	3.0000	5.0000	4	-1.0000	6.8690	4.9036	-0.3207	0.0000	4.9036	0.1351	-1.0000	0.1336	0.1336	-0.0000	0.3020
21	14.0000	Decrease Desire	CoffeeCrisp	1.0000	4.0000	2.0000	1	-1.0000	2.3856	1.3099	-0.0053	0.0000	1.3099	0.1411	-1.0000	0.0281	0.0416	-0.0135	-0.1019
21	15.0000	Decrease Desire	AllBranBar	2.0000	5.0000	1.0000	3	-1.0000	1.4959	0.5546	0.1670	0.0000	0.5546	0.1378	-1.0000	0.0196	0.0359	-0.0163	-0.1022
21	16.0000	Decrease Desire	GreenGrapes	2.0000	4.0000	4.0000	1	1.0000	4.0151	2.9560	-0.1385	0.0000	2.9560	0.1483	1.0000	0.1254	0.1316	-0.0062	0.1755
21	17.0000	Decrease Desire	GreenPepper	4.0000	4.0000	4.0000	2	1.0000	3.6283	0.8735	0.0419	0.0000	0.8735	0.1915	1.0000	0.0067	0.0141	-0.0073	-0.0795
21	18.0000	Decrease Desire	CannedArtichoke	5.0000	3.0000	6.0000	5	1.0000	6.0971	3.8122	0.4643	0.0000	3.8122	0.0814	1.0000	0.0364	0.0568	-0.0204	0.1200
21	19.0000	Decrease Desire	Onion	3.0000	5.0000	4.0000	2	-1.0000	4.3670	3.5097	-0.2107	0.0000	3.5097	0.2294	-1.0000	0.1701	0.1701	-0.0000	0.2272
21	20.0000	Decrease Desire	EnglishCucumber	6.0000	3.0000	6.0000	5	-1.0000	2.7713	1.1082	-0.0311	0.0000	1.1082	0.0902	-1.0000	0.0828	0.0829	-0.0000	0.2149
21	21.0000	Decrease Desire	BabyFoodCarrots	4.0000	5.0000	4.0000	3	1.0000	4.6199	3.7125	0.2432	0.0000	3.7125	0.1919	1.0000	0.0957	0.0957	-0.0000	0.1758
21	22.0000	Decrease Desire	Caramilk	1.0000	6.0000	1.0000	5	-1.0000	2.0665	1.2429	-0.4766	0.0000	1.2429	0.1302	-1.0000	0.1382	0.1382	-0.0000	0.2412
21	23.0000	Decrease Desire	Tempeh	4.0000	5.0000	5.0000	4	-1.0000	4.5524	3.7288	-0.2122	0.0000	3.7288	0.1014	-1.0000	0.2481	0.2488	-0.0007	0.3737
21	24.0000	Decrease Desire	RomaineLettuce	5.0000	5.0000	6.0000	4	-1.0000	7.2554	6.5662	-0.0000	0.0000	6.5662	0.1237	-1.0000	0.1225	0.1252	-0.0027	0.1443
21	25.0000	Decrease Desire	SkimMilk	1.0000	4.0000	4.0000	1	-1.0000	2.2006	1.0915	0.1673	0.0000	1.0915	0.1100	-1.0000	0.0200	0.0315	-0.0115	-0.0870
21	26.0000	Decrease Desire	Tuna	6.0000	6.0000	6.0000	4	-1.0000	2.0829	1.4274	0.1751	0.0000	1.4274	0.1171	-1.0000	0.1384	0.1402	-0.0018	0.2064
21	27.0000	Decrease Desire	MnMPeanuts	1.0000	4.0000	1.0000	2	-1.0000	1.2774	0.5714	0.1557	0.0000	0.5714	0.0960	-1.0000	0.1125	0.1125	-0.0001	0.2039
21	28.0000	Decrease Desire	OatBran	6.0000	6.0000	6.0000	4	-1.0000	3.6956	2.7038	0.1422	0.0000	2.7038	0.0795	-1.0000	0.1018	0.1055	-0.0037	0.1443
21	29.0000	Decrease Desire	Tuna	4.0000	4.0000	4.0000	2	-1.0000	2.3691	0.7391	0.0836	0.0000	0.7391	0.2222	-1.0000	0.0274	0.0701	-0.0428	-0.2618
21	30.0000	Decrease Desire	Butternut	6.0000	6.0000	6.0000	7	1.0000	3.4773	2.7546	-0.1340	0.0000	2.7546	0.1003	1.0000	0.1699	0.1780	-0.0081	0.2337
21	31.0000	Respond Naturally	WaterChestnuts	5.0000	3.0000	5.0000	5	-1.0000	1.6972	0.8737	-0.1871	0.0000	0.8737	0.1608	-1.0000	0.2120	0.2120	-0.0000	0.4000
21	32.0000	Respond Naturally	AppleChips	4.0000	5.0000	2.0000	5	-1.0000	1.8815	0.7729	0.0607	0.0000	0.7729	0.1648	-1.0000	0.0675	0.0708	-0.0033	0.1585
21	33.0000	Respond Naturally	MnMPlain	1.0000	5.0000	3.0000	3	-1.0000	1.9489	0.7389	-0.2346	0.0000	0.7389	0.1181	-1.0000	0.0178	0.0474	-0.0296	-0.2023
21	34.0000	Respond Naturally	SlimStyles	5.0000	5.0000	2.0000	6	-1.0000	2.1172	1.1591	-0.0000	0.0000	1.1591	0.0950	-1.0000	0.0753	0.0827	-0.0073	0.1650
21	35.0000	Respond Naturally	RufflesSourCreamOnion	1.0000	5.0000	2.0000	5	-1.0000	2.7218	1.2429	0.0298	0.0000	1.2429	0.0689	-1.0000	0.0541	0.0629	-0.0088	0.1283
21	36.0000	Respond Naturally	SpeltCakes	1.0000	4.0000	3.0000	5	-1.0000	2.5533	1.6960	0.1797	0.0000	1.6960	0.0960	-1.0000	0.0824	0.0934	-0.0111	0.1338
21	37.0000	Respond Naturally	Fritos	1.0000	5.0000	1.0000	5	-1.0000	1.4447	0.4697	-0.1533	0.0000	0.4697	0.0669	-1.0000	0.0370	0.0467	-0.0097	0.1197
21	38.0000	Respond Naturally	Caramilk	1.0000	5.0000	3.0000	2	-1.0000	1.2437	0.5213	0.0588	0.0000	0.5213	0.1041	-1.0000	0.0660	0.0699	-0.0039	0.1392
21	39.0000	Respond Naturally	Reese	1.0000	6.0000	1.0000	4	-1.0000	1.1921	0.5537	0.0608	0.0000	0.5537	0.1306	-1.0000	0.0897	0.0897	-0.0000	0.1579
21	40.0000	Respond Naturally	Mars	1.0000	5.0000	1.0000	2	-1.0000	1.0414	0.4868	0.1653	0.0000	0.4868	0.1507	-1.0000	0.1081	0.1089	-0.0008	0.1819
21	41.0000	Decrease Desire	NatureValleyChocolate	1.0000	6.0000	3.0000	4	-1.0000	2.4027	0.4704	0.1551	1.0000	0.8400	0.2159	1.0000	0.3418	0.3517	-0.0099	0.6947
21	42.0000	Decrease Desire	Orange	6.0000	6.0000	6.0000	5	1.0000	1.9986	1.1257	0.1039	0.0000	1.1257	0.3375	1.0000	0.1074	0.1487	-0.0413	-0.4603
21	43.0000	Decrease Desire	Shreddies	1.0000	4.0000	3.0000	2	-1.0000	1.4792	0.5211	-0.3020	0.0000	0.5211	0.1636	-1.0000	0.0403	0.0853	-0.0449	0.2656
21	44.0000	Decrease Desire	BBQCrisps	1.0000	4.0000	1.0000	6	-1.0000	2.5710	1.3609	-0.6975	0.0000	1.3609	0.1592	-1.0000	0.1668	0.1736	-0.0068	0.4485
21	45.0000	Decrease Desire	Mackerel	6.0000	6.0000	6.0000	3	-1.0000	2.0163	1.4115	-0.2667	0.0000	1.4115	0.2235	-1.0000	0.1189	0.1189	-0.0000	0.2175
21	46.0000	Decrease Desire	OikosYogurt	4.0000	4.0000	5.0000	6	-1.0000	1.4613	0.6041	0.0020	0.0000	0.6041	0.1193	-1.0000	0.1072	0.1106	-0.0034	0.2229
21	47.0000	Decrease Desire	Smarties	1.0000	6.0000	1.0000	5	-1.0000	1.2936	0.2856	-0.1009	0.0000	0.2856	0.0892	-1.0000	0.0452	0.0452	-0.0000	0.1508
21	48.0000	Decrease Desire	IceCreamChocolate	1.0000	4.0000	1.0000	1	-1.0000	1.8817	0.5374	0.2512	0.0000	0.5374	0.1123	-1.0000	0.0220	0.0354	-0.0134	0.1121
21	49.0000	Decrease Desire	VanillaGreekYogurt	3.0000	3.0000	4.0000	2	-1.0000	8.4639	7.8421	0.0205	0.0000	7.8421	0.1418	-1.0000	0.1056	0.1079	-0.0023	0.1193
21	50.0000	Decrease Desire	FrozenOkra	5.0000	3.0000	6.0000	5	-1.0000	4.0319	3.2250	-0.2145	0.0000	3.2250	0.0861	-1.0000	0.1410	0.1430	-0.0020	0.2269
21	51.0000	Respond Naturally	Skittles	1.0000	4.0000	2.0000	3	-1.0000	1.6637	0.5375	0.0663	0.0000	0.5375	0.1211	-1.0000	0.0250	0.0697	-0.0446	-0.1858
21	52.0000	Respond Naturally	Strawberries	5.0000	6.0000	5.0000	2	-1.0000	2.3016	1.5116	-0.2871	0.0000	1.5116	0.1325	-1.0000	0.0961	0.1045	-0.0084	0.1587
21	53.0000	Respond Naturally	FrozenCorn	6.0000	6.0000	6.0000	4	1.0000	1.7965	0.7215	0.0156	0.0000	0.7215	0.1144	1.0000	0.0745	0.0897	-0.0152	0.2216
21	54.0000	Respond Naturally	Doritos	1.0000	5.0000	1.0000	5	-1.0000	1.7313	0.5715	-0.3919	0.0000	0.5715	0.1379	-1.0000	-0.0025	0.0426	-0.0451	-0.2000
21	55.0000	Respond Naturally	Starburst	1.0000	6.0000	1.0000	6	-1.0000	1.1757	0.4531	0.1352	0.0000	0.4531	0.1432	-1.0000	0.0239	0.0545	-0.0306	-0.1490
21	56.0000	Respond Naturally	ClifBar	4.0000	6.0000	5.0000	4	-1.0000	2.1166	1.3265	0.0986	0.0000	1.3265	0.1079	-1.0000	0.1000	0.1038	-0.0038	0.1622
21	57.0000	Respond Naturally	RedPepper	6.0000	5.0000	6.0000	5	-1.0000	1.9324	0.8064	0.1030	1.0000	0.9745	0.1717	1.0000	0.1530	0.1621	-0.0090	0.3524
21	58.0000	Respond Naturally	Mentos	1.0000	5.0000	1.0000	5	-1.0000	1.2600	0.5546	0.0628	0.0000	0.5546	0.1394	-1.0000	0.0648	0.0927	-0.0280	0.2108
21	59.0000	Respond Naturally	SevenGrain	4.0000	4.0000	3.0000	3	-1.0000	1.5458	0.7061	-0.6323	0.0000	0.7061	0.2597	-1.0000	-0.0071	0.0752	-0.0824	-0.3812
21	60.0000	Respond Naturally	Bananas	5.0000	6.0000	6.0000	3	1.0000	1.7306	0.8735	-0.0037	0.0000	0.8735	0.1453	1.0000	0.1212	0.1212	-0.0000	0.1955
21	61.0000	Respond Naturally	Beets	4.0000	5.0000	5.0000	2	-1.0000	2.0164	0.8569	0.1446	0.0000	0.8569	0.2212	-1.0000	0.0912	0.1078	-0.0166	0.3040
21	62.0000	Respond Naturally	FrozenCorn	6.0000	6.0000	5.0000	2	1.0000	1.6631	0.6043	-0.1594	0.0000	0.6043	0.1264	1.0000	0.0465	0.0572	-0.0107	0.1518
21	63.0000	Respond Naturally	Raspberries	4.0000	6.0000	5.0000	5	1.0000	1.8818	1.0918	0.4498	0.0000	1.0918	0.1982	1.0000	0.0708	0.0708	-0.0000	0.1478
21	64.0000	Respond Naturally	Cheetos	1.0000	6.0000	1.0000	6	-1.0000	1.3778	0.4705	-0.0747	0.0000	0.4705	0.1041	-1.0000	0.0637	0.0637	-0.0000	0.1611
21	65.0000	Respond Naturally	ClamJuice	4.0000	4.0000	4.0000	1	-1.0000	1.9494	1.0249	-0.3775	0.0000	1.0249	0.1186	-1.0000	0.0900	0.1242	-0.0342	-0.2206
21	66.0000	Respond Naturally	Raspberries	4.0000	6.0000	5.0000	4	1.0000	1.7138	0.5711	-0.0790	0.0000	0.5711	0.1227	1.0000	0.0704	0.0757	-0.0053	0.1768
21	67.0000	Respond Naturally	Orange	4.0000	4.0000	4.0000	1	1.0000	1.7643	0.9910	0.0350	0.0000	0.9910	0.1371	1.0000	0.0472	0.0592	-0.0121	0.1116
21	68.0000	Respond Naturally	GreenGrapes	5.0000	6.0000	6.0000	4	1.0000	1.3778	0.4874	0.3071	0.0000	0.4874	0.1160	1.0000	0.0206	0.0232	-0.0027	0.0621
21	69.0000	Respond Naturally	Celery	4.0000	3.0000	4.0000	2	-1.0000	3.9810	3.2750	-0.3461	0.0000	3.2750	0.1683	-1.0000	0.1309	0.1309	-0.0000	0.1981
21	70.0000	Respond Naturally	SlicedTurkey	1.0000	5.0000	2.0000	2	-1.0000	1.2102	0.5210	-0.0527	0.0000	0.5210	0.0902	-1.0000	0.0651	0.0741	-0.0090	0.1757
21	71.0000	Decrease Desire	BrusselsSprouts	6.0000	6.0000	6.0000	4	-1.0000	2.0659	1.2093	-0.2990	0.0000	1.2093	0.1277	-1.0000	0.1578	0.1769	-0.0191	0.3882
21	72.0000	Decrease Desire	Doritos	1.0000	4.0000	1.0000	2	-1.0000	1.1596	0.4704	-0.0000	0.0000	0.4704	0.1015	-1.0000	0.0191	0.0426	-0.0235	0.1281
21	73.0000	Decrease Desire	BrusselsSprouts	6.0000	3.0000	5.0000	2	-1.0000	1.4283	0.4035	0.0862	0.0000	0.4035	0.0871	-1.0000	0.0539	0.0543	-0.0004	0.1095
21	74.0000	Decrease Desire	LaysClassic	1.0000	5.0000	1.0000	3	-1.0000	1.3107	0.4869	-0.0662	0.0000	0.4869	0.1248	-1.0000	0.0685	0.0685	-0.0000	0.1281
21	75.0000	Decrease Desire	BabyFoodCarrots	6.0000	6.0000	6.0000	5	1.0000	2.5030	0.8064	0.3139	0.0000	0.8064	0.2368	1.0000	0.0441	0.0441	-0.0000	0.1559
21	76.0000	Decrease Desire	Strawberries	4.0000	6.0000	6.0000	3	-1.0000	2.5365	1.6625	-0.0919	0.0000	1.6625	0.1880	-1.0000	0.0713	0.0853	-0.0140	-0.1585
21	77.0000	Decrease Desire	OikosYogurt	4.0000	5.0000	4.0000	3	-1.0000	1.4955	0.6886	-0.0363	0.0000	0.6886	0.1541	-1.0000	0.0893	0.1057	-0.0164	0.2047
21	78.0000	Decrease Desire	FrozenBlueberries	4.0000	5.0000	6.0000	1	1.0000	2.2513	1.6127	0.1746	0.0000	1.6127	0.1098	1.0000	0.1093	0.1093	-0.0000	0.1655
21	79.0000	Decrease Desire	Smartfood	1.0000	5.0000	2.0000	4	-1.0000	3.0904	2.1998	-0.3992	0.0000	2.1998	0.1848	-1.0000	0.1869	0.1875	-0.0005	0.2652
21	80.0000	Decrease Desire	Spinach	4.0000	4.0000	5.0000	2	-1.0000	1.5464	0.5211	-0.5304	0.0000	0.5211	0.1393	-1.0000	0.1042	0.1042	-0.0000	0.2492
21	81.0000	Respond Naturally	OatmealSquares	1.0000	5.0000	2.0000	7	-1.0000	1.7641	0.4703	-0.0980	0.0000	0.4703	0.2309	-1.0000	0.0609	0.0785	-0.0176	0.2667
21	82.0000	Respond Naturally	Avocado	4.0000	4.0000	5.0000	2	1.0000	1.7474	0.9238	0.0000	0.0000	0.9238	0.1471	1.0000	0.0913	0.1022	-0.0110	0.1854
21	83.0000	Respond Naturally	Tempeh	1.0000	4.0000	5.0000	2	-1.0000	1.1260	0.4873	-0.0544	0.0000	0.4873	0.1100	-1.0000	0.0037	0.0189	-0.0152	-0.0842
21	84.0000	Respond Naturally	Triscuit	1.0000	6.0000	2.0000	5	-1.0000	2.5024	0.4032	-0.0489	0.0000	0.4032	0.2034	-1.0000	0.0319	0.0320	-0.0001	0.1728
21	85.0000	Respond Naturally	PopTartStrawberry	1.0000	6.0000	1.0000	5	-1.0000	1.4286	0.6723	-0.2199	0.0000	0.6723	0.2286	-1.0000	0.0799	0.1095	-0.0295	0.2885
21	86.0000	Respond Naturally	MnMPlain	1.0000	5.0000	1.0000	5	-1.0000	1.3275	0.7896	-0.4099	0.0000	0.7896	0.1975	-1.0000	0.0103	0.0460	-0.0357	-0.2446
21	87.0000	Respond Naturally	Pringles	1.0000	6.0000	1.0000	5	-1.0000	1.1426	0.4703	-0.3374	0.0000	0.4703	0.2317	-1.0000	0.0599	0.0671	-0.0072	0.1708
21	88.0000	Respond Naturally	PureFit	2.0000	6.0000	2.0000	4	-1.0000	1.0585	0.3361	-0.0974	0.0000	0.3361	0.1452	-1.0000	0.0548	0.0814	-0.0266	0.1879
21	89.0000	Respond Naturally	CheeseNips	2.0000	4.0000	1.0000	5	-1.0000	1.0927	0.3194	-0.2793	0.0000	0.3194	0.2090	-1.0000	0.0525	0.0760	-0.0235	0.2324
21	90.0000	Respond Naturally	EnglishCucumber	4.0000	4.0000	4.0000	2	-1.0000	1.7313	0.3699	-0.2308	2.0000	1.2272	0.3838	-1.0000	0.2353	0.2353	-0.0000	0.9809
21	91.0000	Decrease Desire	FrootLoops	1.0000	6.0000	1.0000	6	-1.0000	0.9076	0.4033	-0.1367	0.0000	0.4033	0.2811	-1.0000	0.0985	0.1681	-0.0696	0.3868
21	92.0000	Decrease Desire	FrozenBlueberries	4.0000	6.0000	6.0000	3	1.0000	1.5459	0.3026	-0.1955	1.0000	0.5042	0.3229	-1.0000	0.1767	0.2131	-0.0364	0.9509
21	93.0000	Decrease Desire	Mentos	1.0000	4.0000	3.0000	2	-1.0000	0.9408	0.3696	-0.0000	0.0000	0.3696	0.2217	-1.0000	-0.0079	0.0547	-0.0626	-0.2887
21	94.0000	Decrease Desire	ProMax	1.0000	5.0000	2.0000	4	-1.0000	0.9578	0.3865	-0.0000	0.0000	0.3865	0.2492	-1.0000	0.0497	0.0721	-0.0224	0.1794
21	95.0000	Decrease Desire	NatureValleyChocolate	1.0000	3.0000	4.0000	1	-1.0000	0.7223	0.1681	0.1774	0.0000	0.1681	0.2233	-1.0000	0.1146	0.1170	-0.0024	0.3029
21	96.0000	Decrease Desire	Nutella	1.0000	6.0000	2.0000	4	-1.0000	0.9914	0.1512	0.0147	0.0000	0.1512	0.0972	-1.0000	0.0836	0.0836	-0.0000	0.2977
21	97.0000	Decrease Desire	KashiBars	4.0000	5.0000	3.0000	1	-1.0000	0.7895	0.2690	0.0640	0.0000	0.2690	0.1737	-1.0000	0.1091	0.1244	-0.0152	0.3093
21	98.0000	Decrease Desire	IceCreamVanilla	1.0000	6.0000	2.0000	4	-1.0000	0.9747	0.1679	0.4875	0.0000	0.1679	0.0989	-1.0000	0.0997	0.0997	-0.0000	0.2591
21	99.0000	Decrease Desire	IceCreamChocolate	1.0000	4.0000	1.0000	4	-1.0000	1.0928	0.1511	-0.1762	0.0000	0.1511	0.1315	-1.0000	0.1390	0.1390	-0.0000	0.3006
21	100.0000	Decrease Desire	YorkPeppermintPatties	1.0000	5.0000	2.0000	4	-1.0000	0.8738	0.1511	0.0386	0.0000	0.1511	0.1691	-1.0000	0.1159	0.1159	-0.0000	0.2618
21	101.0000	Respond Naturally	PCChipCookie	1.0000	6.0000	2.0000	5	-1.0000	0.8574	0.3362	0.0777	0.0000	0.3362	0.1956	-1.0000	0.1407	0.1451	-0.0044	0.3938
21	102.0000	Respond Naturally	MnMPeanuts	1.0000	5.0000	1.0000	4	-1.0000	0.8235	0.2519	0.2801	0.0000	0.2519	0.0957	-1.0000	0.0874	0.0880	-0.0006	0.2075
21	103.0000	Respond Naturally	Onion	4.0000	3.0000	5.0000	4	-1.0000	1.3783	0.1681	0.1081	2.0000	0.6891	0.0965	-1.0000	0.0616	0.0706	-0.0090	0.1992
21	104.0000	Respond Naturally	Shreddies	1.0000	5.0000	2.0000	5	-1.0000	1.1256	0.5712	0.4636	0.0000	0.5712	0.1931	-1.0000	0.0909	0.0931	-0.0023	0.1677
21	105.0000	Respond Naturally	PureFit	1.0000	4.0000	3.0000	2	-1.0000	0.7895	0.3189	-0.0000	0.0000	0.3189	0.1783	-1.0000	0.1347	0.1347	-0.0000	0.2656
21	106.0000	Respond Naturally	LaysClassic	1.0000	5.0000	2.0000	4	-1.0000	0.8907	0.3529	-0.0486	0.0000	0.3529	0.1579	-1.0000	0.0598	0.0598	-0.0000	0.1898
21	107.0000	Respond Naturally	PopTartStrawberry	1.0000	4.0000	3.0000	2	-1.0000	0.8067	0.3529	0.2277	0.0000	0.3529	0.2221	-1.0000	0.0942	0.0942	-0.0000	0.2024
21	108.0000	Respond Naturally	AllBranCereal	1.0000	4.0000	4.0000	2	-1.0000	0.9244	0.1513	0.1560	0.0000	0.1513	0.1113	-1.0000	0.0243	0.0325	-0.0082	0.1234
21	109.0000	Respond Naturally	CoffeeCrisp	1.0000	6.0000	2.0000	3	-1.0000	0.7393	0.2859	0.1000	0.0000	0.2859	0.1584	-1.0000	0.0526	0.0731	-0.0204	0.1866
21	110.0000	Respond Naturally	VanillaGreekYogurt	3.0000	5.0000	4.0000	4	-1.0000	0.9411	0.1512	0.2746	0.0000	0.1512	0.1239	-1.0000	0.0953	0.0953	-0.0000	0.2317
21	111.0000	Decrease Desire	Starburst	1.0000	5.0000	2.0000	3	-1.0000	0.8909	0.3025	-0.1855	0.0000	0.3025	0.1937	-1.0000	0.0087	0.0243	-0.0156	-0.1452
21	112.0000	Decrease Desire	VegetableThins	1.0000	4.0000	3.0000	2	-1.0000	0.8234	0.1682	0.1093	0.0000	0.1682	0.1044	-1.0000	0.0739	0.0742	-0.0003	0.1829
21	113.0000	Decrease Desire	CannedArtichoke	4.0000	4.0000	5.0000	2	-1.0000	0.8572	0.1513	0.1723	0.0000	0.1513	0.1452	-1.0000	0.1901	0.1901	-0.0000	0.4033
21	114.0000	Decrease Desire	Cauliflower	6.0000	6.0000	6.0000	6	1.0000	1.3606	0.6042	NA	0.0000	0.6042	0.1080	1.0000	-0.0004	0.0047	-0.0051	0.0455
21	115.0000	Decrease Desire	SpeltCakes	1.0000	4.0000	4.0000	2	-1.0000	0.9911	0.5544	-0.3173	0.0000	0.5544	0.3596	-1.0000	0.0151	0.0151	-0.0000	0.0564
21	116.0000	Decrease Desire	Snickers	1.0000	6.0000	2.0000	3	-1.0000	0.7732	0.2857	-0.3996	0.0000	0.2857	0.1995	-1.0000	-0.0033	0.0145	-0.0178	0.0738
21	117.0000	Decrease Desire	Smarties	1.0000	5.0000	1.0000	2	-1.0000	0.8069	0.1681	-0.0280	0.0000	0.1681	0.1110	-1.0000	0.0172	0.0356	-0.0185	0.1650
21	118.0000	Decrease Desire	Pringles	1.0000	4.0000	3.0000	2	-1.0000	0.6724	0.1513	0.4460	0.0000	0.1513	0.0916	-1.0000	0.0301	0.0304	-0.0003	0.0792
21	119.0000	Decrease Desire	Mars	1.0000	6.0000	2.0000	4	-1.0000	0.6557	0.1513	0.7771	0.0000	0.1513	0.0998	-1.0000	-0.0388	0.0001	-0.0389	-0.0973
21	120.0000	Decrease Desire	WelchsFruitSnacks	1.0000	3.0000	1.0000	3	-1.0000	0.8400	0.3693	0.1204	0.0000	0.3693	0.2030	-1.0000	0.0958	0.1066	-0.0108	0.2385
21	121.0000	Decrease Desire	Cheetos	1.0000	4.0000	3.0000	3	-1.0000	0.8068	0.3192	0.2882	0.0000	0.3192	0.1613	-1.0000	0.1682	0.1682	-0.0000	0.4459
21	122.0000	Decrease Desire	RiceKrispiesCereal	1.0000	6.0000	1.0000	7	-1.0000	1.5794	0.2352	0.3383	0.0000	0.2352	0.2507	-1.0000	-0.0086	0.0268	-0.0354	-0.1921
21	123.0000	Decrease Desire	SevenGrain	1.0000	4.0000	4.0000	1	-1.0000	0.8903	0.4708	0.3617	0.0000	0.4708	0.0883	-1.0000	0.0653	0.0656	-0.0003	0.1179
21	124.0000	Decrease Desire	IceCreamVanilla	1.0000	5.0000	3.0000	1	-1.0000	1.8145	0.7728	0.2499	0.0000	0.7728	0.0913	-1.0000	0.0935	0.0935	-0.0000	0.1651
21	125.0000	Decrease Desire	TofuDessert	4.0000	6.0000	5.0000	4	-1.0000	1.2772	0.3026	0.1850	0.0000	0.3026	0.0825	-1.0000	0.0407	0.0437	-0.0030	0.1427
21	126.0000	Decrease Desire	Almonds	6.0000	6.0000	5.0000	4	1.0000	1.1253	0.1510	-0.4864	1.0000	0.4869	0.2782	-1.0000	0.4981	0.4999	-0.0018	1.2611
21	127.0000	Decrease Desire	Avocado	6.0000	6.0000	6.0000	5	1.0000	1.7641	0.9404	0.4541	0.0000	0.9404	0.1326	1.0000	0.0857	0.0904	-0.0047	0.3794
21	128.0000	Decrease Desire	AppleChips	4.0000	4.0000	3.0000	2	-1.0000	0.9244	0.4536	0.1059	0.0000	0.4536	0.1326	-1.0000	0.1611	0.1612	-0.0000	0.2934
21	129.0000	Decrease Desire	Twizzlers	1.0000	5.0000	1.0000	4	-1.0000	0.8399	0.4701	0.0015	0.0000	0.4701	0.2268	-1.0000	0.1888	0.1904	-0.0017	0.3117
21	130.0000	Decrease Desire	RomaineLettuce	4.0000	4.0000	4.0000	2	-1.0000	1.0082	0.5039	0.0952	0.0000	0.5039	0.1599	-1.0000	0.1718	0.1903	-0.0185	0.3300
21	131.0000	Respond Naturally	Asparagus	5.0000	3.0000	6.0000	3	-1.0000	1.0423	0.3530	-0.0000	0.0000	0.3530	0.1090	-1.0000	0.1142	0.1155	-0.0012	0.2357
21	132.0000	Respond Naturally	RitzCrackers	1.0000	5.0000	1.0000	2	-1.0000	0.9072	0.4198	NA	0.0000	0.4198	0.2185	-1.0000	0.0047	0.0060	-0.0013	0.0718
21	133.0000	Respond Naturally	Cheerios	1.0000	4.0000	4.0000	2	-1.0000	0.9749	0.3193	0.3201	0.0000	0.3193	0.1838	-1.0000	0.0490	0.0490	-0.0000	0.1136
21	134.0000	Respond Naturally	PCChipCookie	1.0000	4.0000	3.0000	2	-1.0000	0.9914	0.3190	0.1345	0.0000	0.3190	0.1421	-1.0000	0.1202	0.1202	-0.0000	0.1990
21	135.0000	Respond Naturally	Celery	6.0000	3.0000	6.0000	4	-1.0000	1.7474	0.2017	0.2493	2.0000	1.0421	0.2049	-1.0000	0.1350	0.1350	-0.0000	0.5373
21	136.0000	Respond Naturally	Skittles	1.0000	6.0000	1.0000	6	-1.0000	0.9241	0.4199	-0.9869	0.0000	0.4199	0.2945	-1.0000	0.0981	0.0981	-0.0000	0.2128
21	137.0000	Respond Naturally	RaisinBran	1.0000	5.0000	3.0000	3	-1.0000	1.6302	0.3025	-0.4576	0.0000	0.3025	0.1367	-1.0000	0.0670	0.0761	-0.0091	0.2096
21	138.0000	Respond Naturally	SlicedTurkey	1.0000	6.0000	1.0000	5	-1.0000	0.9076	0.3528	-0.0101	0.0000	0.3528	0.2590	-1.0000	0.0875	0.1042	-0.0167	0.2056
21	139.0000	Respond Naturally	ClamJuice	4.0000	4.0000	4.0000	3	-1.0000	1.9825	0.4201	-0.0000	0.0000	0.4201	0.1159	-1.0000	0.0367	0.0434	-0.0067	0.1860
21	140.0000	Respond Naturally	FrozenPeas	4.0000	5.0000	5.0000	2	1.0000	1.2095	0.5371	-0.0397	0.0000	0.5371	0.1332	1.0000	0.0643	0.0864	-0.0221	-0.2166
21	141.0000	Respond Naturally	BabyFoodSweetPotatos	4.0000	5.0000	4.0000	5	-1.0000	1.2101	0.3194	0.0445	0.0000	0.3194	0.2236	-1.0000	0.2100	0.2284	-0.0184	0.4796
21	142.0000	Respond Naturally	Snickers	1.0000	6.0000	1.0000	2	-1.0000	0.8236	0.3865	0.1114	0.0000	0.3865	0.2021	-1.0000	0.0907	0.0957	-0.0050	0.1830
21	143.0000	Respond Naturally	FrozenBroccoli	6.0000	3.0000	6.0000	6	1.0000	0.8403	0.3696	-0.2406	0.0000	0.3696	0.1807	1.0000	0.1950	0.1956	-0.0006	0.3627
21	144.0000	Respond Naturally	FrozenOkra	4.0000	5.0000	4.0000	2	1.0000	0.9235	0.4030	0.0658	0.0000	0.4030	0.1616	1.0000	0.0764	0.0776	-0.0012	0.1395
21	145.0000	Respond Naturally	SkittlesSour	1.0000	5.0000	3.0000	3	-1.0000	0.7561	0.3694	-0.0765	0.0000	0.3694	0.2522	-1.0000	0.0954	0.1095	-0.0141	0.2196
21	146.0000	Respond Naturally	Nutella	1.0000	4.0000	3.0000	1	-1.0000	0.7734	0.2354	-0.2388	0.0000	0.2354	0.1606	-1.0000	0.1022	0.1023	-0.0001	0.2641
21	147.0000	Respond Naturally	VegetableThins	1.0000	5.0000	2.0000	5	-1.0000	0.8909	0.2353	0.4300	0.0000	0.2353	0.1560	-1.0000	0.1001	0.1001	-0.0000	0.2786
21	148.0000	Respond Naturally	DriedApricots	4.0000	5.0000	4.0000	5	-1.0000	1.0084	0.2689	0.2269	2.0000	0.6219	0.1322	-1.0000	0.2076	0.2076	-0.0000	0.5392
21	149.0000	Respond Naturally	Aero	1.0000	4.0000	3.0000	1	-1.0000	0.9917	0.2521	0.0017	0.0000	0.2521	0.3152	-1.0000	0.0409	0.0497	-0.0088	0.1321
21	150.0000	Respond Naturally	Reese	1.0000	5.0000	2.0000	1	-1.0000	0.7562	0.2857	0.1037	0.0000	0.2857	0.1744	-1.0000	0.1182	0.1226	-0.0044	0.2595
21	151.0000	Decrease Desire	Cheerios	1.0000	6.0000	2.0000	5	-1.0000	0.9244	0.4201	-0.0653	0.0000	0.4201	0.2533	-1.0000	0.0196	0.0859	-0.0663	-0.2987
21	152.0000	Decrease Desire	ClifBar	4.0000	5.0000	4.0000	2	-1.0000	0.8571	0.1511	0.3529	0.0000	0.1511	0.1631	-1.0000	0.0302	0.0351	-0.0049	0.1315
21	153.0000	Decrease Desire	DriedHerring	5.0000	6.0000	6.0000	3	-1.0000	1.8311	1.1762	NA	0.0000	1.1762	0.1414	-1.0000	0.0286	0.0452	-0.0167	-0.1088
21	154.0000	Decrease Desire	GreenApple	4.0000	6.0000	5.0000	2	1.0000	1.2434	0.3021	-0.1176	1.0000	0.5711	0.3020	-1.0000	0.4459	0.4459	-0.0000	1.3754
21	155.0000	Decrease Desire	FrozenPeaches	4.0000	6.0000	6.0000	5	1.0000	0.9580	0.4704	0.3200	0.0000	0.4704	0.1654	1.0000	0.0598	0.0786	-0.0188	0.1593
21	156.0000	Decrease Desire	Prunes	4.0000	5.0000	5.0000	5	1.0000	0.9572	0.1509	0.7740	0.0000	0.1509	0.2023	1.0000	-0.0471	0.0092	-0.0564	-0.2237
21	157.0000	Decrease Desire	HoneyNutCheerios	1.0000	3.0000	3.0000	2	-1.0000	0.8899	0.3526	-0.0224	0.0000	0.3526	0.4296	-1.0000	0.0479	0.1500	-0.1021	-0.4141
21	158.0000	Decrease Desire	YorkPeppermintPatties	1.0000	4.0000	3.0000	2	-1.0000	1.2773	0.4371	0.0615	0.0000	0.4371	0.1424	-1.0000	0.1005	0.1005	-0.0000	0.2335
21	159.0000	Decrease Desire	TofuDessert	4.0000	5.0000	4.0000	2	-1.0000	1.0586	0.4366	-0.1348	0.0000	0.4366	0.2009	-1.0000	0.0940	0.1025	-0.0085	0.2225
21	160.0000	Decrease Desire	CornFlakes	1.0000	4.0000	2.0000	3	-1.0000	1.2938	0.4872	0.0216	0.0000	0.4872	0.1559	-1.0000	0.1134	0.1154	-0.0020	0.2515
21	161.0000	Respond Naturally	GreenBeans	5.0000	4.0000	5.0000	2	1.0000	1.8486	0.9074	0.6146	0.0000	0.9074	0.1827	1.0000	0.2112	0.2179	-0.0067	0.5164
21	162.0000	Respond Naturally	RedPepper	4.0000	4.0000	4.0000	2	-1.0000	1.2101	0.7061	-1.0668	0.0000	0.7061	0.1621	-1.0000	0.1228	0.1228	-0.0000	0.2607
21	163.0000	Respond Naturally	FrozenBroccoli	4.0000	3.0000	4.0000	2	1.0000	1.0586	0.3694	-0.0658	1.0000	0.5543	0.2356	-1.0000	0.0715	0.1189	-0.0473	0.3381
21	164.0000	Respond Naturally	Beets	4.0000	6.0000	6.0000	5	-1.0000	1.2770	0.6887	-0.0032	0.0000	0.6887	0.2508	-1.0000	0.0678	0.0850	-0.0172	0.1526
21	165.0000	Respond Naturally	FrootLoops	1.0000	5.0000	1.0000	2	-1.0000	0.8907	0.4705	-0.0208	0.0000	0.4705	0.2542	-1.0000	0.0920	0.0983	-0.0063	0.2158
21	166.0000	Respond Naturally	WaterChestnuts	4.0000	4.0000	4.0000	3	-1.0000	1.2605	0.4872	0.2678	0.0000	0.4872	0.1106	-1.0000	0.0804	0.0843	-0.0040	0.1868
21	167.0000	Respond Naturally	Almonds	4.0000	6.0000	5.0000	2	1.0000	1.4120	0.4034	-0.1261	1.0000	0.8405	0.2768	-1.0000	0.5595	0.5673	-0.0078	1.3391
21	168.0000	Respond Naturally	KashiBars	1.0000	4.0000	2.0000	4	-1.0000	0.8402	0.3529	-0.1336	0.0000	0.3529	0.4248	-1.0000	0.0659	0.0827	-0.0169	0.1782
21	169.0000	Respond Naturally	Smartfood	1.0000	4.0000	2.0000	2	-1.0000	1.1263	0.3531	-0.1858	0.0000	0.3531	0.1040	-1.0000	0.0524	0.0541	-0.0017	0.1394
21	170.0000	Respond Naturally	CheeseNips	1.0000	5.0000	1.0000	2	-1.0000	1.0420	0.4035	-0.1114	0.0000	0.4035	0.2228	-1.0000	0.0403	0.0907	-0.0504	0.3211
21	171.0000	Decrease Desire	Prunes	4.0000	6.0000	5.0000	2	-1.0000	1.5124	0.1513	0.4407	0.0000	0.1513	0.1204	-1.0000	0.0402	0.0402	-0.0000	0.2035
21	172.0000	Decrease Desire	Fritos	1.0000	4.0000	3.0000	2	-1.0000	0.6557	0.1514	1.2277	0.0000	0.1514	0.1195	-1.0000	-0.0484	0.0000	-0.0484	-0.1101
21	173.0000	Decrease Desire	FrozenPeaches	4.0000	4.0000	4.0000	2	1.0000	1.0925	0.2017	-0.6549	1.0000	0.5716	0.1994	-1.0000	0.5912	0.5912	-0.0000	1.2576
21	174.0000	Decrease Desire	Asparagus	6.0000	4.0000	6.0000	6	1.0000	2.5202	0.1849	0.1056	1.0000	1.0250	0.1743	-1.0000	0.8645	0.8648	-0.0003	1.3857
21	175.0000	Decrease Desire	AllBranCereal	1.0000	5.0000	2.0000	6	-1.0000	1.1595	0.3192	-0.0625	0.0000	0.3192	0.1439	-1.0000	0.1666	0.1666	-0.0000	0.3948
21	176.0000	Decrease Desire	Twizzlers	1.0000	4.0000	1.0000	2	-1.0000	1.1929	0.5377	-0.3222	0.0000	0.5377	0.1445	-1.0000	0.0572	0.0659	-0.0087	0.1450
21	177.0000	Decrease Desire	DriedApricots	4.0000	5.0000	4.0000	2	-1.0000	0.9578	0.3865	0.1589	0.0000	0.3865	0.1532	-1.0000	0.1464	0.1464	-0.0000	0.2443
21	178.0000	Decrease Desire	RaisinBran	1.0000	5.0000	2.0000	7	-1.0000	0.9242	0.3529	0.0511	0.0000	0.3529	0.1184	-1.0000	0.0807	0.0903	-0.0096	0.2298
21	179.0000	Decrease Desire	MangoChunks	3.0000	4.0000	4.0000	2	-1.0000	0.7901	0.1682	-0.2279	0.0000	0.1682	0.1280	-1.0000	0.0646	0.0656	-0.0010	0.2427
21	180.0000	Decrease Desire	MangoChunks	4.0000	6.0000	6.0000	5	-1.0000	1.3106	0.3193	0.1150	0.0000	0.3193	0.1592	-1.0000	0.0332	0.0372	-0.0040	0.1534
21	181.0000	Decrease Desire	GreenBeans	6.0000	5.0000	6.0000	4	1.0000	1.7645	0.5040	0.0814	1.0000	0.6216	0.1758	-1.0000	0.1633	0.1633	-0.0000	0.4531
21	182.0000	Decrease Desire	HoneyNutCheerios	2.0000	6.0000	2.0000	5	-1.0000	0.8571	0.3696	-0.0000	0.0000	0.3696	0.1665	-1.0000	0.1073	0.1084	-0.0011	0.2536
21	183.0000	Decrease Desire	WelchsFruitSnacks	1.0000	3.0000	1.0000	1	-1.0000	0.7561	0.3528	0.3330	0.0000	0.3528	0.1631	-1.0000	0.0978	0.0980	-0.0001	0.1865
21	184.0000	Decrease Desire	Mackerel	4.0000	5.0000	5.0000	1	-1.0000	0.7733	0.1681	0.4421	0.0000	0.1681	0.1922	-1.0000	0.0615	0.0615	-0.0000	0.1482
21	185.0000	Decrease Desire	RufflesSourCreamOnion	1.0000	5.0000	1.0000	3	-1.0000	0.9075	0.1514	0.0038	0.0000	0.1514	0.1294	-1.0000	-0.0222	0.0257	-0.0479	-0.1458
21	186.0000	Decrease Desire	SkittlesSour	1.0000	6.0000	2.0000	6	-1.0000	0.7727	0.2017	0.4244	0.0000	0.2017	0.1290	-1.0000	0.0230	0.0436	-0.0207	0.1302
21	187.0000	Decrease Desire	AlmondMilk	4.0000	5.0000	4.0000	2	-1.0000	1.1591	0.2018	0.4401	0.0000	0.2018	0.1444	-1.0000	0.0580	0.0580	-0.0000	0.2195
21	188.0000	Decrease Desire	OatBran	4.0000	5.0000	5.0000	2	-1.0000	1.7134	1.1420	-0.1472	0.0000	1.1420	0.1835	-1.0000	0.2404	0.2404	-0.0000	0.3138
21	189.0000	Decrease Desire	Butternut	4.0000	4.0000	5.0000	3	1.0000	1.1932	0.1512	-0.0736	1.0000	0.4034	0.3551	-1.0000	0.2312	0.2812	-0.0500	0.8971
21	190.0000	Decrease Desire	Triscuit	4.0000	4.0000	1.0000	2	-1.0000	1.0251	0.3192	-0.0937	1.0000	0.4369	0.2290	1.0000	0.0900	0.1111	-0.0211	0.2655
21	191.0000	Respond Naturally	GreenPepper	6.0000	6.0000	6.0000	6	-1.0000	9.9916	0.0000	NA	0.0000	0.0000	NA	NA	NA	NA	NA	NA
21	192.0000	Respond Naturally	RiceKrispiesCereal	2.0000	4.0000	2.0000	3	-1.0000	3.3598	0.6217	-0.0000	0.0000	0.6217	0.1366	-1.0000	0.0676	0.0676	-0.0000	0.1640
21	193.0000	Respond Naturally	RitzCrackers	1.0000	6.0000	1.0000	5	-1.0000	1.7471	1.3605	-0.1543	0.0000	1.3605	0.2160	-1.0000	0.3124	0.3124	-0.0000	0.4038
21	194.0000	Respond Naturally	CornFlakes	1.0000	6.0000	2.0000	6	-1.0000	1.0920	0.7055	-0.0824	0.0000	0.7055	0.3530	-1.0000	0.0836	0.0837	-0.0001	0.1525
21	195.0000	Respond Naturally	SkimMilk	2.0000	6.0000	3.0000	4	-1.0000	1.4271	0.9733	0.0250	0.0000	0.9733	0.2462	-1.0000	0.0852	0.1018	-0.0166	-0.1737
21	196.0000	Respond Naturally	Aero	1.0000	5.0000	1.0000	3	-1.0000	3.5940	0.5376	0.0771	0.0000	0.5376	0.2106	-1.0000	0.0263	0.0264	-0.0000	0.1615
21	197.0000	Respond Naturally	AlmondMilk	6.0000	6.0000	6.0000	4	1.0000	1.5117	0.7225	-0.1637	0.0000	0.7225	0.1431	1.0000	0.0253	0.0696	-0.0443	-0.2145
21	198.0000	Respond Naturally	BBQCrisps	1.0000	4.0000	3.0000	2	-1.0000	0.8739	0.4032	0.0793	0.0000	0.4032	0.1758	-1.0000	0.0876	0.1009	-0.0133	0.1933
21	199.0000	Respond Naturally	OatmealSquares	1.0000	4.0000	4.0000	3	-1.0000	0.9748	0.4705	-0.2530	0.0000	0.4705	0.3972	-1.0000	-0.0853	0.0168	-0.1021	-0.4052
21	200.0000	Respond Naturally	SlimStyles	4.0000	4.0000	2.0000	2	-1.0000	1.0584	0.5881	0.0569	0.0000	0.5881	0.3014	-1.0000	0.0955	0.0955	-0.0000	0.1232
