Subject	Trial	Instruction	Food	Liking	Taste	Health	Amount	Choice	ChoiceRT	FirstDevTimeChoice	InitAngleChoice	NumChangeMindChoice	FinalDevTimeChoice	MaxVelocityChoice	DrxFirstDevChoice	TotalAUCChoice	AUCtoNonChosenChoice	AUCtoChosenChoice	MaxDevChoice
61.0000	1.0000	Decrease Desire	FrozenBlueberries	2.0000	4.0000	5.0000	3	-1.0000	1.7124	1.1748	-0.1255	0.0000	1.1748	0.1196	-1.0000	0.2975	0.2975	-0.0000	0.3958
61.0000	2.0000	Decrease Desire	RomaineLettuce	4.0000	4.0000	6.0000	4	-1.0000	0.8731	0.4199	-0.2046	0.0000	0.4199	0.1808	-1.0000	0.1624	0.1624	-0.0000	0.3345
61.0000	3.0000	Decrease Desire	Mentos	6.0000	4.0000	4.0000	2	-1.0000	1.6292	0.6212	-0.0855	0.0000	0.6212	0.1424	-1.0000	0.1692	0.1692	-0.0000	0.3267
61.0000	4.0000	Decrease Desire	GreenPepper	4.0000	4.0000	5.0000	6	-1.0000	0.9575	0.5037	-0.1051	0.0000	0.5037	0.2949	-1.0000	0.2313	0.2313	-0.0000	0.3106
61.0000	5.0000	Decrease Desire	WaterChestnuts	2.0000	1.0000	5.0000	5	-1.0000	1.2587	0.3522	-0.0265	0.0000	0.3522	0.1030	-1.0000	0.2516	0.2516	-0.0000	0.4168
61.0000	6.0000	Decrease Desire	PCChipCookie	4.0000	3.0000	2.0000	2	-1.0000	3.0042	0.9740	-0.0771	1.0000	1.9801	0.2413	1.0000	0.8595	0.8595	-0.0000	1.4576
61.0000	7.0000	Decrease Desire	Cauliflower	2.0000	2.0000	4.0000	2	-1.0000	1.1417	0.5538	0.1879	0.0000	0.5538	0.2099	-1.0000	0.1250	0.1250	-0.0000	0.2701
61.0000	8.0000	Decrease Desire	Shreddies	2.0000	2.0000	6.0000	5	-1.0000	1.9313	0.8731	0.1090	1.0000	1.1419	0.2772	1.0000	0.5593	0.5593	-0.0000	1.4711
61.0000	9.0000	Decrease Desire	BBQCrisps	6.0000	4.0000	2.0000	2	1.0000	1.8476	0.8062	0.0198	1.0000	1.0750	0.3085	-1.0000	0.5304	0.5304	-0.0000	0.9961
61.0000	10.0000	Decrease Desire	SlicedTurkey	2.0000	2.0000	4.0000	5	-1.0000	1.5616	0.6040	-0.1457	0.0000	0.6040	0.1374	-1.0000	0.2418	0.2418	-0.0000	0.4860
61.0000	11.0000	Respond Naturally	MnMPlain	6.0000	5.0000	1.0000	3	1.0000	1.0750	0.4199	NA	0.0000	0.4199	0.1652	1.0000	0.0496	0.0525	-0.0029	0.2065
61.0000	12.0000	Respond Naturally	AlmondMilk	2.0000	2.0000	5.0000	2	-1.0000	1.4114	0.4872	-0.3750	0.0000	0.4872	0.0972	-1.0000	0.1269	0.1301	-0.0031	0.2841
61.0000	13.0000	Respond Naturally	Onion	2.0000	3.0000	4.0000	2	-1.0000	1.9314	0.8565	-0.0402	0.0000	0.8565	0.0919	-1.0000	0.0644	0.0644	-0.0000	0.1748
61.0000	14.0000	Respond Naturally	Mentos	6.0000	5.0000	1.0000	5	1.0000	1.0917	0.4703	0.1130	0.0000	0.4703	0.1007	1.0000	0.0638	0.0739	-0.0101	0.1621
61.0000	15.0000	Respond Naturally	WaterChestnuts	3.0000	1.0000	5.0000	3	-1.0000	0.8565	0.4701	0.0327	0.0000	0.4701	0.1808	-1.0000	0.2951	0.2951	-0.0000	0.5703
61.0000	16.0000	Respond Naturally	TofuDessert	2.0000	1.0000	3.0000	2	-1.0000	0.8568	0.1849	0.0721	0.0000	0.1849	0.1716	-1.0000	0.1737	0.1737	-0.0000	0.4093
61.0000	17.0000	Respond Naturally	BabyFoodSweetPotatos	1.0000	1.0000	5.0000	5	-1.0000	1.0586	0.3528	0.2019	0.0000	0.3528	0.0935	-1.0000	0.1128	0.1128	-0.0000	0.2380
61.0000	18.0000	Respond Naturally	YorkPeppermintPatties	2.0000	1.0000	4.0000	4	-1.0000	1.2597	0.7053	-0.0000	0.0000	0.7053	0.1718	-1.0000	0.1917	0.1917	-0.0000	0.2827
61.0000	19.0000	Respond Naturally	Mars	6.0000	4.0000	1.0000	2	1.0000	1.0415	0.4704	-0.1045	0.0000	0.4704	0.2250	1.0000	0.1956	0.1981	-0.0025	0.4051
61.0000	20.0000	Respond Naturally	Mackerel	1.0000	1.0000	3.0000	3	-1.0000	0.9738	0.4193	-0.1714	0.0000	0.4193	0.1924	-1.0000	0.3544	0.3544	-0.0000	0.7161
61.0000	21.0000	Decrease Desire	Starburst	5.0000	4.0000	2.0000	3	1.0000	1.6450	0.9900	0.1091	0.0000	0.9900	0.4464	1.0000	0.3169	0.3169	-0.0000	0.4371
61.0000	22.0000	Decrease Desire	FrozenBlueberries	2.0000	2.0000	4.0000	1	-1.0000	2.6687	2.1317	-0.1099	0.0000	2.1317	0.1825	-1.0000	0.4377	0.4483	-0.0106	0.5504
61.0000	23.0000	Decrease Desire	FrozenOkra	1.0000	1.0000	6.0000	5	-1.0000	1.3097	0.3358	-0.0700	0.0000	0.3358	0.3053	-1.0000	0.1581	0.1902	-0.0321	0.5549
61.0000	24.0000	Decrease Desire	AppleChips	3.0000	3.0000	4.0000	2	-1.0000	1.9477	1.0238	-0.0000	0.0000	1.0238	0.2215	-1.0000	0.2405	0.2405	-0.0000	0.4074
61.0000	25.0000	Decrease Desire	BrusselsSprouts	1.0000	1.0000	1.0000	4	-1.0000	1.2091	0.6882	0.1658	0.0000	0.6882	0.1478	-1.0000	0.3060	0.3060	-0.0000	0.4050
61.0000	26.0000	Decrease Desire	Smarties	6.0000	6.0000	1.0000	2	1.0000	1.8809	0.1509	0.0201	1.0000	0.6382	0.2172	-1.0000	0.7484	0.7613	-0.0128	1.3126
61.0000	27.0000	Decrease Desire	VegetableThins	2.0000	4.0000	5.0000	5	1.0000	1.5782	0.8729	0.0997	0.0000	0.8729	0.2206	1.0000	0.2585	0.2585	-0.0000	0.3796
61.0000	28.0000	Decrease Desire	GreenApple	5.0000	4.0000	6.0000	4	1.0000	1.1251	0.6885	0.2306	0.0000	0.6885	0.1978	1.0000	0.2470	0.2472	-0.0003	0.5064
61.0000	29.0000	Decrease Desire	PureFit	2.0000	2.0000	6.0000	4	-1.0000	0.9742	0.5038	-0.1292	0.0000	0.5038	0.3000	-1.0000	0.2389	0.2607	-0.0218	0.4431
61.0000	30.0000	Decrease Desire	SunChips	6.0000	5.0000	3.0000	4	-1.0000	1.5289	0.6889	0.0913	1.0000	0.8905	0.2284	1.0000	0.4140	0.4140	-0.0000	0.9245
61.0000	31.0000	Respond Naturally	AlmondMilk	1.0000	1.0000	5.0000	4	-1.0000	1.3604	0.7725	-0.0948	0.0000	0.7725	0.3077	-1.0000	0.2810	0.2819	-0.0009	0.5016
61.0000	32.0000	Respond Naturally	Avocado	1.0000	1.0000	6.0000	5	-1.0000	1.7298	1.1417	0.0260	0.0000	1.1417	0.1453	-1.0000	0.3863	0.3863	-0.0000	0.4951
61.0000	33.0000	Respond Naturally	Cheetos	4.0000	2.0000	3.0000	3	-1.0000	1.7131	0.4871	0.0579	1.0000	0.6551	0.2384	1.0000	0.1784	0.2157	-0.0373	0.5394
61.0000	34.0000	Respond Naturally	Tempeh	3.0000	1.0000	6.0000	4	-1.0000	1.2096	0.9406	0.1123	0.0000	0.9406	0.1582	-1.0000	0.2491	0.2491	-0.0000	0.3920
61.0000	35.0000	Respond Naturally	SevenGrain	2.0000	2.0000	6.0000	3	-1.0000	2.1661	1.8468	0.1263	0.0000	1.8468	0.1860	-1.0000	0.4151	0.4151	-0.0000	0.5486
61.0000	36.0000	Respond Naturally	Broccoli	1.0000	3.0000	6.0000	1	-1.0000	1.6611	1.1918	-0.1103	0.0000	1.1918	0.1348	-1.0000	0.1555	0.1555	-0.0001	0.2144
61.0000	37.0000	Respond Naturally	CheeseNips	6.0000	4.0000	1.0000	5	1.0000	0.9064	0.3862	0.3019	0.0000	0.3862	0.1560	1.0000	0.0784	0.0815	-0.0031	0.1406
61.0000	38.0000	Respond Naturally	CheeseNips	6.0000	3.0000	1.0000	2	1.0000	0.8738	0.2855	0.0040	0.0000	0.2855	0.3214	1.0000	0.2645	0.2686	-0.0040	0.5961
61.0000	39.0000	Respond Naturally	SunChips	5.0000	4.0000	3.0000	2	1.0000	0.8737	0.3864	0.2680	0.0000	0.3864	0.1357	1.0000	0.2910	0.2910	-0.0000	0.4973
61.0000	40.0000	Respond Naturally	ClifBar	2.0000	1.0000	5.0000	4	-1.0000	0.9576	0.5038	-0.1933	0.0000	0.5038	0.2541	-1.0000	0.3522	0.3531	-0.0009	0.6189
61.0000	41.0000	Decrease Desire	Tuna	2.0000	2.0000	5.0000	4	-1.0000	1.2423	0.6212	0.0469	0.0000	0.6212	0.1671	-1.0000	0.1255	0.1255	-0.0000	0.2040
61.0000	42.0000	Decrease Desire	Twizzlers	4.0000	3.0000	1.0000	4	-1.0000	1.1258	0.6889	-0.1027	0.0000	0.6889	0.3077	-1.0000	0.2268	0.2275	-0.0008	0.4137
61.0000	43.0000	Decrease Desire	Cheetos	5.0000	1.0000	1.0000	6	-1.0000	0.8233	0.2183	0.0552	0.0000	0.2183	0.0993	-1.0000	0.2694	0.2694	-0.0000	0.4477
61.0000	44.0000	Decrease Desire	OatmealSquares	4.0000	2.0000	6.0000	7	-1.0000	1.9314	0.2857	0.1257	0.0000	0.2857	0.1676	-1.0000	0.0953	0.1228	-0.0275	0.4864
61.0000	45.0000	Decrease Desire	ClifBar	2.0000	2.0000	6.0000	2	-1.0000	1.0415	0.6046	0.1413	0.0000	0.6046	0.1346	-1.0000	0.1749	0.1749	-0.0000	0.2980
61.0000	46.0000	Decrease Desire	GreenGrapes	4.0000	5.0000	5.0000	1	-1.0000	1.5612	1.0915	0.1525	0.0000	1.0915	0.2079	-1.0000	0.3362	0.3362	-0.0000	0.4841
61.0000	47.0000	Decrease Desire	OatmealSquares	2.0000	2.0000	6.0000	3	-1.0000	1.0919	0.3695	0.1602	0.0000	0.3695	0.2735	-1.0000	0.1964	0.2373	-0.0410	0.6045
61.0000	48.0000	Decrease Desire	Caramilk	6.0000	6.0000	2.0000	5	1.0000	1.1247	0.3017	0.1794	1.0000	0.5199	0.2795	-1.0000	0.4093	0.4144	-0.0051	1.0042
61.0000	49.0000	Decrease Desire	Cheerios	2.0000	3.0000	4.0000	5	-1.0000	1.9315	0.5709	-0.0189	0.0000	0.5709	0.1971	-1.0000	0.3302	0.3497	-0.0195	0.6731
61.0000	50.0000	Decrease Desire	PopTartStrawberry	5.0000	3.0000	1.0000	2	-1.0000	1.2262	0.7053	-0.0063	0.0000	0.7053	0.1173	-1.0000	0.3161	0.3183	-0.0022	0.4740
61.0000	51.0000	Respond Naturally	HoneyNutCheerios	4.0000	3.0000	6.0000	2	1.0000	1.3765	0.9734	0.1855	0.0000	0.9734	0.1796	1.0000	0.2840	0.2840	-0.0000	0.3777
61.0000	52.0000	Respond Naturally	FrozenPeaches	4.0000	2.0000	5.0000	5	-1.0000	1.3938	0.4196	-0.3878	2.0000	0.7556	0.2231	-1.0000	0.4361	0.4461	-0.0100	0.9838
61.0000	53.0000	Respond Naturally	CoffeeCrisp	5.0000	6.0000	1.0000	1	1.0000	1.0076	0.4702	0.3778	0.0000	0.4702	0.1402	1.0000	0.1696	0.1696	-0.0000	0.2872
61.0000	54.0000	Respond Naturally	GreenBeans	2.0000	2.0000	5.0000	2	-1.0000	1.3094	0.4031	0.5862	0.0000	0.4031	0.1423	-1.0000	0.0819	0.0917	-0.0098	0.2953
61.0000	55.0000	Respond Naturally	Celery	1.0000	1.0000	6.0000	2	-1.0000	1.2088	0.7392	-0.0421	0.0000	0.7392	0.1140	-1.0000	0.2207	0.2226	-0.0020	0.4085
61.0000	56.0000	Respond Naturally	Pringles	6.0000	5.0000	2.0000	2	1.0000	1.0582	0.3528	0.1174	0.0000	0.3528	0.1729	1.0000	0.1222	0.1362	-0.0140	0.3445
61.0000	57.0000	Respond Naturally	Strawberries	6.0000	4.0000	5.0000	2	-1.0000	2.1315	1.5942	-0.0000	0.0000	1.5942	0.1520	-1.0000	0.2993	0.2993	-0.0000	0.4320
61.0000	58.0000	Respond Naturally	BrusselsSprouts	1.0000	1.0000	6.0000	2	-1.0000	0.8903	0.4702	-0.0386	0.0000	0.4702	0.2111	-1.0000	0.2604	0.2728	-0.0124	0.4759
61.0000	59.0000	Respond Naturally	Fritos	5.0000	4.0000	2.0000	2	1.0000	1.0245	0.5372	-0.2157	0.0000	0.5372	0.1884	1.0000	0.0895	0.1036	-0.0141	0.2797
61.0000	60.0000	Respond Naturally	Fritos	4.0000	4.0000	3.0000	5	1.0000	1.1760	0.5879	0.7091	0.0000	0.5879	0.1225	1.0000	0.1024	0.1024	-0.0000	0.2567
61.0000	61.0000	Decrease Desire	Mars	6.0000	6.0000	6.0000	4	1.0000	2.2673	0.6209	0.0058	1.0000	1.0074	0.3333	-1.0000	0.7043	0.7156	-0.0113	1.4183
61.0000	62.0000	Decrease Desire	BabyFoodCarrots	2.0000	1.0000	3.0000	3	-1.0000	1.0583	0.5878	0.0074	0.0000	0.5878	0.1456	-1.0000	0.2709	0.2709	-0.0000	0.3922
61.0000	63.0000	Decrease Desire	OatBran	2.0000	1.0000	1.0000	4	-1.0000	0.8907	0.4707	0.0736	0.0000	0.4707	0.2801	-1.0000	0.3139	0.3140	-0.0001	0.5351
61.0000	64.0000	Decrease Desire	NatureValleyChocolate	6.0000	4.0000	3.0000	4	-1.0000	1.8809	0.5707	0.1206	1.0000	0.9067	0.2291	1.0000	0.6282	0.6307	-0.0025	1.3503
61.0000	65.0000	Decrease Desire	Butternut	2.0000	2.0000	5.0000	3	-1.0000	1.0243	0.5371	0.0534	0.0000	0.5371	0.2619	-1.0000	0.2938	0.2938	-0.0001	0.4707
61.0000	66.0000	Decrease Desire	EnglishCucumber	2.0000	2.0000	4.0000	2	-1.0000	1.0750	0.2684	0.1559	0.0000	0.2684	0.1636	-1.0000	0.1710	0.1710	-0.0000	0.4010
61.0000	67.0000	Decrease Desire	Doritos	5.0000	1.0000	1.0000	5	-1.0000	1.2594	0.9234	0.0306	0.0000	0.9234	0.1582	-1.0000	0.3244	0.3244	-0.0000	0.4184
61.0000	68.0000	Decrease Desire	RaisinBran	2.0000	2.0000	6.0000	7	-1.0000	1.1758	0.6382	0.0448	0.0000	0.6382	0.1813	-1.0000	0.1645	0.1800	-0.0155	0.3029
61.0000	69.0000	Decrease Desire	AllBranBar	3.0000	2.0000	6.0000	3	-1.0000	1.0582	0.5710	-0.1849	0.0000	0.5710	0.2124	-1.0000	0.2814	0.2814	-0.0000	0.4365
61.0000	70.0000	Decrease Desire	Nutella	6.0000	6.0000	2.0000	4	1.0000	1.8639	0.9398	0.2215	0.0000	0.9398	0.1818	1.0000	0.0316	0.0668	-0.0351	-0.2855
61.0000	71.0000	Respond Naturally	FrozenCorn	3.0000	3.0000	6.0000	2	-1.0000	1.7793	0.4868	-0.0000	0.0000	0.4868	0.0923	-1.0000	0.0779	0.0802	-0.0022	0.3060
61.0000	72.0000	Respond Naturally	LaysClassic	6.0000	6.0000	1.0000	4	1.0000	1.1409	0.6203	-0.0103	0.0000	0.6203	0.1371	1.0000	0.2911	0.2911	-0.0000	0.3973
61.0000	73.0000	Respond Naturally	DriedApricots	3.0000	4.0000	4.0000	2	1.0000	1.2092	0.7052	0.1320	0.0000	0.7052	0.2839	1.0000	0.3988	0.3988	-0.0000	0.5639
61.0000	74.0000	Respond Naturally	Butternut	4.0000	3.0000	5.0000	7	-1.0000	1.3103	0.4705	-0.1725	0.0000	0.4705	0.2713	-1.0000	0.4455	0.4455	-0.0000	1.0145
61.0000	75.0000	Respond Naturally	Onion	2.0000	2.0000	4.0000	4	-1.0000	0.6711	0.2514	0.0393	0.0000	0.2514	0.6578	-1.0000	0.4903	0.4903	-0.0000	0.8339
61.0000	76.0000	Respond Naturally	SkimMilk	1.0000	3.0000	5.0000	1	-1.0000	1.2433	0.7560	-0.1416	0.0000	0.7560	0.4257	-1.0000	0.5860	0.5860	-0.0000	1.0291
61.0000	77.0000	Respond Naturally	Spinach	4.0000	1.0000	5.0000	4	-1.0000	1.8978	1.3602	0.0066	0.0000	1.3602	0.1774	-1.0000	0.3872	0.3872	-0.0000	0.5813
61.0000	78.0000	Respond Naturally	SkimMilk	1.0000	2.0000	5.0000	4	-1.0000	0.7390	0.3023	-0.0553	0.0000	0.3023	0.2518	-1.0000	0.2844	0.2844	-0.0000	0.5181
61.0000	79.0000	Respond Naturally	GreenBeans	1.0000	2.0000	6.0000	4	-1.0000	0.8065	0.1849	-0.3185	0.0000	0.1849	0.2375	-1.0000	0.2977	0.2977	-0.0000	0.6762
61.0000	80.0000	Respond Naturally	NatureValleyChocolate	5.0000	4.0000	3.0000	1	1.0000	1.1426	0.3528	0.0000	0.0000	0.3528	0.1515	1.0000	0.1887	0.1896	-0.0009	0.3445
61.0000	81.0000	Decrease Desire	RedPepper	3.0000	3.0000	5.0000	5	-1.0000	1.5949	1.0574	-0.0124	0.0000	1.0574	0.1999	-1.0000	0.3163	0.3163	-0.0000	0.4516
61.0000	82.0000	Decrease Desire	IceCreamChocolate	4.0000	4.0000	4.0000	1	-1.0000	1.3941	0.7051	0.0882	0.0000	0.7051	0.2386	-1.0000	0.3292	0.3292	-0.0000	0.4406
61.0000	83.0000	Decrease Desire	ProMax	2.0000	2.0000	5.0000	4	-1.0000	1.1757	0.6214	-0.0554	0.0000	0.6214	0.1559	-1.0000	0.2262	0.2359	-0.0097	0.4023
61.0000	84.0000	Decrease Desire	Smartfood	6.0000	6.0000	1.0000	4	1.0000	1.3595	0.7555	0.0401	0.0000	0.7555	0.1295	1.0000	0.2622	0.2622	-0.0000	0.3627
61.0000	85.0000	Decrease Desire	KashiBars	3.0000	2.0000	5.0000	4	-1.0000	0.9744	0.4369	-0.3063	0.0000	0.4369	0.1668	-1.0000	0.3173	0.3173	-0.0000	0.5055
61.0000	86.0000	Decrease Desire	ClamJuice	1.0000	2.0000	3.0000	1	-1.0000	0.8399	0.3863	-0.2234	0.0000	0.3863	0.2367	-1.0000	0.3631	0.3631	-0.0000	0.6460
61.0000	87.0000	Decrease Desire	FrozenOkra	1.0000	1.0000	2.0000	2	-1.0000	1.6290	0.3359	0.0537	0.0000	0.3359	0.2096	-1.0000	0.0458	0.1195	-0.0737	0.5252
61.0000	88.0000	Decrease Desire	RufflesSourCreamOnion	6.0000	6.0000	1.0000	5	1.0000	1.1593	0.5545	0.0803	0.0000	0.5545	0.1589	1.0000	0.2063	0.2170	-0.0107	0.4429
61.0000	89.0000	Decrease Desire	SpeltCakes	4.0000	4.0000	5.0000	5	-1.0000	2.1318	0.4529	0.0277	2.0000	1.2757	0.4964	-1.0000	0.6673	0.6673	-0.0000	1.2855
61.0000	90.0000	Decrease Desire	OikosYogurt	4.0000	3.0000	4.0000	6	-1.0000	1.1409	0.6879	0.0833	0.0000	0.6879	0.3371	-1.0000	0.5705	0.5705	-0.0000	0.8865
61.0000	91.0000	Respond Naturally	Pringles	6.0000	6.0000	1.0000	5	1.0000	0.8898	0.3692	-0.0604	0.0000	0.3692	0.2784	1.0000	0.3637	0.3644	-0.0007	0.6422
61.0000	92.0000	Respond Naturally	Orange	5.0000	5.0000	5.0000	5	1.0000	1.1754	0.8063	0.1001	0.0000	0.8063	0.1863	1.0000	0.2768	0.2772	-0.0004	0.4044
61.0000	93.0000	Respond Naturally	Caramilk	5.0000	2.0000	2.0000	2	1.0000	1.1250	0.5204	0.1475	0.0000	0.5204	0.1764	1.0000	0.1575	0.1575	-0.0000	0.2932
61.0000	94.0000	Respond Naturally	BabyFoodCarrots	2.0000	1.0000	3.0000	5	-1.0000	1.3589	0.4527	-0.2630	0.0000	0.4527	0.3247	-1.0000	0.2626	0.3025	-0.0400	0.8120
61.0000	95.0000	Respond Naturally	SkittlesSour	6.0000	6.0000	2.0000	3	1.0000	4.2801	0.4201	0.0160	0.0000	0.4201	0.1259	1.0000	0.1337	0.1337	-0.0000	0.5269
61.0000	96.0000	Respond Naturally	Aero	6.0000	5.0000	2.0000	1	1.0000	0.8060	0.3355	0.0379	0.0000	0.3355	0.3532	1.0000	0.2548	0.2618	-0.0070	0.5227
61.0000	97.0000	Respond Naturally	AllBranCereal	2.0000	2.0000	6.0000	2	-1.0000	1.1580	0.6876	-0.2530	0.0000	0.6876	0.2699	-1.0000	0.4722	0.4730	-0.0008	0.7223
61.0000	98.0000	Respond Naturally	CornFlakes	4.0000	4.0000	4.0000	6	-1.0000	1.4104	0.7891	0.1416	0.0000	0.7891	0.2400	-1.0000	0.3705	0.3734	-0.0028	0.6429
61.0000	99.0000	Respond Naturally	Bananas	2.0000	4.0000	4.0000	2	-1.0000	1.2428	0.7555	0.2655	0.0000	0.7555	0.1418	-1.0000	0.2446	0.2589	-0.0143	0.4060
61.0000	100.0000	Respond Naturally	CannedArtichoke	1.0000	1.0000	6.0000	2	-1.0000	0.9742	0.4533	-0.1623	0.0000	0.4533	0.1454	-1.0000	0.3344	0.3482	-0.0138	0.5893
61.0000	101.0000	Decrease Desire	Snickers	6.0000	6.0000	1.0000	2	-1.0000	1.9990	0.3696	-0.1079	1.0000	0.6049	0.3912	1.0000	0.5182	0.5395	-0.0213	0.9702
61.0000	102.0000	Decrease Desire	Raspberries	5.0000	4.0000	4.0000	4	-1.0000	1.1251	0.6379	-0.0278	0.0000	0.6379	0.1872	-1.0000	0.3637	0.3637	-0.0000	0.4990
61.0000	103.0000	Decrease Desire	MnMPlain	6.0000	5.0000	1.0000	5	1.0000	1.3269	0.4703	0.0125	0.0000	0.4703	0.3170	1.0000	0.2579	0.2579	-0.0000	0.5143
61.0000	104.0000	Decrease Desire	Beets	2.0000	3.0000	6.0000	2	-1.0000	2.7529	1.9633	-0.1350	0.0000	1.9633	0.3348	-1.0000	0.4868	0.4868	-0.0001	0.6663
61.0000	105.0000	Decrease Desire	Celery	1.0000	3.0000	6.0000	4	-1.0000	0.9239	0.4368	-0.1371	0.0000	0.4368	0.2251	-1.0000	0.4344	0.4485	-0.0141	0.8442
61.0000	106.0000	Decrease Desire	IceCreamChocolate	5.0000	4.0000	1.0000	4	-1.0000	1.5956	1.0916	-0.1450	0.0000	1.0916	0.2437	-1.0000	0.4637	0.4637	-0.0000	0.7696
61.0000	107.0000	Decrease Desire	Almonds	5.0000	4.0000	6.0000	2	-1.0000	1.7288	0.6881	0.2186	1.0000	0.8727	0.3068	1.0000	0.5833	0.5833	-0.0000	1.2406
61.0000	108.0000	Decrease Desire	OikosYogurt	4.0000	3.0000	4.0000	3	-1.0000	1.0581	0.6886	-0.3846	0.0000	0.6886	0.3460	-1.0000	0.2206	0.2208	-0.0002	0.3362
61.0000	109.0000	Decrease Desire	LaysClassic	6.0000	5.0000	1.0000	3	1.0000	1.3265	0.5876	0.1000	0.0000	0.5876	0.2501	1.0000	0.3663	0.3668	-0.0005	0.6383
61.0000	110.0000	Decrease Desire	MangoChunks	3.0000	1.0000	6.0000	5	-1.0000	0.9070	0.3862	-0.1332	0.0000	0.3862	0.1598	-1.0000	0.1845	0.1870	-0.0024	0.3826
61.0000	111.0000	Respond Naturally	KashiBars	2.0000	3.0000	2.0000	1	-1.0000	0.9236	0.4705	-0.1331	0.0000	0.4705	0.1997	-1.0000	0.3504	0.3513	-0.0009	0.5649
61.0000	112.0000	Respond Naturally	RitzCrackers	6.0000	5.0000	3.0000	5	1.0000	0.9908	0.5036	0.0535	0.0000	0.5036	0.2775	1.0000	0.2240	0.2525	-0.0286	0.4926
61.0000	113.0000	Respond Naturally	RiceKrispiesCereal	2.0000	2.0000	2.0000	7	-1.0000	0.9909	0.6045	-0.1648	0.0000	0.6045	0.2525	-1.0000	0.3878	0.3879	-0.0001	0.5420
61.0000	114.0000	Respond Naturally	Tempeh	1.0000	2.0000	6.0000	2	-1.0000	0.8735	0.4871	-0.0000	0.0000	0.4871	0.3133	-1.0000	0.4968	0.4968	-0.0000	0.7641
61.0000	115.0000	Respond Naturally	Almonds	2.0000	4.0000	6.0000	4	1.0000	2.3355	0.8737	0.2003	1.0000	1.5625	0.2245	-1.0000	0.5178	0.5298	-0.0120	1.1201
61.0000	116.0000	Respond Naturally	FrozenBroccoli	1.0000	2.0000	5.0000	2	-1.0000	0.9236	0.2683	-0.0806	0.0000	0.2683	0.4210	-1.0000	0.3062	0.4041	-0.0980	0.8803
61.0000	117.0000	Respond Naturally	GreenGrapes	6.0000	4.0000	5.0000	4	1.0000	0.9576	0.3022	-0.0649	1.0000	0.5542	0.2957	-1.0000	0.5057	0.5082	-0.0025	1.0405
61.0000	118.0000	Respond Naturally	FrozenCorn	2.0000	3.0000	4.0000	4	-1.0000	0.7888	0.4026	-0.3083	0.0000	0.4026	0.3317	-1.0000	0.4953	0.4953	-0.0000	0.7834
61.0000	119.0000	Respond Naturally	Prunes	1.0000	1.0000	6.0000	5	-1.0000	0.8403	0.4036	-0.0507	0.0000	0.4036	0.2686	-1.0000	0.4205	0.4209	-0.0004	0.7254
61.0000	120.0000	Respond Naturally	BBQCrisps	6.0000	4.0000	2.0000	6	1.0000	1.7795	1.2589	-0.0008	0.0000	1.2589	0.2875	1.0000	0.4323	0.4323	-0.0000	0.5793
61.0000	121.0000	Respond Naturally	Twizzlers	3.0000	3.0000	1.0000	2	-1.0000	1.0245	0.5204	-0.0083	0.0000	0.5204	0.2721	-1.0000	0.3709	0.3762	-0.0053	0.6698
61.0000	122.0000	Respond Naturally	PCChipCookie	5.0000	3.0000	2.0000	5	1.0000	1.2765	0.8060	-0.0878	0.0000	0.8060	0.2939	1.0000	0.4793	0.4793	-0.0001	0.6419
61.0000	123.0000	Respond Naturally	Strawberries	5.0000	4.0000	5.0000	3	-1.0000	1.1415	0.7216	-0.3734	0.0000	0.7216	0.2991	-1.0000	0.3113	0.3367	-0.0254	0.5463
61.0000	124.0000	Respond Naturally	Triscuit	5.0000	4.0000	4.0000	2	1.0000	0.8563	0.4531	0.1025	0.0000	0.4531	0.2357	1.0000	0.3007	0.3138	-0.0132	0.5520
61.0000	125.0000	Respond Naturally	Tuna	1.0000	2.0000	5.0000	2	-1.0000	0.9070	0.4366	-0.1583	0.0000	0.4366	0.2094	-1.0000	0.3660	0.3660	-0.0000	0.5888
61.0000	126.0000	Respond Naturally	Avocado	1.0000	1.0000	6.0000	2	-1.0000	1.0071	0.5372	0.0417	0.0000	0.5372	0.1854	-1.0000	0.3913	0.3917	-0.0004	0.5993
61.0000	127.0000	Respond Naturally	CannedArtichoke	1.0000	2.0000	6.0000	5	-1.0000	0.9908	0.5543	-0.0136	0.0000	0.5543	0.1775	-1.0000	0.3019	0.3019	-0.0000	0.5181
61.0000	128.0000	Respond Naturally	PopTartStrawberry	5.0000	3.0000	1.0000	5	-1.0000	1.0582	0.6550	0.2043	0.0000	0.6550	0.2875	-1.0000	0.4045	0.4077	-0.0032	0.6111
61.0000	129.0000	Respond Naturally	WelchsFruitSnacks	6.0000	4.0000	2.0000	3	-1.0000	1.4102	0.9233	0.1912	0.0000	0.9233	0.1513	-1.0000	0.2632	0.2633	-0.0000	0.4163
61.0000	130.0000	Respond Naturally	Doritos	4.0000	2.0000	2.0000	2	1.0000	1.4779	0.4870	0.0665	0.0000	0.4870	0.1114	1.0000	0.1891	0.1910	-0.0019	0.4465
61.0000	131.0000	Decrease Desire	SkittlesSour	6.0000	5.0000	1.0000	6	1.0000	2.3316	1.7775	-0.0079	0.0000	1.7775	0.2114	1.0000	0.3979	0.3979	-0.0000	0.4788
61.0000	132.0000	Decrease Desire	AppleChips	2.0000	4.0000	5.0000	5	-1.0000	1.2092	0.5204	-0.0874	0.0000	0.5204	0.2860	-1.0000	0.4240	0.4272	-0.0032	0.8657
61.0000	133.0000	Decrease Desire	VanillaGreekYogurt	5.0000	4.0000	5.0000	4	-1.0000	1.3257	1.0239	0.0887	0.0000	1.0239	0.2019	-1.0000	0.3911	0.3911	-0.0000	0.5358
61.0000	134.0000	Decrease Desire	MnMPeanuts	6.0000	4.0000	2.0000	2	-1.0000	3.6089	3.0377	0.2275	0.0000	3.0377	0.1910	-1.0000	0.3039	0.3039	-0.0000	0.3578
61.0000	135.0000	Decrease Desire	MangoChunks	1.0000	2.0000	2.0000	2	-1.0000	1.1080	0.6039	-0.0804	0.0000	0.6039	0.1384	-1.0000	0.2407	0.2562	-0.0154	0.4380
61.0000	136.0000	Decrease Desire	Cheerios	3.0000	5.0000	3.0000	2	1.0000	1.3265	0.8728	-0.0428	0.0000	0.8728	0.1833	1.0000	0.2364	0.2364	-0.0000	0.3180
61.0000	137.0000	Decrease Desire	Raspberries	3.0000	4.0000	4.0000	5	-1.0000	0.8563	0.5035	-0.1528	0.0000	0.5035	0.2333	-1.0000	0.2958	0.2960	-0.0002	0.4669
61.0000	138.0000	Decrease Desire	SlicedTurkey	4.0000	2.0000	2.0000	2	-1.0000	1.1247	0.5539	-0.0289	0.0000	0.5539	0.1601	-1.0000	0.1712	0.1721	-0.0009	0.3055
61.0000	139.0000	Decrease Desire	Spinach	3.0000	2.0000	6.0000	2	-1.0000	2.1322	1.7290	-0.0000	0.0000	1.7290	0.1878	-1.0000	0.1912	0.1913	-0.0001	0.2392
61.0000	140.0000	Decrease Desire	Mackerel	1.0000	2.0000	3.0000	1	-1.0000	1.0243	0.5708	0.0004	0.0000	0.5708	0.2236	-1.0000	0.1236	0.1236	-0.0000	0.1948
61.0000	141.0000	Respond Naturally	FrootLoops	3.0000	3.0000	3.0000	6	-1.0000	1.2763	0.8228	0.0776	0.0000	0.8228	0.3623	-1.0000	0.3134	0.3486	-0.0352	0.5367
61.0000	142.0000	Respond Naturally	SevenGrain	2.0000	2.0000	5.0000	1	-1.0000	0.9725	0.3858	-0.0211	0.0000	0.3858	0.2832	-1.0000	0.1610	0.1850	-0.0240	0.4822
61.0000	143.0000	Respond Naturally	BabyFoodSweetPotatos	2.0000	1.0000	3.0000	2	-1.0000	0.8728	0.4527	0.1554	0.0000	0.4527	0.1624	-1.0000	0.2744	0.2744	-0.0000	0.4319
61.0000	144.0000	Respond Naturally	ProMax	1.0000	2.0000	3.0000	2	-1.0000	1.3265	0.7053	0.0086	0.0000	0.7053	0.1405	-1.0000	0.2465	0.2465	-0.0000	0.4292
61.0000	145.0000	Respond Naturally	GreenApple	6.0000	6.0000	6.0000	2	1.0000	1.3436	0.2853	-0.4202	1.0000	0.5373	0.3053	-1.0000	0.5924	0.6024	-0.0100	1.4449
61.0000	146.0000	Respond Naturally	Skittles	6.0000	5.0000	1.0000	6	-1.0000	1.6964	0.4367	-0.1412	1.0000	0.8232	0.2831	1.0000	0.5242	0.5281	-0.0039	0.9857
61.0000	147.0000	Respond Naturally	FrozenPeaches	4.0000	4.0000	4.0000	2	-1.0000	2.0655	0.5875	-0.0000	2.0000	1.6627	0.4135	-1.0000	0.3008	0.3256	-0.0248	1.3028
61.0000	148.0000	Respond Naturally	Snickers	6.0000	6.0000	1.0000	3	1.0000	0.9576	0.5207	-0.0013	0.0000	0.5207	0.1462	1.0000	0.2711	0.2712	-0.0001	0.5675
61.0000	149.0000	Respond Naturally	CornFlakes	6.0000	3.0000	4.0000	3	1.0000	1.0584	0.6384	0.5016	0.0000	0.6384	0.1379	1.0000	0.1611	0.1615	-0.0003	0.2494
61.0000	150.0000	Respond Naturally	Bananas	1.0000	3.0000	6.0000	3	-1.0000	1.3770	0.7727	-0.3486	0.0000	0.7727	0.1869	-1.0000	0.5386	0.5437	-0.0051	1.0014
61.0000	151.0000	Decrease Desire	IceCreamVanilla	6.0000	6.0000	2.0000	4	1.0000	0.9908	0.5709	0.0697	0.0000	0.5709	0.2698	1.0000	0.2830	0.2849	-0.0018	0.4292
61.0000	152.0000	Decrease Desire	Starburst	6.0000	5.0000	1.0000	6	-1.0000	1.1756	0.6213	-0.0152	0.0000	0.6213	0.1598	-1.0000	0.2504	0.2504	-0.0000	0.4100
61.0000	153.0000	Decrease Desire	Nutella	6.0000	5.0000	2.0000	1	1.0000	1.8797	1.3927	0.0237	0.0000	1.3927	0.1444	1.0000	0.3452	0.3470	-0.0018	0.4523
61.0000	154.0000	Decrease Desire	Shreddies	2.0000	3.0000	4.0000	2	-1.0000	1.3607	0.9241	0.0568	0.0000	0.9241	0.1498	-1.0000	0.4231	0.4231	-0.0000	0.6917
61.0000	155.0000	Decrease Desire	FrozenPeas	2.0000	2.0000	6.0000	6	-1.0000	0.8064	0.1512	-0.2571	0.0000	0.1512	0.2163	-1.0000	0.3534	0.3534	-0.0000	0.6532
61.0000	156.0000	Decrease Desire	RedPepper	4.0000	4.0000	5.0000	2	-1.0000	1.3433	1.0410	-0.0972	0.0000	1.0410	0.1388	-1.0000	0.3040	0.3040	-0.0000	0.4473
61.0000	157.0000	Decrease Desire	Reese	6.0000	2.0000	4.0000	4	1.0000	3.2400	0.7214	-0.1389	1.0000	1.2423	0.4109	-1.0000	0.9020	0.9028	-0.0009	1.3020
61.0000	158.0000	Decrease Desire	RitzCrackers	6.0000	3.0000	1.0000	2	-1.0000	1.4445	0.5374	-0.1130	1.0000	0.8734	0.3529	1.0000	0.5622	0.5733	-0.0111	1.2836
61.0000	159.0000	Decrease Desire	IceCreamVanilla	4.0000	2.0000	1.0000	1	1.0000	0.9913	0.4873	-0.0011	0.0000	0.4873	0.1774	1.0000	0.2734	0.2969	-0.0235	0.5844
61.0000	160.0000	Decrease Desire	Orange	5.0000	4.0000	4.0000	1	1.0000	1.2251	0.7386	0.0000	0.0000	0.7386	0.1459	1.0000	0.3344	0.3417	-0.0073	0.5597
61.0000	161.0000	Respond Naturally	EnglishCucumber	3.0000	4.0000	4.0000	5	-1.0000	2.3998	1.9629	0.0143	0.0000	1.9629	0.3173	-1.0000	0.5287	0.5287	-0.0000	0.6200
61.0000	162.0000	Respond Naturally	Reese	4.0000	3.0000	1.0000	1	1.0000	0.9739	0.3858	0.1373	0.0000	0.3858	0.1968	1.0000	0.3138	0.3138	-0.0000	0.5414
61.0000	163.0000	Respond Naturally	Prunes	1.0000	2.0000	5.0000	2	-1.0000	1.2259	0.4534	-0.1855	0.0000	0.4534	0.1938	-1.0000	0.2667	0.2723	-0.0056	0.6210
61.0000	164.0000	Respond Naturally	VanillaGreekYogurt	5.0000	2.0000	4.0000	2	1.0000	1.5443	0.8226	0.0237	0.0000	0.8226	0.1849	1.0000	0.3433	0.3696	-0.0263	0.6757
61.0000	165.0000	Respond Naturally	WelchsFruitSnacks	5.0000	4.0000	3.0000	1	-1.0000	1.0911	0.6547	-0.1368	0.0000	0.6547	0.2389	-1.0000	0.4206	0.4259	-0.0053	0.6867
61.0000	166.0000	Respond Naturally	Cauliflower	2.0000	2.0000	5.0000	6	-1.0000	1.1251	0.7221	-0.0102	0.0000	0.7221	0.2056	-1.0000	0.3399	0.3412	-0.0013	0.5019
61.0000	167.0000	Respond Naturally	DriedHerring	2.0000	1.0000	4.0000	1	-1.0000	2.7693	2.4334	0.1828	0.0000	2.4334	0.2438	-1.0000	0.4426	0.4426	-0.0000	0.5334
61.0000	168.0000	Respond Naturally	RiceKrispiesCereal	1.0000	3.0000	2.0000	3	-1.0000	2.7710	0.7553	0.0404	3.0000	1.8811	0.3626	1.0000	0.7499	0.7563	-0.0065	1.5051
61.0000	169.0000	Respond Naturally	DriedApricots	5.0000	4.0000	5.0000	5	1.0000	0.8729	0.5369	0.2338	0.0000	0.5369	0.2160	1.0000	0.2799	0.2799	-0.0000	0.4434
61.0000	170.0000	Respond Naturally	PureFit	1.0000	1.0000	6.0000	2	-1.0000	1.5281	0.7894	0.0964	0.0000	0.7894	0.2770	-1.0000	0.2727	0.2911	-0.0184	0.5691
61.0000	171.0000	Decrease Desire	RomaineLettuce	5.0000	4.0000	5.0000	2	-1.0000	1.5603	1.0234	-0.0005	0.0000	1.0234	0.2495	-1.0000	0.3409	0.3409	-0.0000	0.4614
61.0000	172.0000	Decrease Desire	Aero	6.0000	5.0000	1.0000	3	1.0000	0.8568	0.4537	-0.0389	0.0000	0.4537	0.3155	1.0000	0.5273	0.5273	-0.0001	0.9110
61.0000	173.0000	Decrease Desire	SlimStyles	1.0000	1.0000	2.0000	2	-1.0000	0.7389	0.4365	-0.1148	0.0000	0.4365	0.2903	-1.0000	0.4746	0.4746	-0.0000	0.6955
61.0000	174.0000	Decrease Desire	DriedHerring	1.0000	1.0000	2.0000	3	-1.0000	1.0414	0.3864	-0.1133	0.0000	0.3864	0.2234	-1.0000	0.3333	0.3417	-0.0084	0.7833
61.0000	175.0000	Decrease Desire	Broccoli	2.0000	1.0000	6.0000	4	-1.0000	0.7727	0.4199	0.0513	0.0000	0.4199	0.1939	-1.0000	0.3589	0.3589	-0.0000	0.5658
61.0000	176.0000	Decrease Desire	Skittles	5.0000	4.0000	1.0000	3	-1.0000	0.9746	0.2016	-0.1360	2.0000	0.5881	0.2158	-1.0000	0.4427	0.4427	-0.0000	0.8293
61.0000	177.0000	Decrease Desire	CoffeeCrisp	6.0000	5.0000	1.0000	3	1.0000	1.1086	0.2016	0.0097	1.0000	0.4200	0.3245	-1.0000	0.4927	0.4927	-0.0000	1.1132
61.0000	178.0000	Decrease Desire	ClamJuice	1.0000	2.0000	6.0000	3	-1.0000	0.7384	0.2180	0.3520	0.0000	0.2180	0.2030	-1.0000	0.2632	0.2632	-0.0000	0.4606
61.0000	179.0000	Decrease Desire	SlimStyles	1.0000	1.0000	6.0000	6	-1.0000	0.7390	0.2854	0.0087	0.0000	0.2854	0.1588	-1.0000	0.2823	0.2824	-0.0000	0.4568
61.0000	180.0000	Decrease Desire	RufflesSourCreamOnion	6.0000	5.0000	1.0000	3	1.0000	1.5103	0.3527	0.3222	1.0000	0.5036	0.3072	-1.0000	0.1950	0.1950	-0.0000	1.1636
61.0000	181.0000	Respond Naturally	Beets	2.0000	2.0000	5.0000	5	-1.0000	0.8733	0.5542	0.1970	0.0000	0.5542	0.3177	-1.0000	0.3379	0.3379	-0.0000	0.5282
61.0000	182.0000	Respond Naturally	Smarties	6.0000	6.0000	1.0000	5	1.0000	0.9568	0.5709	-0.1988	0.0000	0.5709	0.3849	1.0000	0.1607	0.1759	-0.0152	0.3897
61.0000	183.0000	Respond Naturally	Asparagus	1.0000	1.0000	6.0000	6	-1.0000	0.9746	0.4032	-0.0375	0.0000	0.4032	0.1956	-1.0000	0.1552	0.1557	-0.0005	0.3447
61.0000	184.0000	Respond Naturally	FrozenBroccoli	1.0000	2.0000	6.0000	6	-1.0000	1.0248	0.4873	-0.0237	0.0000	0.4873	0.2470	-1.0000	0.3452	0.3576	-0.0124	0.6569
61.0000	185.0000	Respond Naturally	YorkPeppermintPatties	1.0000	1.0000	5.0000	2	-1.0000	1.0077	0.5878	0.2887	0.0000	0.5878	0.2338	-1.0000	0.2487	0.2487	-0.0000	0.3734
61.0000	186.0000	Respond Naturally	OatBran	1.0000	1.0000	1.0000	2	-1.0000	0.8736	0.4202	-0.0419	0.0000	0.4202	0.2091	-1.0000	0.2112	0.2112	-0.0000	0.4194
61.0000	187.0000	Respond Naturally	HoneyNutCheerios	4.0000	1.0000	3.0000	5	-1.0000	1.3777	0.5545	-0.0591	1.0000	0.8064	0.3494	1.0000	0.3804	0.3898	-0.0094	1.0719
61.0000	188.0000	Respond Naturally	AllBranBar	2.0000	2.0000	4.0000	1	1.0000	1.9129	0.3353	0.0037	1.0000	0.9058	0.2750	-1.0000	0.6837	0.6837	-0.0000	1.1344
61.0000	189.0000	Respond Naturally	Smartfood	6.0000	5.0000	1.0000	2	1.0000	0.9069	0.5205	-0.1695	0.0000	0.5205	0.3490	1.0000	0.2964	0.3537	-0.0574	0.6090
61.0000	190.0000	Respond Naturally	FrootLoops	4.0000	4.0000	3.0000	2	1.0000	0.7896	0.3696	0.1127	0.0000	0.3696	0.5397	1.0000	0.4597	0.4597	-0.0000	0.8086
61.0000	191.0000	Decrease Desire	TofuDessert	2.0000	1.0000	4.0000	4	-1.0000	1.0412	0.5203	0.0008	0.0000	0.5203	0.2284	-1.0000	0.2564	0.2723	-0.0159	0.4736
61.0000	192.0000	Decrease Desire	MnMPeanuts	6.0000	4.0000	1.0000	4	-1.0000	2.0662	0.2688	-0.1323	2.0000	1.0417	0.3810	-1.0000	0.7052	0.7338	-0.0287	1.4852
61.0000	193.0000	Decrease Desire	FrozenPeas	2.0000	2.0000	6.0000	2	-1.0000	0.8735	0.4366	-0.0546	0.0000	0.4366	0.2365	-1.0000	0.1914	0.2187	-0.0274	0.4082
61.0000	194.0000	Decrease Desire	GreenPepper	5.0000	4.0000	5.0000	2	-1.0000	0.7056	0.2688	0.0484	0.0000	0.2688	0.2622	-1.0000	0.3293	0.3293	-0.0000	0.6378
61.0000	195.0000	Decrease Desire	Triscuit	5.0000	3.0000	4.0000	5	-1.0000	1.6458	0.4532	0.0762	1.0000	0.9235	0.3919	1.0000	0.7017	0.7018	-0.0001	1.3233
61.0000	196.0000	Decrease Desire	VegetableThins	5.0000	5.0000	4.0000	2	-1.0000	1.7637	0.5712	0.2286	1.0000	0.9073	0.3397	1.0000	0.5234	0.5234	-0.0000	0.7810
61.0000	197.0000	Decrease Desire	AllBranCereal	2.0000	2.0000	6.0000	6	-1.0000	0.8732	0.4533	0.0252	0.0000	0.4533	0.2545	-1.0000	0.2954	0.2958	-0.0003	0.4816
61.0000	198.0000	Decrease Desire	Asparagus	1.0000	2.0000	6.0000	3	-1.0000	0.9574	0.3526	0.0184	0.0000	0.3526	0.1605	-1.0000	0.2154	0.2154	-0.0000	0.3859
61.0000	199.0000	Decrease Desire	RaisinBran	1.0000	2.0000	4.0000	3	-1.0000	1.0915	0.7555	-0.0900	0.0000	0.7555	0.2161	-1.0000	0.4688	0.4688	-0.0000	0.6407
61.0000	200.0000	Decrease Desire	SpeltCakes	4.0000	4.0000	4.0000	2	-1.0000	1.5783	0.5372	-0.0633	0.0000	0.5372	0.2669	-1.0000	0.1813	0.1820	-0.0007	0.4569
