Subject	Trial	Instruction	Food	Liking	Taste	Health	Amount	Choice	ChoiceRT	FirstDevTimeChoice	InitAngleChoice	NumChangeMindChoice	FinalDevTimeChoice	MaxVelocityChoice	DrxFirstDevChoice	TotalAUCChoice	AUCtoNonChosenChoice	AUCtoChosenChoice	MaxDevChoice
64.0000	1.0000	Respond Naturally	AlmondMilk	5.0000	5.0000	4.0000	2	1.0000	1.1089	0.2520	0.1478	0.0000	0.2520	0.0880	1.0000	0.0579	0.0668	-0.0089	0.2619
64.0000	2.0000	Respond Naturally	IceCreamChocolate	3.0000	4.0000	3.0000	1	1.0000	1.2098	0.1178	0.2008	2.0000	0.8065	0.1188	1.0000	0.1004	0.1042	-0.0038	0.2854
64.0000	3.0000	Respond Naturally	Smarties	1.0000	2.0000	1.0000	5	-1.0000	0.9744	0.3696	-0.3881	0.0000	0.3696	0.2183	-1.0000	0.1535	0.1537	-0.0001	0.3023
64.0000	4.0000	Respond Naturally	OatBran	4.0000	4.0000	4.0000	2	-1.0000	1.2264	0.7056	-0.3592	0.0000	0.7056	0.1842	-1.0000	0.2316	0.2316	-0.0000	0.4078
64.0000	5.0000	Respond Naturally	Cheetos	4.0000	6.0000	1.0000	6	1.0000	1.0074	0.5538	0.2922	0.0000	0.5538	0.1504	1.0000	0.1603	0.1603	-0.0000	0.2386
64.0000	6.0000	Respond Naturally	Caramilk	1.0000	6.0000	1.0000	5	-1.0000	1.2433	0.1680	-0.4934	1.0000	0.7057	0.3517	1.0000	0.4098	0.4098	-0.0000	0.9931
64.0000	7.0000	Respond Naturally	Reese	1.0000	4.0000	1.0000	4	-1.0000	1.0247	0.5542	-0.4734	0.0000	0.5542	0.2154	-1.0000	0.3057	0.3061	-0.0004	0.5256
64.0000	8.0000	Respond Naturally	AppleChips	4.0000	4.0000	4.0000	2	1.0000	0.9746	0.5041	0.4092	0.0000	0.5041	0.1802	1.0000	0.0127	0.0141	-0.0014	0.1094
64.0000	9.0000	Respond Naturally	CoffeeCrisp	3.0000	4.0000	2.0000	1	1.0000	0.8904	0.2688	0.6561	0.0000	0.2688	0.1436	1.0000	0.0205	0.0205	-0.0000	0.0543
64.0000	10.0000	Respond Naturally	BabyFoodCarrots	1.0000	2.0000	4.0000	3	-1.0000	1.0748	0.5875	-0.4092	0.0000	0.5875	0.2119	-1.0000	0.3347	0.3347	-0.0000	0.5465
64.0000	11.0000	Focus on Health	Broccoli	4.0000	4.0000	6.0000	4	1.0000	0.7560	0.2521	0.8843	0.0000	0.2521	0.1623	1.0000	0.0032	0.0064	-0.0031	0.0426
64.0000	12.0000	Focus on Health	Pringles	2.0000	5.0000	1.0000	2	-1.0000	1.8810	0.2849	-0.5947	3.0000	1.3434	0.5003	1.0000	0.3794	0.3798	-0.0004	1.1590
64.0000	13.0000	Focus on Health	Pringles	1.0000	6.0000	1.0000	5	-1.0000	1.3259	0.8723	-0.5259	0.0000	0.8723	0.2651	-1.0000	0.2169	0.2273	-0.0104	0.3388
64.0000	14.0000	Focus on Health	Bananas	6.0000	4.0000	4.0000	2	1.0000	1.0246	0.6380	0.5977	0.0000	0.6380	0.2184	1.0000	0.0342	0.0342	-0.0000	0.0751
64.0000	15.0000	Focus on Health	YorkPeppermintPatties	1.0000	3.0000	1.0000	4	-1.0000	1.3099	0.7890	-0.6295	0.0000	0.7890	0.2024	-1.0000	0.3512	0.3559	-0.0047	0.5256
64.0000	16.0000	Focus on Health	SkimMilk	5.0000	4.0000	4.0000	1	1.0000	0.9577	0.5039	-0.0740	0.0000	0.5039	0.2061	1.0000	0.0800	0.0825	-0.0025	0.1787
64.0000	17.0000	Focus on Health	Cheerios	3.0000	4.0000	4.0000	2	1.0000	1.0579	0.5204	0.5310	0.0000	0.5204	0.2678	1.0000	0.0469	0.0469	-0.0000	0.1357
64.0000	18.0000	Focus on Health	HoneyNutCheerios	4.0000	4.0000	4.0000	2	1.0000	0.9234	0.4193	0.0162	0.0000	0.4193	0.1979	1.0000	0.1004	0.1102	-0.0097	0.2114
64.0000	19.0000	Focus on Health	Smarties	1.0000	4.0000	2.0000	2	-1.0000	0.9903	0.5202	-0.3267	0.0000	0.5202	0.2360	-1.0000	0.1829	0.1945	-0.0116	0.3182
64.0000	20.0000	Focus on Health	Tempeh	1.0000	4.0000	2.0000	4	-1.0000	1.2594	0.8228	-0.2021	0.0000	0.8228	0.2566	-1.0000	0.0459	0.0720	-0.0261	-0.1496
64.0000	21.0000	Respond Naturally	Doritos	4.0000	4.0000	3.0000	2	1.0000	1.2096	0.1344	0.3689	0.0000	0.1344	0.0928	1.0000	0.0626	0.0629	-0.0002	0.1398
64.0000	22.0000	Respond Naturally	Prunes	3.0000	4.0000	4.0000	2	1.0000	1.1086	0.5373	0.9875	0.0000	0.5373	0.1983	1.0000	-0.0433	0.0058	-0.0490	-0.1064
64.0000	23.0000	Respond Naturally	FrozenCorn	4.0000	5.0000	5.0000	4	1.0000	1.3587	0.4357	0.5160	0.0000	0.4357	0.1277	1.0000	0.0301	0.0405	-0.0104	-0.0959
64.0000	24.0000	Respond Naturally	BabyFoodSweetPotatos	1.0000	2.0000	4.0000	2	-1.0000	0.9910	0.4534	NA	0.0000	0.4534	0.3126	-1.0000	0.1091	0.1134	-0.0043	0.2701
64.0000	25.0000	Respond Naturally	SevenGrain	4.0000	4.0000	4.0000	1	1.0000	1.2598	0.4533	0.4512	1.0000	0.7053	0.1398	-1.0000	0.0902	0.0934	-0.0032	0.2123
64.0000	26.0000	Respond Naturally	AlmondMilk	6.0000	6.0000	6.0000	4	1.0000	0.8066	0.2185	0.3943	0.0000	0.2185	0.1120	1.0000	0.0179	0.0326	-0.0148	0.0822
64.0000	27.0000	Respond Naturally	PureFit	2.0000	3.0000	1.0000	4	-1.0000	0.9911	0.4703	-0.6309	0.0000	0.4703	0.2699	-1.0000	0.0475	0.0744	-0.0270	0.1924
64.0000	28.0000	Respond Naturally	FrozenOkra	4.0000	3.0000	5.0000	5	1.0000	1.2094	0.8565	0.4104	0.0000	0.8565	0.1788	1.0000	0.1497	0.1497	-0.0000	0.3727
64.0000	29.0000	Respond Naturally	Tempeh	3.0000	4.0000	3.0000	2	1.0000	1.5443	1.1412	0.5840	0.0000	1.1412	0.2002	1.0000	0.0536	0.0536	-0.0000	0.0749
64.0000	30.0000	Respond Naturally	DriedHerring	1.0000	1.0000	4.0000	1	-1.0000	1.4438	0.9062	-0.4134	0.0000	0.9062	0.2601	-1.0000	0.1467	0.1892	-0.0426	0.3006
64.0000	31.0000	Focus on Health	AllBranCereal	4.0000	3.0000	4.0000	2	1.0000	1.1420	0.6547	0.3161	0.0000	0.6547	0.2082	1.0000	0.0143	0.0444	-0.0302	-0.1341
64.0000	32.0000	Focus on Health	Fritos	4.0000	4.0000	3.0000	2	1.0000	2.6028	1.2927	-0.1374	1.0000	2.0986	0.2183	-1.0000	0.3690	0.3690	-0.0000	0.7817
64.0000	33.0000	Focus on Health	FrootLoops	4.0000	5.0000	2.0000	6	-1.0000	1.1083	0.6546	-0.0000	0.0000	0.6546	0.3800	-1.0000	0.0259	0.0365	-0.0106	-0.0919
64.0000	34.0000	Focus on Health	Butternut	3.0000	3.0000	5.0000	3	1.0000	1.0743	0.6542	0.2007	0.0000	0.6542	0.1977	1.0000	0.0929	0.0967	-0.0039	0.1600
64.0000	35.0000	Focus on Health	Orange	5.0000	6.0000	6.0000	5	1.0000	0.8233	0.1176	0.6123	0.0000	0.1176	0.1379	1.0000	0.0463	0.0466	-0.0002	0.0996
64.0000	36.0000	Focus on Health	Nutella	1.0000	4.0000	1.0000	4	-1.0000	1.1589	0.7053	-0.2665	0.0000	0.7053	0.2397	-1.0000	0.1898	0.2014	-0.0116	0.3306
64.0000	37.0000	Focus on Health	Smartfood	4.0000	4.0000	3.0000	2	1.0000	4.3834	0.8227	0.5752	6.0000	3.8291	0.4045	1.0000	0.8582	0.8656	-0.0074	1.7751
64.0000	38.0000	Focus on Health	ClamJuice	1.0000	1.0000	4.0000	1	-1.0000	1.4440	1.0239	-0.0824	0.0000	1.0239	0.2498	-1.0000	0.0336	0.0528	-0.0192	-0.1423
64.0000	39.0000	Focus on Health	NatureValleyChocolate	5.0000	4.0000	3.0000	1	1.0000	0.9571	0.5539	-0.2105	0.0000	0.5539	0.2450	1.0000	0.0729	0.0729	-0.0000	0.1198
64.0000	40.0000	Focus on Health	BabyFoodCarrots	1.0000	2.0000	4.0000	5	-1.0000	0.9911	0.5206	-0.4527	0.0000	0.5206	0.2461	-1.0000	0.0368	0.0426	-0.0058	0.0870
64.0000	41.0000	Respond Naturally	Almonds	5.0000	4.0000	4.0000	2	1.0000	0.7560	0.2016	0.8147	0.0000	0.2016	0.1857	1.0000	0.0577	0.0578	-0.0001	0.1600
64.0000	42.0000	Respond Naturally	Bananas	5.0000	5.0000	6.0000	3	1.0000	0.7892	0.3356	0.1918	0.0000	0.3356	0.2039	1.0000	0.0154	0.0207	-0.0054	0.1412
64.0000	43.0000	Respond Naturally	Onion	1.0000	2.0000	4.0000	4	-1.0000	1.2093	0.6043	0.2077	0.0000	0.6043	0.2457	-1.0000	0.2904	0.2906	-0.0001	0.4447
64.0000	44.0000	Respond Naturally	Butternut	3.0000	3.0000	5.0000	7	-1.0000	2.7200	1.8465	-0.3780	0.0000	1.8465	0.2480	-1.0000	0.4374	0.4495	-0.0120	0.5924
64.0000	45.0000	Respond Naturally	FrozenBlueberries	5.0000	4.0000	5.0000	1	1.0000	1.0079	0.4366	0.0000	0.0000	0.4366	0.1266	1.0000	0.0674	0.0674	-0.0000	0.1380
64.0000	46.0000	Respond Naturally	RufflesSourCreamOnion	5.0000	5.0000	3.0000	3	1.0000	0.7560	0.2855	0.9379	0.0000	0.2855	0.2124	1.0000	-0.0164	0.0086	-0.0250	-0.0715
64.0000	47.0000	Respond Naturally	Cauliflower	5.0000	5.0000	6.0000	6	1.0000	1.1917	0.7046	0.2453	0.0000	0.7046	0.2125	1.0000	0.0430	0.0731	-0.0301	-0.1806
64.0000	48.0000	Respond Naturally	WaterChestnuts	1.0000	2.0000	4.0000	5	-1.0000	1.0077	0.5877	-0.0134	0.0000	0.5877	0.4248	-1.0000	0.0947	0.1119	-0.0172	0.1943
64.0000	49.0000	Respond Naturally	CannedArtichoke	1.0000	2.0000	4.0000	5	-1.0000	1.0915	0.5204	0.1419	0.0000	0.5204	0.2889	-1.0000	0.2374	0.2381	-0.0008	0.4185
64.0000	50.0000	Respond Naturally	Prunes	5.0000	4.0000	4.0000	5	-1.0000	2.8875	1.4934	-0.1193	0.0000	1.4934	0.1524	-1.0000	0.2022	0.2029	-0.0007	0.3287
64.0000	51.0000	Focus on Health	ClamJuice	1.0000	1.0000	4.0000	3	-1.0000	1.6121	0.2015	-0.4425	1.0000	0.6382	0.3044	1.0000	0.1431	0.1529	-0.0098	0.5918
64.0000	52.0000	Focus on Health	Mentos	3.0000	4.0000	2.0000	2	-1.0000	1.7796	0.7889	-0.2994	0.0000	0.7889	0.2283	-1.0000	0.1114	0.1114	-0.0000	0.1620
64.0000	53.0000	Focus on Health	RedPepper	3.0000	3.0000	4.0000	2	1.0000	1.3266	0.7385	0.2566	0.0000	0.7385	0.1068	1.0000	0.0531	0.0541	-0.0010	0.1024
64.0000	54.0000	Focus on Health	GreenGrapes	5.0000	5.0000	6.0000	4	1.0000	0.8568	0.3863	0.1989	0.0000	0.3863	0.3126	1.0000	0.0793	0.0993	-0.0199	0.2019
64.0000	55.0000	Focus on Health	SunChips	6.0000	6.0000	4.0000	2	1.0000	3.7605	0.3523	0.5407	2.0000	3.3740	0.2936	1.0000	-0.0165	0.0583	-0.0748	0.2731
64.0000	56.0000	Focus on Health	ClifBar	2.0000	3.0000	1.0000	4	-1.0000	1.6964	0.5037	-0.2730	0.0000	0.5037	0.1890	-1.0000	0.0054	0.0704	-0.0650	0.2307
64.0000	57.0000	Focus on Health	CheeseNips	5.0000	5.0000	3.0000	2	-1.0000	1.9310	0.2352	-0.3044	1.0000	0.7557	0.2711	1.0000	0.0540	0.1171	-0.0631	0.3366
64.0000	58.0000	Focus on Health	Avocado	3.0000	4.0000	5.0000	2	1.0000	0.9225	0.4532	0.1288	0.0000	0.4532	0.1659	1.0000	0.0538	0.0843	-0.0305	0.1620
64.0000	59.0000	Focus on Health	CornFlakes	4.0000	4.0000	4.0000	3	1.0000	1.0245	0.6212	0.0207	0.0000	0.6212	0.2383	1.0000	0.0470	0.0601	-0.0132	0.1088
64.0000	60.0000	Focus on Health	KashiBars	6.0000	6.0000	4.0000	4	1.0000	1.2430	0.1176	0.5847	0.0000	0.1176	0.1583	1.0000	-0.0378	0.0156	-0.0534	-0.1158
64.0000	61.0000	Respond Naturally	FrozenPeas	5.0000	4.0000	4.0000	2	1.0000	0.8570	0.1680	0.8223	0.0000	0.1680	0.1071	1.0000	0.0629	0.0632	-0.0002	0.1499
64.0000	62.0000	Respond Naturally	Tuna	5.0000	5.0000	5.0000	4	1.0000	0.8057	0.3689	0.4708	0.0000	0.3689	0.1991	1.0000	-0.0107	0.0081	-0.0188	-0.0684
64.0000	63.0000	Respond Naturally	EnglishCucumber	4.0000	4.0000	4.0000	2	1.0000	0.7727	0.3526	0.0059	0.0000	0.3526	0.1500	1.0000	0.0827	0.0827	-0.0000	0.1747
64.0000	64.0000	Respond Naturally	RomaineLettuce	3.0000	3.0000	6.0000	2	-1.0000	2.4175	0.3692	-0.2379	1.0000	1.7455	0.2422	1.0000	0.7765	0.7765	-0.0000	1.1919
64.0000	65.0000	Respond Naturally	IceCreamVanilla	4.0000	4.0000	3.0000	1	1.0000	1.3593	0.9056	0.0445	0.0000	0.9056	0.2035	1.0000	0.0963	0.0963	-0.0000	0.1345
64.0000	66.0000	Respond Naturally	Spinach	4.0000	2.0000	6.0000	4	-1.0000	1.8806	0.8896	-0.0678	1.0000	1.3094	0.1440	1.0000	0.1594	0.1648	-0.0054	0.3087
64.0000	67.0000	Respond Naturally	Cheerios	4.0000	5.0000	4.0000	5	1.0000	1.0587	0.5711	0.4401	0.0000	0.5711	0.1855	1.0000	0.0333	0.0333	-0.0000	0.0818
64.0000	68.0000	Respond Naturally	VanillaGreekYogurt	6.0000	5.0000	5.0000	4	1.0000	2.0488	0.8727	0.5944	0.0000	0.8727	0.0643	1.0000	0.0473	0.0473	-0.0000	0.0663
64.0000	69.0000	Respond Naturally	FrozenPeas	4.0000	4.0000	5.0000	6	1.0000	0.8562	0.4025	0.4365	0.0000	0.4025	0.1856	1.0000	0.0289	0.0300	-0.0010	0.0640
64.0000	70.0000	Respond Naturally	OikosYogurt	5.0000	5.0000	5.0000	6	1.0000	0.8059	0.4362	0.1513	0.0000	0.4362	0.1891	1.0000	0.0599	0.0612	-0.0013	0.1135
64.0000	71.0000	Focus on Health	SpeltCakes	4.0000	4.0000	4.0000	2	1.0000	1.8809	1.1921	0.2697	0.0000	1.1921	0.1728	1.0000	0.1074	0.1184	-0.0110	0.1829
64.0000	72.0000	Focus on Health	KashiBars	6.0000	6.0000	4.0000	1	1.0000	1.0752	0.5710	0.1953	0.0000	0.5710	0.2369	1.0000	0.0855	0.0993	-0.0138	0.1830
64.0000	73.0000	Focus on Health	GreenBeans	4.0000	4.0000	6.0000	4	1.0000	0.8062	0.3862	0.4851	0.0000	0.3862	0.2513	1.0000	0.0167	0.0322	-0.0156	0.0833
64.0000	74.0000	Focus on Health	Twizzlers	4.0000	4.0000	1.0000	4	-1.0000	2.1495	0.3191	-0.3178	1.0000	0.6047	0.2021	1.0000	0.4918	0.4994	-0.0076	0.9515
64.0000	75.0000	Focus on Health	MnMPeanuts	2.0000	3.0000	1.0000	4	-1.0000	0.9405	0.4701	-0.3082	0.0000	0.4701	0.3385	-1.0000	-0.0139	0.0461	-0.0601	-0.2726
64.0000	76.0000	Focus on Health	Avocado	2.0000	4.0000	6.0000	5	1.0000	0.9069	0.4364	0.3343	0.0000	0.4364	0.1720	1.0000	0.0371	0.0373	-0.0002	0.0616
64.0000	77.0000	Focus on Health	FrozenPeaches	6.0000	5.0000	5.0000	2	1.0000	0.8232	0.3862	0.2528	0.0000	0.3862	0.1853	1.0000	0.0589	0.0669	-0.0079	0.1508
64.0000	78.0000	Focus on Health	Reese	4.0000	4.0000	2.0000	1	-1.0000	1.1078	0.6878	-0.2632	0.0000	0.6878	0.2191	-1.0000	0.1058	0.1088	-0.0030	0.1678
64.0000	79.0000	Focus on Health	Shreddies	4.0000	4.0000	4.0000	5	1.0000	1.1589	0.7222	0.5854	0.0000	0.7222	0.3195	1.0000	0.0097	0.0190	-0.0093	0.0825
64.0000	80.0000	Focus on Health	PCChipCookie	3.0000	4.0000	3.0000	2	-1.0000	1.9299	1.4937	-0.6065	0.0000	1.4937	0.2797	-1.0000	0.2185	0.2255	-0.0070	0.2988
64.0000	81.0000	Focus on Health	SpeltCakes	3.0000	4.0000	3.0000	5	-1.0000	2.4186	0.4198	-0.7427	1.0000	0.9238	0.2064	1.0000	0.0866	0.1031	-0.0165	0.3333
64.0000	82.0000	Focus on Health	Mackerel	1.0000	2.0000	4.0000	1	-1.0000	1.6963	0.5374	-0.3668	0.0000	0.5374	0.2357	-1.0000	0.0640	0.1016	-0.0375	0.3267
64.0000	83.0000	Focus on Health	CheeseNips	4.0000	6.0000	2.0000	5	-1.0000	1.5272	1.0063	-0.1059	0.0000	1.0063	0.3827	-1.0000	0.0990	0.1229	-0.0239	0.1864
64.0000	84.0000	Focus on Health	Broccoli	5.0000	4.0000	6.0000	1	1.0000	0.7556	0.3188	0.2271	0.0000	0.3188	0.1893	1.0000	0.0854	0.0854	-0.0000	0.1678
64.0000	85.0000	Focus on Health	Nutella	2.0000	4.0000	3.0000	1	-1.0000	1.8807	0.9738	-0.8296	0.0000	0.9738	0.2486	-1.0000	0.1684	0.1686	-0.0002	0.2681
64.0000	86.0000	Focus on Health	BBQCrisps	5.0000	5.0000	3.0000	2	-1.0000	1.7125	1.3597	-0.4577	0.0000	1.3597	0.4405	-1.0000	0.0756	0.0757	-0.0001	0.1264
64.0000	87.0000	Focus on Health	Fritos	4.0000	4.0000	2.0000	5	-1.0000	1.1251	0.6715	-0.2147	0.0000	0.6715	0.3154	-1.0000	0.0582	0.0795	-0.0213	-0.1362
64.0000	88.0000	Focus on Health	Cheetos	4.0000	6.0000	1.0000	3	-1.0000	0.9240	0.4368	-0.2726	0.0000	0.4368	0.2011	-1.0000	0.0794	0.0941	-0.0147	0.2258
64.0000	89.0000	Focus on Health	Snickers	2.0000	6.0000	1.0000	3	-1.0000	1.1421	0.7053	-0.4662	0.0000	0.7053	0.2273	-1.0000	0.1559	0.1581	-0.0022	0.2443
64.0000	90.0000	Focus on Health	Starburst	1.0000	3.0000	1.0000	6	-1.0000	0.8736	0.4367	-0.3433	0.0000	0.4367	0.2074	-1.0000	0.0865	0.0972	-0.0107	0.1835
64.0000	91.0000	Respond Naturally	RitzCrackers	3.0000	4.0000	4.0000	2	1.0000	1.1762	0.3024	0.5598	0.0000	0.3024	0.1515	1.0000	0.0393	0.0438	-0.0045	0.0881
64.0000	92.0000	Respond Naturally	MnMPeanuts	1.0000	4.0000	2.0000	2	1.0000	1.4948	0.6212	0.9648	0.0000	0.6212	0.1922	1.0000	-0.0610	0.0000	-0.0610	-0.0838
64.0000	93.0000	Respond Naturally	YorkPeppermintPatties	1.0000	3.0000	1.0000	2	-1.0000	0.8395	0.4533	-0.7180	0.0000	0.4533	0.2833	-1.0000	0.1778	0.1822	-0.0044	0.3135
64.0000	94.0000	Respond Naturally	Beets	1.0000	2.0000	5.0000	5	-1.0000	0.8563	0.4535	-0.6549	0.0000	0.4535	0.2504	-1.0000	0.1113	0.1249	-0.0135	0.2227
64.0000	95.0000	Respond Naturally	SevenGrain	6.0000	4.0000	4.0000	3	-1.0000	2.4849	2.1152	-0.1794	0.0000	2.1152	0.2948	-1.0000	0.1097	0.1103	-0.0006	0.1572
64.0000	96.0000	Respond Naturally	Cauliflower	5.0000	4.0000	4.0000	2	1.0000	0.9406	0.5373	0.1420	0.0000	0.5373	0.1541	1.0000	0.1201	0.1235	-0.0033	0.1971
64.0000	97.0000	Respond Naturally	GreenPepper	3.0000	3.0000	4.0000	6	-1.0000	1.2091	0.7554	-0.2699	0.0000	0.7554	0.2179	-1.0000	0.1689	0.1693	-0.0003	0.2620
64.0000	98.0000	Respond Naturally	DriedApricots	5.0000	5.0000	5.0000	5	1.0000	1.1753	0.6544	0.2803	0.0000	0.6544	0.1230	1.0000	0.0912	0.0912	-0.0000	0.1398
64.0000	99.0000	Respond Naturally	AllBranBar	3.0000	4.0000	4.0000	3	1.0000	1.1082	0.6545	0.1502	0.0000	0.6545	0.1621	1.0000	0.1261	0.1261	-0.0000	0.1776
64.0000	100.0000	Respond Naturally	RaisinBran	4.0000	4.0000	4.0000	3	1.0000	0.9071	0.4870	0.0897	0.0000	0.4870	0.2423	1.0000	0.1111	0.1113	-0.0003	0.1832
64.0000	101.0000	Respond Naturally	DriedHerring	1.0000	1.0000	4.0000	3	-1.0000	1.1087	0.1512	-0.9084	1.0000	0.5879	0.3104	1.0000	0.5437	0.5438	-0.0001	0.9561
64.0000	102.0000	Respond Naturally	Strawberries	6.0000	5.0000	5.0000	3	1.0000	1.1424	0.5879	-0.3221	0.0000	0.5879	0.1613	1.0000	0.1071	0.1071	-0.0000	0.2700
64.0000	103.0000	Respond Naturally	LaysClassic	2.0000	6.0000	3.0000	4	1.0000	1.7630	1.3933	0.1833	0.0000	1.3933	0.1710	1.0000	0.2353	0.2353	-0.0000	0.3024
64.0000	104.0000	Respond Naturally	ClifBar	2.0000	3.0000	2.0000	2	-1.0000	4.4325	2.1994	-0.2845	0.0000	2.1994	0.1894	-1.0000	0.3334	0.3335	-0.0001	0.4370
64.0000	105.0000	Respond Naturally	GreenGrapes	4.0000	4.0000	4.0000	1	1.0000	0.9070	0.5037	0.2678	0.0000	0.5037	0.2677	1.0000	0.1293	0.1348	-0.0055	0.2255
64.0000	106.0000	Respond Naturally	HoneyNutCheerios	4.0000	5.0000	4.0000	5	1.0000	0.8731	0.4870	0.3086	0.0000	0.4870	0.1526	1.0000	0.1406	0.1406	-0.0000	0.2239
64.0000	107.0000	Respond Naturally	LaysClassic	4.0000	5.0000	3.0000	3	1.0000	0.8227	0.3524	0.2617	0.0000	0.3524	0.1755	1.0000	0.0691	0.0823	-0.0132	0.1704
64.0000	108.0000	Respond Naturally	OikosYogurt	5.0000	5.0000	5.0000	3	1.0000	0.7894	0.4029	0.3030	0.0000	0.4029	0.1428	1.0000	0.1095	0.1147	-0.0051	0.1990
64.0000	109.0000	Respond Naturally	GreenApple	4.0000	4.0000	6.0000	4	1.0000	0.9405	0.3525	0.0370	0.0000	0.3525	0.2224	1.0000	0.0922	0.0922	-0.0000	0.1806
64.0000	110.0000	Respond Naturally	Shreddies	4.0000	4.0000	4.0000	2	1.0000	1.3432	0.9065	0.1365	0.0000	0.9065	0.2661	1.0000	0.0500	0.0645	-0.0145	0.1186
64.0000	111.0000	Focus on Health	SkittlesSour	1.0000	3.0000	1.0000	6	-1.0000	1.1256	0.7390	-0.6727	0.0000	0.7390	0.3047	-1.0000	0.1244	0.1266	-0.0023	0.2025
64.0000	112.0000	Focus on Health	Asparagus	6.0000	4.0000	6.0000	6	1.0000	1.1584	0.7053	0.1235	0.0000	0.7053	0.2514	1.0000	0.0268	0.0329	-0.0061	0.0730
64.0000	113.0000	Focus on Health	SlicedTurkey	4.0000	4.0000	4.0000	2	1.0000	0.9229	0.4698	0.2469	0.0000	0.4698	0.1857	1.0000	0.0152	0.0212	-0.0061	0.0575
64.0000	114.0000	Focus on Health	PopTartStrawberry	4.0000	4.0000	1.0000	2	-1.0000	1.4939	1.1076	-0.2812	0.0000	1.1076	0.2995	-1.0000	0.2137	0.2167	-0.0030	0.3082
64.0000	115.0000	Focus on Health	FrootLoops	4.0000	5.0000	2.0000	2	-1.0000	1.0578	0.6209	-0.3551	0.0000	0.6209	0.2126	-1.0000	0.1103	0.1194	-0.0091	0.1915
64.0000	116.0000	Focus on Health	Mars	2.0000	6.0000	2.0000	4	-1.0000	1.1590	0.7220	-0.2990	0.0000	0.7220	0.2165	-1.0000	0.1059	0.1059	-0.0000	0.1757
64.0000	117.0000	Focus on Health	Skittles	1.0000	2.0000	2.0000	3	-1.0000	1.0076	0.6043	-0.0079	0.0000	0.6043	0.2285	-1.0000	0.0971	0.1013	-0.0043	0.1705
64.0000	118.0000	Focus on Health	SlimStyles	1.0000	2.0000	3.0000	6	-1.0000	1.4773	1.0741	-0.1794	0.0000	1.0741	0.2378	-1.0000	0.1968	0.2023	-0.0055	0.2684
64.0000	119.0000	Focus on Health	OatBran	4.0000	4.0000	4.0000	4	1.0000	1.2090	0.8394	0.1967	0.0000	0.8394	0.2594	1.0000	0.1296	0.1296	-0.0000	0.1875
64.0000	120.0000	Focus on Health	FrozenBlueberries	4.0000	4.0000	4.0000	3	1.0000	0.8567	0.3863	0.3896	0.0000	0.3863	0.1769	1.0000	0.0177	0.0185	-0.0008	0.0473
64.0000	121.0000	Respond Naturally	Mackerel	1.0000	2.0000	3.0000	3	-1.0000	1.0414	0.5877	-0.1301	0.0000	0.5877	0.2538	-1.0000	0.1473	0.1473	-0.0000	0.2333
64.0000	122.0000	Respond Naturally	DriedApricots	4.0000	5.0000	4.0000	2	1.0000	0.8736	0.4031	0.3281	0.0000	0.4031	0.1431	1.0000	0.1205	0.1205	-0.0000	0.1977
64.0000	123.0000	Respond Naturally	GreenPepper	3.0000	3.0000	5.0000	2	-1.0000	3.1734	0.2017	-0.3430	1.0000	2.6861	0.2012	1.0000	0.7032	0.7039	-0.0008	0.8745
64.0000	124.0000	Respond Naturally	Smartfood	3.0000	5.0000	1.0000	4	1.0000	0.9911	0.5878	0.4084	0.0000	0.5878	0.2030	1.0000	0.0978	0.1007	-0.0029	0.1640
64.0000	125.0000	Respond Naturally	BBQCrisps	5.0000	5.0000	2.0000	6	1.0000	0.9235	0.5543	0.4410	0.0000	0.5543	0.1664	1.0000	0.1300	0.1300	-0.0000	0.1951
64.0000	126.0000	Respond Naturally	AllBranCereal	3.0000	4.0000	4.0000	6	-1.0000	1.2927	0.8222	-0.4475	0.0000	0.8222	0.1769	-1.0000	0.2110	0.2110	-0.0000	0.2825
64.0000	127.0000	Respond Naturally	OatmealSquares	4.0000	4.0000	4.0000	3	1.0000	1.1420	0.7555	0.5435	0.0000	0.7555	0.1969	1.0000	0.0830	0.0830	-0.0000	0.1237
64.0000	128.0000	Respond Naturally	GreenApple	5.0000	4.0000	5.0000	2	1.0000	0.9398	0.5202	0.5044	0.0000	0.5202	0.2107	1.0000	0.0427	0.0442	-0.0016	0.0762
64.0000	129.0000	Respond Naturally	Orange	5.0000	5.0000	5.0000	1	1.0000	1.4441	0.9906	0.2717	0.0000	0.9906	0.3396	1.0000	0.0804	0.0960	-0.0156	0.1383
64.0000	130.0000	Respond Naturally	IceCreamChocolate	4.0000	4.0000	3.0000	4	1.0000	1.1419	0.6378	0.2971	0.0000	0.6378	0.1297	1.0000	0.0993	0.0993	-0.0000	0.1535
64.0000	131.0000	Focus on Health	Caramilk	4.0000	5.0000	3.0000	2	-1.0000	1.0581	0.6044	-0.2172	0.0000	0.6044	0.1776	-1.0000	0.0742	0.0743	-0.0000	0.1209
64.0000	132.0000	Focus on Health	Triscuit	5.0000	4.0000	4.0000	2	1.0000	1.6620	1.1579	0.3601	0.0000	1.1579	0.1769	1.0000	0.0792	0.0792	-0.0000	0.1508
64.0000	133.0000	Focus on Health	BrusselsSprouts	2.0000	1.0000	5.0000	4	-1.0000	1.2933	0.3359	-0.4855	1.0000	0.9068	0.2694	1.0000	0.2607	0.2682	-0.0075	0.4988
64.0000	134.0000	Focus on Health	RiceKrispiesCereal	5.0000	5.0000	3.0000	7	1.0000	1.8472	0.7388	0.5879	0.0000	0.7388	0.1291	1.0000	0.0411	0.0411	-0.0000	0.1461
64.0000	135.0000	Focus on Health	MangoChunks	5.0000	5.0000	4.0000	2	1.0000	0.9068	0.4534	0.1978	0.0000	0.4534	0.2025	1.0000	0.0166	0.0166	-0.0000	0.0757
64.0000	136.0000	Focus on Health	Tuna	5.0000	4.0000	5.0000	2	1.0000	0.8400	0.4031	0.2725	0.0000	0.4031	0.1622	1.0000	0.0772	0.0772	-0.0000	0.1272
64.0000	137.0000	Focus on Health	BrusselsSprouts	2.0000	1.0000	5.0000	2	1.0000	2.8215	1.4438	0.4761	1.0000	1.9477	0.1507	-1.0000	0.3134	0.3134	-0.0000	1.1231
64.0000	138.0000	Focus on Health	SkimMilk	6.0000	6.0000	6.0000	4	1.0000	0.8903	0.4367	0.6085	0.0000	0.4367	0.1203	1.0000	0.0513	0.0513	-0.0000	0.1199
64.0000	139.0000	Focus on Health	MnMPlain	3.0000	4.0000	1.0000	3	-1.0000	1.9480	1.3096	-0.2864	0.0000	1.3096	0.1978	-1.0000	0.1637	0.1756	-0.0119	0.2794
64.0000	140.0000	Focus on Health	Celery	4.0000	4.0000	6.0000	4	1.0000	1.1926	0.7557	0.4327	0.0000	0.7557	0.2488	1.0000	0.0668	0.0668	-0.0000	0.1819
64.0000	141.0000	Focus on Health	Triscuit	4.0000	4.0000	4.0000	5	1.0000	1.0916	0.5876	0.2815	0.0000	0.5876	0.2165	1.0000	0.0097	0.0441	-0.0344	-0.1634
64.0000	142.0000	Focus on Health	CannedArtichoke	1.0000	1.0000	4.0000	2	1.0000	5.9098	0.6549	0.5111	1.0000	4.2302	0.1634	-1.0000	0.2256	0.2799	-0.0542	0.4630
64.0000	143.0000	Focus on Health	MnMPlain	1.0000	5.0000	1.0000	5	-1.0000	2.1496	1.4104	-0.2714	0.0000	1.4104	0.0902	-1.0000	0.1612	0.1696	-0.0085	0.2486
64.0000	144.0000	Focus on Health	Raspberries	5.0000	5.0000	5.0000	5	1.0000	1.4948	0.3866	0.2821	0.0000	0.3866	0.1546	1.0000	0.0668	0.0682	-0.0014	0.1180
64.0000	145.0000	Focus on Health	Aero	2.0000	5.0000	2.0000	3	-1.0000	1.1249	0.6712	-0.2252	0.0000	0.6712	0.2785	-1.0000	0.1084	0.1428	-0.0343	0.2374
64.0000	146.0000	Focus on Health	TofuDessert	4.0000	5.0000	4.0000	2	1.0000	1.2932	0.6547	0.2083	0.0000	0.6547	0.0988	1.0000	0.1175	0.1175	-0.0000	0.1589
64.0000	147.0000	Focus on Health	Doritos	4.0000	5.0000	1.0000	5	-1.0000	1.1251	0.8059	-0.1824	0.0000	0.8059	0.2966	-1.0000	0.2228	0.2252	-0.0024	0.3576
64.0000	148.0000	Focus on Health	SlicedTurkey	5.0000	4.0000	4.0000	5	1.0000	1.2090	0.4194	0.1764	0.0000	0.4194	0.1569	1.0000	0.0467	0.0624	-0.0157	0.1334
64.0000	149.0000	Focus on Health	CoffeeCrisp	4.0000	5.0000	2.0000	3	-1.0000	0.9063	0.4200	-0.1151	0.0000	0.4200	0.1364	-1.0000	0.0776	0.0776	-0.0000	0.2148
64.0000	150.0000	Focus on Health	NatureValleyChocolate	3.0000	4.0000	2.0000	4	-1.0000	3.0552	2.6519	-0.1783	0.0000	2.6519	0.2326	-1.0000	0.3614	0.3618	-0.0005	0.4179
64.0000	151.0000	Respond Naturally	ProMax	2.0000	4.0000	1.0000	4	-1.0000	1.2932	0.2016	-0.3483	1.0000	0.8899	0.2573	1.0000	0.2231	0.2265	-0.0034	0.4382
64.0000	152.0000	Respond Naturally	CornFlakes	4.0000	5.0000	4.0000	6	1.0000	2.3011	1.5282	-0.0329	0.0000	1.5282	0.1128	1.0000	0.1099	0.1104	-0.0005	0.1610
64.0000	153.0000	Respond Naturally	WelchsFruitSnacks	2.0000	5.0000	1.0000	3	1.0000	1.6967	0.1848	0.2208	1.0000	0.7224	0.1341	-1.0000	0.1547	0.1614	-0.0068	0.3671
64.0000	154.0000	Respond Naturally	Twizzlers	3.0000	5.0000	2.0000	2	1.0000	1.1923	0.5371	0.3324	0.0000	0.5371	0.1312	1.0000	0.0944	0.0944	-0.0000	0.1661
64.0000	155.0000	Respond Naturally	VanillaGreekYogurt	5.0000	5.0000	4.0000	2	1.0000	0.8902	0.4534	0.2771	0.0000	0.4534	0.1478	1.0000	0.0817	0.0881	-0.0064	0.1606
64.0000	156.0000	Respond Naturally	Celery	5.0000	4.0000	5.0000	2	1.0000	0.8898	0.4367	0.3208	0.0000	0.4367	0.2638	1.0000	0.0231	0.0280	-0.0049	0.0507
64.0000	157.0000	Respond Naturally	RedPepper	3.0000	3.0000	4.0000	5	-1.0000	1.1423	0.1173	-0.3058	1.0000	0.6214	0.1558	1.0000	0.1973	0.2033	-0.0059	0.4657
64.0000	158.0000	Respond Naturally	Aero	4.0000	4.0000	3.0000	1	1.0000	3.6593	0.7377	-0.1522	2.0000	3.1888	0.1768	1.0000	0.4650	0.4650	-0.0000	0.6767
64.0000	159.0000	Respond Naturally	RaisinBran	2.0000	4.0000	3.0000	7	1.0000	0.9400	0.3520	0.6118	0.0000	0.3520	0.1636	1.0000	0.0126	0.0174	-0.0048	0.0544
64.0000	160.0000	Respond Naturally	SunChips	6.0000	6.0000	3.0000	4	1.0000	0.8723	0.4366	0.5385	0.0000	0.4366	0.1785	1.0000	0.0302	0.0302	-0.0000	0.0793
64.0000	161.0000	Focus on Health	Mentos	1.0000	5.0000	1.0000	5	-1.0000	1.6965	0.5710	-0.2418	1.0000	1.1924	0.2821	-1.0000	0.2085	0.2085	-0.0000	0.4229
64.0000	162.0000	Focus on Health	FrozenBroccoli	5.0000	4.0000	6.0000	6	1.0000	0.8052	0.4022	-0.0230	0.0000	0.4022	0.2139	1.0000	0.0620	0.0759	-0.0138	0.1478
64.0000	163.0000	Focus on Health	VegetableThins	5.0000	6.0000	4.0000	2	1.0000	0.9573	0.5204	0.1670	0.0000	0.5204	0.1684	1.0000	0.0909	0.0978	-0.0069	0.1600
64.0000	164.0000	Focus on Health	PureFit	2.0000	4.0000	3.0000	2	1.0000	1.7293	1.3429	0.4569	0.0000	1.3429	0.2332	1.0000	0.0960	0.0981	-0.0022	0.1259
64.0000	165.0000	Focus on Health	BabyFoodSweetPotatos	1.0000	2.0000	4.0000	5	-1.0000	1.1407	0.7381	-0.2598	0.0000	0.7381	0.2939	-1.0000	0.1176	0.1221	-0.0046	0.1801
64.0000	166.0000	Focus on Health	SlimStyles	2.0000	4.0000	4.0000	2	1.0000	2.6185	2.1816	0.3165	0.0000	2.1816	0.2071	1.0000	0.0486	0.0491	-0.0005	0.0598
64.0000	167.0000	Focus on Health	Raspberries	4.0000	5.0000	4.0000	4	1.0000	0.8232	0.3864	0.4462	0.0000	0.3864	0.1808	1.0000	0.0067	0.0148	-0.0081	-0.0613
64.0000	168.0000	Focus on Health	TofuDessert	2.0000	5.0000	4.0000	4	1.0000	1.2768	0.4702	0.6709	0.0000	0.4702	0.1085	1.0000	0.0471	0.0471	-0.0000	0.1244
64.0000	169.0000	Focus on Health	RiceKrispiesCereal	4.0000	4.0000	4.0000	3	1.0000	0.9915	0.1680	0.4345	0.0000	0.1680	0.1431	1.0000	0.0738	0.0738	-0.0000	0.1295
64.0000	170.0000	Focus on Health	OatmealSquares	4.0000	5.0000	3.0000	7	1.0000	0.8063	0.3358	NA	0.0000	0.3358	0.1984	1.0000	0.0054	0.0130	-0.0076	0.1014
64.0000	171.0000	Respond Naturally	Mars	4.0000	5.0000	2.0000	2	1.0000	1.0412	0.6716	0.3236	0.0000	0.6716	0.2370	1.0000	0.0561	0.0570	-0.0009	0.1036
64.0000	172.0000	Respond Naturally	Beets	2.0000	2.0000	4.0000	2	-1.0000	1.3101	0.7222	-0.1608	0.0000	0.7222	0.3306	-1.0000	0.0197	0.0289	-0.0092	-0.1166
64.0000	173.0000	Respond Naturally	Asparagus	6.0000	4.0000	5.0000	3	1.0000	1.1085	0.7220	-0.0407	0.0000	0.7220	0.1813	1.0000	0.1432	0.1458	-0.0027	0.2214
64.0000	174.0000	Respond Naturally	WelchsFruitSnacks	5.0000	6.0000	2.0000	1	1.0000	1.0407	0.6879	0.5649	0.0000	0.6879	0.1838	1.0000	0.0502	0.0529	-0.0027	0.0949
64.0000	175.0000	Respond Naturally	Snickers	4.0000	5.0000	1.0000	2	1.0000	0.8734	0.1176	0.5483	0.0000	0.1176	0.1604	1.0000	0.0244	0.0244	-0.0000	0.0848
64.0000	176.0000	Respond Naturally	Skittles	1.0000	1.0000	1.0000	6	-1.0000	1.0744	0.7048	-0.4297	0.0000	0.7048	0.2459	-1.0000	0.1030	0.1033	-0.0003	0.1612
64.0000	177.0000	Respond Naturally	FrozenPeaches	6.0000	6.0000	6.0000	5	1.0000	0.9404	0.4868	0.1645	0.0000	0.4868	0.1892	1.0000	0.0382	0.0382	-0.0000	0.0920
64.0000	178.0000	Respond Naturally	FrozenCorn	4.0000	5.0000	4.0000	2	1.0000	0.9401	0.4363	0.4927	0.0000	0.4363	0.1254	1.0000	0.0101	0.0184	-0.0083	-0.0516
64.0000	179.0000	Respond Naturally	Strawberries	5.0000	5.0000	5.0000	2	1.0000	0.8898	0.4866	0.1418	0.0000	0.4866	0.1520	1.0000	0.1202	0.1207	-0.0005	0.2087
64.0000	180.0000	Respond Naturally	AllBranBar	2.0000	4.0000	4.0000	1	1.0000	0.9903	0.5031	0.1728	0.0000	0.5031	0.2491	1.0000	-0.0039	0.0322	-0.0362	-0.1612
64.0000	181.0000	Focus on Health	SkittlesSour	1.0000	3.0000	2.0000	3	-1.0000	1.0246	0.1176	-0.7312	1.0000	0.6382	0.2980	1.0000	0.0827	0.1072	-0.0245	0.2088
64.0000	182.0000	Focus on Health	MangoChunks	6.0000	6.0000	5.0000	5	1.0000	0.8561	0.3856	0.4220	0.0000	0.3856	0.1705	1.0000	0.0316	0.0326	-0.0011	0.0647
64.0000	183.0000	Focus on Health	VegetableThins	5.0000	5.0000	4.0000	5	1.0000	0.8901	0.4363	0.1586	0.0000	0.4363	0.1940	1.0000	0.0630	0.0630	-0.0000	0.1271
64.0000	184.0000	Focus on Health	IceCreamVanilla	3.0000	5.0000	3.0000	4	-1.0000	3.0898	0.4870	-0.6439	1.0000	0.7222	0.3073	1.0000	0.5179	0.5179	-0.0000	0.7298
64.0000	185.0000	Focus on Health	RitzCrackers	4.0000	4.0000	4.0000	5	1.0000	2.9875	0.6210	0.2110	0.0000	0.6210	0.2461	1.0000	-0.0177	0.0058	-0.0235	-0.0408
64.0000	186.0000	Focus on Health	RomaineLettuce	3.0000	3.0000	6.0000	4	1.0000	0.8400	0.4031	0.3867	0.0000	0.4031	0.1940	1.0000	0.0425	0.0436	-0.0011	0.0815
64.0000	187.0000	Focus on Health	FrozenBroccoli	5.0000	5.0000	5.0000	2	1.0000	0.8230	0.4533	0.1862	0.0000	0.4533	0.1762	1.0000	0.1101	0.1105	-0.0004	0.1835
64.0000	188.0000	Focus on Health	AppleChips	4.0000	5.0000	4.0000	5	1.0000	1.0078	0.5037	0.3674	0.0000	0.5037	0.1731	1.0000	0.0368	0.0408	-0.0041	0.0830
64.0000	189.0000	Focus on Health	PCChipCookie	2.0000	4.0000	1.0000	5	-1.0000	1.2595	0.8227	-0.4962	0.0000	0.8227	0.2135	-1.0000	0.2140	0.2140	-0.0000	0.3082
64.0000	190.0000	Focus on Health	FrozenOkra	5.0000	4.0000	5.0000	2	1.0000	1.0237	0.4701	0.0405	0.0000	0.4701	0.1132	1.0000	0.1474	0.1476	-0.0002	0.2521
64.0000	191.0000	Respond Naturally	Onion	1.0000	1.0000	4.0000	2	-1.0000	1.4611	0.6379	-0.4842	0.0000	0.6379	0.2237	-1.0000	0.0082	0.0326	-0.0244	0.0735
64.0000	192.0000	Respond Naturally	Starburst	1.0000	2.0000	1.0000	3	-1.0000	1.0415	0.5878	-0.2871	0.0000	0.5878	0.2852	-1.0000	0.0480	0.0860	-0.0380	-0.1744
64.0000	193.0000	Respond Naturally	ProMax	3.0000	4.0000	3.0000	2	-1.0000	4.3143	0.5535	-0.1121	1.0000	2.3327	0.1621	1.0000	0.2458	0.2474	-0.0016	0.5567
64.0000	194.0000	Respond Naturally	RufflesSourCreamOnion	4.0000	5.0000	1.0000	5	1.0000	0.8393	0.4193	0.1536	0.0000	0.4193	0.1777	1.0000	0.0646	0.0722	-0.0076	0.1251
64.0000	195.0000	Respond Naturally	EnglishCucumber	4.0000	4.0000	6.0000	5	-1.0000	6.6327	0.1848	-0.7840	3.0000	4.8356	0.2315	1.0000	0.7345	0.7345	-0.0000	1.3172
64.0000	196.0000	Respond Naturally	WaterChestnuts	3.0000	2.0000	3.0000	3	-1.0000	1.0576	0.6712	-0.5279	0.0000	0.6712	0.2465	-1.0000	0.0980	0.1037	-0.0057	0.1947
64.0000	197.0000	Respond Naturally	Spinach	4.0000	3.0000	5.0000	2	-1.0000	1.2595	0.8397	-0.2753	0.0000	0.8397	0.4044	-1.0000	0.1116	0.1225	-0.0109	0.1903
64.0000	198.0000	Respond Naturally	GreenBeans	5.0000	4.0000	5.0000	2	1.0000	1.3428	0.9396	0.1280	0.0000	0.9396	0.1525	1.0000	0.1300	0.1300	-0.0000	0.2119
64.0000	199.0000	Respond Naturally	Almonds	5.0000	5.0000	4.0000	4	1.0000	0.9577	0.5041	0.3069	0.0000	0.5041	0.1907	1.0000	0.0671	0.0671	-0.0000	0.1376
64.0000	200.0000	Respond Naturally	PopTartStrawberry	3.0000	4.0000	1.0000	5	-1.0000	1.1919	0.7554	-0.6025	0.0000	0.7554	0.3380	-1.0000	0.1491	0.1491	-0.0000	0.2505
