Subject	Trial	Instruction	Food	Liking	Taste	Health	Amount	Choice	ChoiceRT	FirstDevTimeChoice	InitAngleChoice	NumChangeMindChoice	FinalDevTimeChoice	MaxVelocityChoice	DrxFirstDevChoice	TotalAUCChoice	AUCtoNonChosenChoice	AUCtoChosenChoice	MaxDevChoice
101.0000	1.0000	Respond Naturally	MnMPlain	4.0000	5.0000	2.0000	5	1.0000	1.0754	0.2184	0.1427	0.0000	0.2184	0.1029	1.0000	0.2031	0.2031	-0.0000	0.5021
101.0000	2.0000	Respond Naturally	AllBranCereal	3.0000	3.0000	4.0000	2	-1.0000	1.0928	0.5549	-0.0543	0.0000	0.5549	0.2097	-1.0000	0.3630	0.3630	-0.0000	0.6169
101.0000	3.0000	Respond Naturally	Raspberries	4.0000	4.0000	4.0000	4	1.0000	1.0243	0.5876	0.0000	0.0000	0.5876	0.3102	1.0000	0.4113	0.4113	-0.0000	0.6716
101.0000	4.0000	Respond Naturally	IceCreamChocolate	4.0000	4.0000	3.0000	4	1.0000	1.1086	0.6552	0.0498	0.0000	0.6552	0.2609	1.0000	0.4825	0.4825	-0.0000	0.7955
101.0000	5.0000	Respond Naturally	SlicedTurkey	4.0000	5.0000	3.0000	2	1.0000	0.9237	0.5372	0.2456	0.0000	0.5372	0.2607	1.0000	0.3113	0.3113	-0.0000	0.5092
101.0000	6.0000	Respond Naturally	SunChips	5.0000	4.0000	3.0000	4	1.0000	0.8061	0.4196	0.0759	0.0000	0.4196	0.1695	1.0000	0.3362	0.3362	-0.0000	0.5451
101.0000	7.0000	Respond Naturally	LaysClassic	5.0000	6.0000	3.0000	3	1.0000	0.8062	0.3359	-0.0881	0.0000	0.3359	0.2437	1.0000	0.3070	0.3070	-0.0000	0.5890
101.0000	8.0000	Respond Naturally	NatureValleyChocolate	4.0000	4.0000	3.0000	1	1.0000	1.0243	0.3696	0.0255	0.0000	0.3696	0.2911	1.0000	0.3504	0.3504	-0.0000	0.5242
101.0000	9.0000	Respond Naturally	Avocado	4.0000	4.0000	5.0000	5	1.0000	1.8823	0.3701	-0.0302	0.0000	0.3701	0.2254	1.0000	0.2247	0.2247	-0.0000	0.7161
101.0000	10.0000	Respond Naturally	Almonds	2.0000	3.0000	4.0000	2	1.0000	1.4288	0.5376	0.0472	1.0000	0.9749	0.4312	-1.0000	0.5280	0.5488	-0.0208	0.9193
101.0000	11.0000	Decrease Desire	Beets	3.0000	3.0000	4.0000	2	-1.0000	1.6968	0.9240	0.0603	0.0000	0.9240	0.3992	-1.0000	0.4792	0.4792	-0.0000	0.7935
101.0000	12.0000	Decrease Desire	Broccoli	5.0000	5.0000	6.0000	4	1.0000	2.9899	0.9406	-0.1855	1.0000	1.5117	0.2371	-1.0000	0.6241	0.6241	-0.0000	0.9021
101.0000	13.0000	Decrease Desire	CannedArtichoke	3.0000	3.0000	4.0000	2	-1.0000	1.6628	1.1755	-0.2499	0.0000	1.1755	0.2194	-1.0000	0.3619	0.3619	-0.0000	0.4691
101.0000	14.0000	Decrease Desire	Orange	5.0000	5.0000	4.0000	1	-1.0000	2.8224	1.2092	-0.1432	0.0000	1.2092	0.1902	-1.0000	0.4503	0.4503	-0.0000	0.7708
101.0000	15.0000	Decrease Desire	OatmealSquares	3.0000	3.0000	3.0000	3	-1.0000	1.0587	0.5208	-0.5035	0.0000	0.5208	0.1975	-1.0000	0.4953	0.4953	-0.0000	0.8228
101.0000	16.0000	Decrease Desire	Cauliflower	5.0000	5.0000	5.0000	6	-1.0000	1.7133	0.9739	-0.0935	0.0000	0.9739	0.2181	-1.0000	0.4244	0.4323	-0.0079	0.6176
101.0000	17.0000	Decrease Desire	PCChipCookie	4.0000	4.0000	3.0000	2	-1.0000	1.1921	0.7051	-0.0615	0.0000	0.7051	0.1840	-1.0000	0.4377	0.4377	-0.0000	0.6400
101.0000	18.0000	Decrease Desire	GreenApple	5.0000	5.0000	4.0000	2	-1.0000	4.3001	0.8400	0.0182	3.0000	3.7119	0.4593	1.0000	0.7188	0.7188	-0.0000	1.5718
101.0000	19.0000	Decrease Desire	FrozenCorn	4.0000	4.0000	4.0000	4	-1.0000	1.6296	0.6721	-0.0000	0.0000	0.6721	0.1736	-1.0000	0.1919	0.1920	-0.0000	0.3438
101.0000	20.0000	Decrease Desire	Triscuit	3.0000	3.0000	3.0000	2	-1.0000	0.9066	0.4869	-0.1609	0.0000	0.4869	0.2802	-1.0000	0.1816	0.1816	-0.0000	0.3029
101.0000	21.0000	Decrease Desire	VegetableThins	4.0000	4.0000	3.0000	2	-1.0000	1.5630	0.5548	-0.1291	0.0000	0.5548	0.3077	-1.0000	0.3652	0.3676	-0.0024	0.7954
101.0000	22.0000	Decrease Desire	RaisinBran	4.0000	5.0000	3.0000	3	1.0000	2.1494	1.2425	0.0156	0.0000	1.2425	0.3021	1.0000	0.2884	0.2884	-0.0000	0.5507
101.0000	23.0000	Decrease Desire	BabyFoodSweetPotatos	3.0000	3.0000	4.0000	5	-1.0000	1.3438	0.7383	-0.0000	0.0000	0.7383	0.2467	-1.0000	0.3793	0.3793	-0.0000	0.5385
101.0000	24.0000	Decrease Desire	Mentos	5.0000	6.0000	3.0000	2	-1.0000	5.3277	1.6303	0.1905	5.0000	4.4202	0.1921	1.0000	0.6159	0.6164	-0.0005	1.3203
101.0000	25.0000	Decrease Desire	WaterChestnuts	3.0000	3.0000	4.0000	3	-1.0000	1.2098	0.8399	0.2098	0.0000	0.8399	0.2410	-1.0000	0.3019	0.3045	-0.0025	0.4366
101.0000	26.0000	Decrease Desire	AppleChips	2.0000	3.0000	3.0000	2	-1.0000	1.0908	0.6708	0.0105	0.0000	0.6708	0.2044	-1.0000	0.2952	0.2952	-0.0000	0.4247
101.0000	27.0000	Decrease Desire	CornFlakes	5.0000	5.0000	2.0000	6	-1.0000	3.1573	1.6962	0.1424	0.0000	1.6962	0.1815	-1.0000	0.2949	0.2949	-0.0000	0.5447
101.0000	28.0000	Decrease Desire	YorkPeppermintPatties	2.0000	3.0000	3.0000	2	-1.0000	1.1253	0.6887	0.0889	0.0000	0.6887	0.2570	-1.0000	0.2959	0.2959	-0.0000	0.4672
101.0000	29.0000	Decrease Desire	GreenBeans	4.0000	4.0000	4.0000	2	-1.0000	1.5956	1.1756	0.1293	0.0000	1.1756	0.1689	-1.0000	0.3330	0.3330	-0.0000	0.4335
101.0000	30.0000	Decrease Desire	OatBran	4.0000	3.0000	4.0000	2	-1.0000	1.1762	0.5370	0.0135	0.0000	0.5370	0.2656	-1.0000	0.3340	0.3371	-0.0032	0.5855
101.0000	31.0000	Respond Naturally	RufflesSourCreamOnion	6.0000	6.0000	3.0000	5	1.0000	0.7728	0.3528	0.0166	0.0000	0.3528	0.3790	1.0000	0.5128	0.5196	-0.0068	0.8957
101.0000	32.0000	Respond Naturally	AppleChips	2.0000	3.0000	3.0000	5	-1.0000	0.9409	0.4031	-0.1451	0.0000	0.4031	0.2957	-1.0000	0.5136	0.5136	-0.0000	0.8600
101.0000	33.0000	Respond Naturally	AlmondMilk	4.0000	4.0000	4.0000	2	1.0000	1.3936	0.8390	0.1204	0.0000	0.8390	0.2414	1.0000	0.3914	0.3982	-0.0068	0.6323
101.0000	34.0000	Respond Naturally	BBQCrisps	6.0000	6.0000	2.0000	6	1.0000	0.7896	0.4367	0.2409	0.0000	0.4367	0.2146	1.0000	0.2895	0.2895	-0.0000	0.4787
101.0000	35.0000	Respond Naturally	AllBranBar	4.0000	3.0000	4.0000	1	1.0000	1.8807	0.5199	0.2912	1.0000	0.6710	0.3598	-1.0000	0.4679	0.4679	-0.0000	1.4719
101.0000	36.0000	Respond Naturally	FrozenPeas	4.0000	4.0000	5.0000	6	1.0000	1.1755	0.7723	0.2400	0.0000	0.7723	0.2167	1.0000	0.4354	0.4354	-0.0000	0.6271
101.0000	37.0000	Respond Naturally	RiceKrispiesCereal	4.0000	4.0000	3.0000	7	1.0000	1.1080	0.6879	-0.0616	0.0000	0.6879	0.2014	1.0000	0.2857	0.2857	-0.0000	0.3764
101.0000	38.0000	Respond Naturally	OikosYogurt	3.0000	3.0000	4.0000	6	-1.0000	1.4275	0.8898	-0.0867	0.0000	0.8898	0.3838	-1.0000	0.2984	0.3325	-0.0341	0.5190
101.0000	39.0000	Respond Naturally	Pringles	6.0000	6.0000	3.0000	2	1.0000	1.1417	0.7049	-0.0027	0.0000	0.7049	0.3228	1.0000	0.4601	0.4689	-0.0088	0.7071
101.0000	40.0000	Respond Naturally	Mackerel	5.0000	5.0000	4.0000	3	1.0000	0.9910	0.5371	-0.0870	0.0000	0.5371	0.2397	1.0000	0.5046	0.5046	-0.0000	0.7733
101.0000	41.0000	Decrease Desire	Nutella	5.0000	5.0000	3.0000	1	-1.0000	1.4448	0.4535	-0.3131	0.0000	0.4535	0.1822	-1.0000	0.4487	0.4487	-0.0001	0.7125
101.0000	42.0000	Decrease Desire	CheeseNips	3.0000	3.0000	3.0000	2	-1.0000	1.4619	1.0081	0.0761	0.0000	1.0081	0.5414	-1.0000	0.5788	0.5791	-0.0003	0.7844
101.0000	43.0000	Decrease Desire	MangoChunks	6.0000	6.0000	4.0000	2	-1.0000	1.5792	0.6718	0.0256	1.0000	1.0583	0.2571	1.0000	0.5997	0.5997	-0.0000	1.1627
101.0000	44.0000	Decrease Desire	BrusselsSprouts	4.0000	3.0000	6.0000	4	-1.0000	1.0923	0.7057	0.1231	0.0000	0.7057	0.3684	-1.0000	0.4467	0.4467	-0.0000	0.6375
101.0000	45.0000	Decrease Desire	VanillaGreekYogurt	3.0000	3.0000	4.0000	4	-1.0000	0.9908	0.6715	0.0324	0.0000	0.6715	0.3312	-1.0000	0.5267	0.5267	-0.0000	0.7130
101.0000	46.0000	Decrease Desire	GreenBeans	4.0000	4.0000	6.0000	4	-1.0000	1.2594	0.8729	0.0180	0.0000	0.8729	0.2224	-1.0000	0.4072	0.4186	-0.0114	0.5882
101.0000	47.0000	Decrease Desire	Twizzlers	2.0000	3.0000	3.0000	4	-1.0000	0.9570	0.6210	0.0622	0.0000	0.6210	0.2328	-1.0000	0.4099	0.4099	-0.0000	0.5944
101.0000	48.0000	Decrease Desire	Tempeh	4.0000	3.0000	4.0000	2	-1.0000	0.9735	0.5206	0.0058	0.0000	0.5206	0.2250	-1.0000	0.3058	0.3059	-0.0001	0.5129
101.0000	49.0000	Decrease Desire	FrozenBlueberries	5.0000	5.0000	4.0000	1	-1.0000	2.1999	1.3262	0.0258	0.0000	1.3262	0.2245	-1.0000	0.3187	0.3187	-0.0000	0.4856
101.0000	50.0000	Decrease Desire	RomaineLettuce	4.0000	3.0000	5.0000	4	-1.0000	0.9737	0.6550	0.1034	0.0000	0.6550	0.3852	-1.0000	0.3976	0.3976	-0.0000	0.5574
101.0000	51.0000	Respond Naturally	Smarties	4.0000	4.0000	3.0000	2	1.0000	2.7854	0.8053	0.1602	2.0000	1.4095	0.2514	1.0000	0.2473	0.2477	-0.0004	0.5631
101.0000	52.0000	Respond Naturally	Strawberries	6.0000	6.0000	5.0000	3	1.0000	0.8212	0.4860	-0.0666	0.0000	0.4860	0.2655	1.0000	0.4086	0.4086	-0.0000	0.6448
101.0000	53.0000	Respond Naturally	GreenApple	4.0000	5.0000	5.0000	4	-1.0000	3.5889	0.6201	-0.0629	3.0000	2.6657	0.3538	1.0000	0.6294	0.6401	-0.0108	1.3471
101.0000	54.0000	Respond Naturally	NatureValleyChocolate	4.0000	4.0000	2.0000	4	1.0000	1.2921	0.6543	0.0143	0.0000	0.6543	0.2296	1.0000	0.3146	0.3146	-0.0000	0.4843
101.0000	55.0000	Respond Naturally	Cheerios	5.0000	5.0000	2.0000	5	1.0000	0.9559	0.5869	-0.2235	0.0000	0.5869	0.3720	1.0000	0.4161	0.4161	-0.0000	0.6113
101.0000	56.0000	Respond Naturally	BabyFoodCarrots	4.0000	4.0000	4.0000	5	-1.0000	1.0236	0.6374	-0.0559	0.0000	0.6374	0.2002	-1.0000	0.3707	0.3707	-0.0000	0.5529
101.0000	57.0000	Respond Naturally	ClifBar	4.0000	5.0000	2.0000	4	1.0000	1.4266	0.8560	0.0000	0.0000	0.8560	0.1574	1.0000	0.2162	0.2162	-0.0000	0.4734
101.0000	58.0000	Respond Naturally	FrootLoops	5.0000	5.0000	3.0000	2	1.0000	1.2748	0.8049	0.0273	0.0000	0.8049	0.3214	1.0000	0.4565	0.4565	-0.0000	0.6904
101.0000	59.0000	Respond Naturally	Smarties	4.0000	4.0000	2.0000	5	1.0000	0.8223	0.4026	-0.0430	0.0000	0.4026	0.3310	1.0000	0.3655	0.3655	-0.0000	0.6413
101.0000	60.0000	Respond Naturally	SlimStyles	3.0000	2.0000	3.0000	2	-1.0000	1.0236	0.6375	0.0428	0.0000	0.6375	0.2300	-1.0000	0.3695	0.3695	-0.0000	0.5501
101.0000	61.0000	Decrease Desire	FrozenPeas	4.0000	4.0000	4.0000	2	-1.0000	2.0960	0.9722	0.0019	0.0000	0.9722	0.2004	-1.0000	0.4852	0.4852	-0.0000	0.6665
101.0000	62.0000	Decrease Desire	SevenGrain	3.0000	3.0000	3.0000	3	-1.0000	1.2072	0.6373	0.0537	0.0000	0.6373	0.2040	-1.0000	0.3758	0.3767	-0.0009	0.6126
101.0000	63.0000	Decrease Desire	Skittles	5.0000	6.0000	3.0000	3	1.0000	4.1608	1.3916	-0.0417	0.0000	1.3916	0.2215	1.0000	0.2642	0.2642	-0.0000	0.6245
101.0000	64.0000	Decrease Desire	Caramilk	4.0000	4.0000	2.0000	5	-1.0000	1.3414	0.9393	0.0199	0.0000	0.9393	0.2094	-1.0000	0.4724	0.4724	-0.0000	0.6421
101.0000	65.0000	Decrease Desire	Snickers	5.0000	5.0000	3.0000	3	1.0000	3.7426	2.3478	-0.1318	0.0000	2.3478	0.1645	1.0000	0.4655	0.4655	-0.0000	0.6156
101.0000	66.0000	Decrease Desire	FrozenBroccoli	6.0000	5.0000	6.0000	6	1.0000	5.7435	0.7556	0.1005	2.0000	4.4337	0.1767	1.0000	0.5162	0.5162	-0.0000	0.6892
101.0000	67.0000	Decrease Desire	SlicedTurkey	4.0000	5.0000	3.0000	5	1.0000	2.2338	1.7633	0.0293	0.0000	1.7633	0.2038	1.0000	0.4132	0.4132	-0.0000	0.5178
101.0000	68.0000	Decrease Desire	HoneyNutCheerios	4.0000	5.0000	2.0000	5	-1.0000	2.9903	1.0410	-0.1305	2.0000	2.0828	0.1941	-1.0000	0.5181	0.5181	-0.0000	0.8175
101.0000	69.0000	Decrease Desire	Cheetos	6.0000	6.0000	2.0000	6	1.0000	1.0750	0.5537	-0.0028	0.0000	0.5537	0.1869	1.0000	0.2289	0.2532	-0.0243	0.4114
101.0000	70.0000	Decrease Desire	Spinach	5.0000	5.0000	5.0000	4	-1.0000	4.2489	1.0404	0.0728	4.0000	3.8290	0.3080	-1.0000	0.3637	0.3637	-0.0000	0.6837
101.0000	71.0000	Respond Naturally	VanillaGreekYogurt	3.0000	3.0000	4.0000	2	-1.0000	0.9231	0.5374	-0.4535	0.0000	0.5374	0.4218	-1.0000	0.3094	0.3094	-0.0000	0.4897
101.0000	72.0000	Respond Naturally	Onion	5.0000	5.0000	4.0000	2	1.0000	1.0756	0.5210	-0.0191	1.0000	0.6386	0.4088	-1.0000	0.5308	0.5450	-0.0142	0.9430
101.0000	73.0000	Respond Naturally	EnglishCucumber	4.0000	4.0000	4.0000	2	1.0000	1.1416	0.7386	0.3096	0.0000	0.7386	0.1907	1.0000	0.3167	0.3167	-0.0000	0.4665
101.0000	74.0000	Respond Naturally	Onion	5.0000	5.0000	4.0000	4	1.0000	0.7047	0.3183	0.1258	0.0000	0.3183	0.2416	1.0000	0.3023	0.3028	-0.0005	0.5486
101.0000	75.0000	Respond Naturally	BrusselsSprouts	4.0000	3.0000	4.0000	2	1.0000	0.9071	0.1680	0.3308	0.0000	0.1680	0.2474	1.0000	0.1146	0.1207	-0.0061	0.4782
101.0000	76.0000	Respond Naturally	Beets	2.0000	3.0000	6.0000	5	-1.0000	1.7969	0.6549	-0.2113	0.0000	0.6549	0.3769	-1.0000	0.2273	0.2521	-0.0247	0.6273
101.0000	77.0000	Respond Naturally	PCChipCookie	4.0000	4.0000	3.0000	5	1.0000	1.3103	0.8228	0.1347	0.0000	0.8228	0.2648	1.0000	0.3595	0.3595	-0.0000	0.5224
101.0000	78.0000	Respond Naturally	HoneyNutCheerios	4.0000	5.0000	3.0000	2	1.0000	2.5183	0.6377	0.0641	0.0000	0.6377	0.1313	1.0000	0.2691	0.2691	-0.0000	0.5088
101.0000	79.0000	Respond Naturally	DriedHerring	4.0000	5.0000	4.0000	1	1.0000	0.9739	0.5873	0.0306	0.0000	0.5873	0.2568	1.0000	0.3394	0.3400	-0.0005	0.5277
101.0000	80.0000	Respond Naturally	Smartfood	4.0000	4.0000	3.0000	2	1.0000	1.6961	1.0241	0.0535	1.0000	1.3601	0.4620	1.0000	0.4085	0.4326	-0.0241	0.6889
101.0000	81.0000	Decrease Desire	CheeseNips	3.0000	3.0000	3.0000	5	-1.0000	1.1422	0.6885	-0.0801	0.0000	0.6885	0.3820	-1.0000	0.4425	0.4744	-0.0318	0.7256
101.0000	82.0000	Decrease Desire	Tuna	4.0000	3.0000	2.0000	4	-1.0000	1.2432	0.8061	-0.1384	0.0000	0.8061	0.1621	-1.0000	0.3569	0.3577	-0.0008	0.5082
101.0000	83.0000	Decrease Desire	Mars	5.0000	5.0000	3.0000	2	1.0000	2.3176	0.5541	0.0792	2.0000	1.8303	0.2504	1.0000	0.3474	0.3548	-0.0075	0.8098
101.0000	84.0000	Decrease Desire	MangoChunks	6.0000	6.0000	4.0000	5	1.0000	1.0752	0.5879	0.0290	0.0000	0.5879	0.2384	1.0000	0.3323	0.3323	-0.0000	0.5432
101.0000	85.0000	Decrease Desire	SevenGrain	3.0000	3.0000	3.0000	1	-1.0000	1.0919	0.7052	-0.2156	0.0000	0.7052	0.2073	-1.0000	0.5006	0.5006	-0.0000	0.7382
101.0000	86.0000	Decrease Desire	Fritos	4.0000	4.0000	3.0000	2	-1.0000	1.5281	0.9905	-0.0837	0.0000	0.9905	0.1457	-1.0000	0.4623	0.4623	-0.0000	0.6232
101.0000	87.0000	Decrease Desire	BabyFoodSweetPotatos	3.0000	3.0000	4.0000	2	-1.0000	1.3099	0.6044	0.1579	0.0000	0.6044	0.2261	-1.0000	0.2594	0.2594	-0.0000	0.4567
101.0000	88.0000	Decrease Desire	ClamJuice	4.0000	4.0000	4.0000	1	1.0000	1.4615	0.9911	0.0780	0.0000	0.9911	0.2378	1.0000	0.4148	0.4148	-0.0000	0.5614
101.0000	89.0000	Decrease Desire	FrozenBroccoli	5.0000	5.0000	5.0000	2	1.0000	1.1420	0.7557	0.4017	0.0000	0.7557	0.2187	1.0000	0.3640	0.3640	-0.0000	0.5380
101.0000	90.0000	Decrease Desire	FrozenCorn	4.0000	4.0000	4.0000	2	-1.0000	3.8804	0.7392	-0.0196	2.0000	2.8889	0.1084	-1.0000	0.4895	0.4895	-0.0000	0.6800
101.0000	91.0000	Respond Naturally	Broccoli	5.0000	5.0000	5.0000	1	1.0000	0.9406	0.5878	-0.1980	0.0000	0.5878	0.2775	1.0000	0.4841	0.4841	-0.0000	0.7026
101.0000	92.0000	Respond Naturally	DriedApricots	3.0000	3.0000	5.0000	5	-1.0000	1.3944	0.9068	-0.1218	0.0000	0.9068	0.2326	-1.0000	0.4350	0.4388	-0.0038	0.6676
101.0000	93.0000	Respond Naturally	Asparagus	5.0000	5.0000	5.0000	3	1.0000	1.1090	0.6216	-0.0546	0.0000	0.6216	0.1651	1.0000	0.4355	0.4355	-0.0000	0.6384
101.0000	94.0000	Respond Naturally	Celery	3.0000	3.0000	5.0000	4	-1.0000	1.1420	0.5709	0.0128	0.0000	0.5709	0.2306	-1.0000	0.3319	0.3485	-0.0165	0.6529
101.0000	95.0000	Respond Naturally	Aero	4.0000	4.0000	3.0000	3	1.0000	1.2087	0.4196	-0.0679	0.0000	0.4196	0.2292	1.0000	0.3873	0.3873	-0.0000	0.8673
101.0000	96.0000	Respond Naturally	CoffeeCrisp	4.0000	5.0000	3.0000	1	1.0000	0.9409	0.4536	0.2478	0.0000	0.4536	0.1719	1.0000	0.2586	0.2586	-0.0000	0.4539
101.0000	97.0000	Respond Naturally	PureFit	3.0000	3.0000	2.0000	4	1.0000	1.1926	0.4367	0.1118	0.0000	0.4367	0.2335	1.0000	0.1931	0.1985	-0.0054	0.4648
101.0000	98.0000	Respond Naturally	SpeltCakes	3.0000	4.0000	3.0000	5	1.0000	1.2259	0.7891	0.2910	0.0000	0.7891	0.2535	1.0000	0.3677	0.3677	-0.0000	0.5444
101.0000	99.0000	Respond Naturally	Smartfood	5.0000	4.0000	3.0000	4	1.0000	1.0081	0.2518	-0.0567	0.0000	0.2518	0.4545	1.0000	0.6347	0.6347	-0.0000	1.0560
101.0000	100.0000	Respond Naturally	Aero	4.0000	4.0000	3.0000	1	1.0000	0.8399	0.5207	0.2603	0.0000	0.5207	0.3192	1.0000	0.3419	0.3419	-0.0000	0.5044
101.0000	101.0000	Decrease Desire	Almonds	2.0000	3.0000	4.0000	4	-1.0000	1.5117	1.0243	0.0383	0.0000	1.0243	0.1747	-1.0000	0.3219	0.3219	-0.0000	0.4096
101.0000	102.0000	Decrease Desire	SkimMilk	3.0000	3.0000	4.0000	1	-1.0000	1.2094	0.8566	-0.1682	0.0000	0.8566	0.3047	-1.0000	0.3834	0.3834	-0.0000	0.5234
101.0000	103.0000	Decrease Desire	FrozenOkra	2.0000	3.0000	6.0000	5	-1.0000	1.6294	0.8063	-0.1020	0.0000	0.8063	0.1566	-1.0000	0.2476	0.2476	-0.0000	0.4582
101.0000	104.0000	Decrease Desire	Starburst	6.0000	6.0000	3.0000	3	1.0000	2.2334	1.7292	0.0111	0.0000	1.7292	0.1806	1.0000	0.4812	0.4841	-0.0029	0.6028
101.0000	105.0000	Decrease Desire	Tempeh	3.0000	3.0000	5.0000	4	1.0000	9.9936	3.4921	-0.1554	7.0000	9.0024	0.2759	-1.0000	0.6707	0.6707	-0.0000	1.5664
101.0000	106.0000	Decrease Desire	Asparagus	5.0000	5.0000	6.0000	6	-1.0000	1.9313	0.7892	0.0678	1.0000	1.4776	0.2323	1.0000	0.5020	0.5020	-0.0000	0.6887
101.0000	107.0000	Decrease Desire	Fritos	4.0000	4.0000	2.0000	5	-1.0000	1.3779	0.8404	-0.0122	0.0000	0.8404	0.1762	-1.0000	0.2851	0.2854	-0.0002	0.4720
101.0000	108.0000	Decrease Desire	Skittles	6.0000	6.0000	2.0000	6	1.0000	2.0994	0.5881	-0.0389	2.0000	1.4776	0.2108	1.0000	0.3399	0.3501	-0.0102	0.7942
101.0000	109.0000	Decrease Desire	Cheerios	5.0000	5.0000	3.0000	2	-1.0000	5.5261	3.0900	0.0819	2.0000	3.9303	0.1978	-1.0000	0.2875	0.2875	-0.0000	0.4333
101.0000	110.0000	Decrease Desire	FrootLoops	5.0000	5.0000	2.0000	6	-1.0000	5.8116	0.7725	0.0180	3.0000	4.6355	0.1296	1.0000	0.5366	0.5366	-0.0000	0.6670
101.0000	111.0000	Respond Naturally	ProMax	4.0000	4.0000	2.0000	4	-1.0000	3.0900	1.9644	-0.2405	0.0000	1.9644	0.1471	-1.0000	0.4376	0.4376	-0.0000	0.5514
101.0000	112.0000	Respond Naturally	SkimMilk	2.0000	2.0000	4.0000	4	-1.0000	1.0247	0.6549	-0.0226	0.0000	0.6549	0.3090	-1.0000	0.4555	0.4555	-0.0000	0.6303
101.0000	113.0000	Respond Naturally	WaterChestnuts	2.0000	3.0000	5.0000	5	-1.0000	0.9900	0.6708	0.1557	0.0000	0.6708	0.1876	-1.0000	0.3004	0.3004	-0.0000	0.4410
101.0000	114.0000	Respond Naturally	RedPepper	4.0000	3.0000	4.0000	5	1.0000	2.1670	0.6884	0.0020	1.0000	1.1421	0.7006	-1.0000	0.5465	0.5578	-0.0113	1.5354
101.0000	115.0000	Respond Naturally	BabyFoodCarrots	4.0000	4.0000	4.0000	3	1.0000	2.6704	0.5537	-0.1108	1.0000	1.7966	0.1939	-1.0000	0.7953	0.7963	-0.0011	1.3039
101.0000	116.0000	Respond Naturally	Prunes	2.0000	2.0000	5.0000	5	-1.0000	1.3940	0.6380	-0.0494	0.0000	0.6380	0.2486	-1.0000	0.3486	0.3637	-0.0150	0.7343
101.0000	117.0000	Respond Naturally	Tuna	4.0000	3.0000	3.0000	2	1.0000	1.3101	0.8900	0.0503	0.0000	0.8900	0.2910	1.0000	0.4264	0.4603	-0.0339	0.6644
101.0000	118.0000	Respond Naturally	Avocado	4.0000	4.0000	4.0000	2	1.0000	0.9070	0.5375	0.0640	0.0000	0.5375	0.2268	1.0000	0.4092	0.4092	-0.0000	0.6361
101.0000	119.0000	Respond Naturally	ClifBar	5.0000	5.0000	3.0000	2	1.0000	1.0582	0.6717	-0.1553	0.0000	0.6717	0.2536	1.0000	0.4698	0.4698	-0.0000	0.7120
101.0000	120.0000	Respond Naturally	WelchsFruitSnacks	4.0000	4.0000	3.0000	3	1.0000	1.2261	0.7222	-0.0605	0.0000	0.7222	0.2126	1.0000	0.3675	0.3675	-0.0000	0.5613
101.0000	121.0000	Respond Naturally	TofuDessert	3.0000	3.0000	4.0000	2	-1.0000	1.5622	0.7222	-0.1873	0.0000	0.7222	0.3044	-1.0000	0.3955	0.3982	-0.0027	0.6777
101.0000	122.0000	Respond Naturally	GreenGrapes	5.0000	5.0000	5.0000	4	1.0000	0.9068	0.5706	0.2597	0.0000	0.5706	0.2246	1.0000	0.3818	0.3818	-0.0000	0.5962
101.0000	123.0000	Respond Naturally	GreenPepper	4.0000	3.0000	4.0000	2	1.0000	1.4277	0.8567	0.1885	0.0000	0.8567	0.3160	1.0000	0.3479	0.3479	-0.0000	0.5720
101.0000	124.0000	Respond Naturally	FrozenPeaches	6.0000	6.0000	4.0000	2	1.0000	0.8909	0.4707	0.1561	0.0000	0.4707	0.2086	1.0000	0.3454	0.3534	-0.0081	0.6324
101.0000	125.0000	Respond Naturally	RedPepper	4.0000	3.0000	4.0000	2	1.0000	0.8895	0.2851	0.1862	0.0000	0.2851	0.2651	1.0000	0.3864	0.3864	-0.0000	0.7265
101.0000	126.0000	Respond Naturally	RaisinBran	5.0000	5.0000	2.0000	7	1.0000	1.6792	1.1081	0.0251	0.0000	1.1081	0.1984	1.0000	0.4435	0.4435	-0.0000	0.6477
101.0000	127.0000	Respond Naturally	SlimStyles	3.0000	2.0000	2.0000	6	-1.0000	1.3441	0.5373	-0.1909	0.0000	0.5373	0.2845	-1.0000	0.3897	0.3954	-0.0057	0.8068
101.0000	128.0000	Respond Naturally	Cauliflower	5.0000	5.0000	4.0000	2	1.0000	2.0662	0.3526	-0.1410	2.0000	1.3100	0.2040	1.0000	0.5092	0.5092	-0.0000	0.7741
101.0000	129.0000	Respond Naturally	RitzCrackers	3.0000	3.0000	3.0000	2	-1.0000	2.9393	0.4866	-0.2370	3.0000	2.2505	0.4026	1.0000	0.5560	0.5763	-0.0203	1.2548
101.0000	130.0000	Respond Naturally	Mackerel	5.0000	5.0000	4.0000	1	1.0000	1.4778	0.5207	0.1486	0.0000	0.5207	0.1420	1.0000	0.1756	0.1778	-0.0021	0.4278
101.0000	131.0000	Decrease Desire	Snickers	4.0000	5.0000	3.0000	2	-1.0000	2.6533	2.1827	-0.0000	0.0000	2.1827	0.2570	-1.0000	0.6100	0.6100	-0.0000	0.7966
101.0000	132.0000	Decrease Desire	FrozenBlueberries	5.0000	5.0000	5.0000	3	-1.0000	1.4273	1.0074	0.0261	0.0000	1.0074	0.2632	-1.0000	0.4718	0.4733	-0.0015	0.6465
101.0000	133.0000	Decrease Desire	RufflesSourCreamOnion	6.0000	6.0000	3.0000	3	1.0000	3.7108	3.3242	-0.1468	0.0000	3.3242	0.2064	1.0000	0.6049	0.6052	-0.0003	0.6759
101.0000	134.0000	Decrease Desire	BBQCrisps	6.0000	5.0000	3.0000	2	1.0000	2.2835	1.1578	-0.2082	0.0000	1.1578	0.2464	1.0000	0.5438	0.5534	-0.0096	0.6936
101.0000	135.0000	Decrease Desire	AlmondMilk	4.0000	4.0000	5.0000	4	-1.0000	1.1926	0.5713	0.0687	0.0000	0.5713	0.2441	-1.0000	0.2982	0.2982	-0.0000	0.5637
101.0000	136.0000	Decrease Desire	RiceKrispiesCereal	4.0000	4.0000	3.0000	3	-1.0000	1.3938	0.5872	-0.0928	0.0000	0.5872	0.3021	-1.0000	0.1916	0.2219	-0.0303	0.4795
101.0000	137.0000	Decrease Desire	Doritos	6.0000	6.0000	3.0000	2	1.0000	1.3437	0.9069	0.0117	0.0000	0.9069	0.1832	1.0000	0.2522	0.2522	-0.0000	0.3457
101.0000	138.0000	Decrease Desire	Bananas	4.0000	4.0000	4.0000	2	-1.0000	1.7807	0.6886	0.2733	0.0000	0.6886	0.4390	-1.0000	0.1950	0.2002	-0.0053	0.4930
101.0000	139.0000	Decrease Desire	IceCreamVanilla	5.0000	5.0000	3.0000	4	-1.0000	2.7708	1.8978	-0.0208	0.0000	1.8978	0.1623	-1.0000	0.3728	0.3728	-0.0000	0.5792
101.0000	140.0000	Decrease Desire	Bananas	4.0000	4.0000	5.0000	3	-1.0000	1.1081	0.4535	-0.0776	0.0000	0.4535	0.3140	-1.0000	0.3250	0.3250	-0.0000	0.6321
101.0000	141.0000	Respond Naturally	CornFlakes	4.0000	5.0000	3.0000	3	1.0000	1.1091	0.6887	0.0731	0.0000	0.6887	0.2500	1.0000	0.2872	0.2872	-0.0000	0.4497
101.0000	142.0000	Respond Naturally	SkittlesSour	6.0000	6.0000	3.0000	3	1.0000	0.8734	0.5375	0.2126	0.0000	0.5375	0.2292	1.0000	0.3663	0.3663	-0.0000	0.5447
101.0000	143.0000	Respond Naturally	RomaineLettuce	4.0000	3.0000	4.0000	2	-1.0000	1.4441	0.5205	-0.0496	0.0000	0.5205	0.2424	-1.0000	0.2797	0.2797	-0.0000	0.6508
101.0000	144.0000	Respond Naturally	Caramilk	4.0000	4.0000	3.0000	2	1.0000	1.9138	0.6548	0.1031	0.0000	0.6548	0.2190	1.0000	0.2446	0.2446	-0.0000	0.6725
101.0000	145.0000	Respond Naturally	CoffeeCrisp	4.0000	5.0000	3.0000	3	1.0000	0.8570	0.4369	0.2588	0.0000	0.4369	0.1872	1.0000	0.2189	0.2368	-0.0179	0.4373
101.0000	146.0000	Respond Naturally	SkittlesSour	6.0000	6.0000	3.0000	6	1.0000	0.8229	0.3188	0.2134	0.0000	0.3188	0.2585	1.0000	0.3887	0.3887	-0.0000	0.6961
101.0000	147.0000	Respond Naturally	KashiBars	3.0000	3.0000	4.0000	4	-1.0000	1.7468	1.2428	-0.1851	0.0000	1.2428	0.3143	-1.0000	0.6014	0.6106	-0.0092	0.8751
101.0000	148.0000	Respond Naturally	Butternut	3.0000	3.0000	5.0000	7	-1.0000	1.6461	0.5040	-0.4956	1.0000	0.8232	0.2571	1.0000	0.5499	0.5499	-0.0000	1.2689
101.0000	149.0000	Respond Naturally	PopTartStrawberry	5.0000	5.0000	2.0000	5	1.0000	0.9240	0.4366	-0.1023	0.0000	0.4366	0.2634	1.0000	0.2350	0.2712	-0.0362	0.4886
101.0000	150.0000	Respond Naturally	FrozenPeaches	6.0000	6.0000	5.0000	5	1.0000	0.9913	0.5039	0.3319	0.0000	0.5039	0.2789	1.0000	0.4585	0.4585	-0.0000	0.7093
101.0000	151.0000	Decrease Desire	CannedArtichoke	2.0000	2.0000	5.0000	5	-1.0000	0.8902	0.5206	-0.2829	0.0000	0.5206	0.3030	-1.0000	0.4610	0.4610	-0.0000	0.7153
101.0000	152.0000	Decrease Desire	YorkPeppermintPatties	2.0000	2.0000	3.0000	4	-1.0000	0.8561	0.4696	0.0674	0.0000	0.4696	0.3372	-1.0000	0.4329	0.4329	-0.0000	0.6865
101.0000	153.0000	Decrease Desire	Cheetos	6.0000	6.0000	3.0000	3	1.0000	3.7453	1.3601	-0.1537	2.0000	2.1496	0.3609	1.0000	0.3790	0.3942	-0.0152	0.9715
101.0000	154.0000	Decrease Desire	PureFit	3.0000	3.0000	3.0000	2	-1.0000	2.1152	0.6378	-0.0184	0.0000	0.6378	0.1839	-1.0000	0.2184	0.2184	-0.0000	0.5421
101.0000	155.0000	Decrease Desire	AllBranCereal	3.0000	3.0000	4.0000	6	-1.0000	1.0588	0.7226	-0.0398	0.0000	0.7226	0.2755	-1.0000	0.5202	0.5202	-0.0000	0.7458
101.0000	156.0000	Decrease Desire	Shreddies	3.0000	3.0000	3.0000	2	-1.0000	0.8732	0.5207	-0.0000	0.0000	0.5207	0.2484	-1.0000	0.3893	0.3893	-0.0000	0.6048
101.0000	157.0000	Decrease Desire	TofuDessert	3.0000	3.0000	4.0000	4	-1.0000	0.9233	0.5708	0.0051	0.0000	0.5708	0.2717	-1.0000	0.3643	0.3643	-0.0000	0.5516
101.0000	158.0000	Decrease Desire	Triscuit	3.0000	3.0000	3.0000	5	-1.0000	0.9065	0.6042	0.2250	0.0000	0.6042	0.3048	-1.0000	0.3501	0.3501	-0.0000	0.4943
101.0000	159.0000	Decrease Desire	Strawberries	6.0000	6.0000	4.0000	2	-1.0000	3.3089	0.4366	0.0370	5.0000	2.8216	0.2460	1.0000	0.6883	0.6883	-0.0000	1.3598
101.0000	160.0000	Decrease Desire	FrozenOkra	3.0000	3.0000	4.0000	2	-1.0000	1.0579	0.5370	-0.0711	0.0000	0.5370	0.2092	-1.0000	0.3341	0.3341	-0.0000	0.5882
101.0000	161.0000	Decrease Desire	DriedHerring	3.0000	5.0000	4.0000	3	-1.0000	1.5281	1.1082	0.0393	0.0000	1.1082	0.1735	-1.0000	0.4374	0.4374	-0.0000	0.5902
101.0000	162.0000	Decrease Desire	Orange	5.0000	5.0000	5.0000	5	-1.0000	1.3263	0.7722	-0.2199	0.0000	0.7722	0.2241	-1.0000	0.4346	0.4346	-0.0000	0.6887
101.0000	163.0000	Decrease Desire	Pringles	6.0000	6.0000	2.0000	5	1.0000	1.8303	0.4367	0.0142	0.0000	0.4367	0.2254	1.0000	0.1360	0.1360	-0.0000	0.4859
101.0000	164.0000	Decrease Desire	GreenPepper	4.0000	3.0000	4.0000	6	-1.0000	2.0652	0.5708	-0.0195	0.0000	0.5708	0.1871	-1.0000	0.1920	0.1920	-0.0000	0.6188
101.0000	165.0000	Decrease Desire	DriedApricots	3.0000	3.0000	4.0000	2	-1.0000	1.0583	0.5879	-0.3575	0.0000	0.5879	0.2418	-1.0000	0.3551	0.3551	-0.0000	0.5832
101.0000	166.0000	Decrease Desire	AllBranBar	4.0000	3.0000	3.0000	3	-1.0000	1.4111	1.0247	0.2060	0.0000	1.0247	0.3323	-1.0000	0.4395	0.4395	-0.0000	0.5685
101.0000	167.0000	Decrease Desire	PopTartStrawberry	5.0000	5.0000	3.0000	2	1.0000	5.2072	1.9142	0.2017	2.0000	4.6190	0.2802	1.0000	0.4135	0.4135	-0.0000	0.5598
101.0000	168.0000	Decrease Desire	MnMPlain	4.0000	5.0000	3.0000	3	-1.0000	1.4440	0.9905	-0.0899	0.0000	0.9905	0.2103	-1.0000	0.4140	0.4141	-0.0002	0.5689
101.0000	169.0000	Decrease Desire	OatBran	2.0000	2.0000	4.0000	4	-1.0000	1.1078	0.6711	-0.0441	0.0000	0.6711	0.2597	-1.0000	0.4880	0.4943	-0.0063	0.7527
101.0000	170.0000	Decrease Desire	Reese	4.0000	4.0000	2.0000	4	-1.0000	1.2261	0.5371	0.0661	0.0000	0.5371	0.2734	-1.0000	0.4463	0.4463	-0.0000	0.6861
101.0000	171.0000	Respond Naturally	Butternut	3.0000	3.0000	4.0000	3	1.0000	1.5292	0.4032	0.0959	2.0000	0.9073	0.4251	1.0000	0.4363	0.4559	-0.0196	1.5503
101.0000	172.0000	Respond Naturally	Nutella	5.0000	6.0000	2.0000	4	1.0000	0.9578	0.4367	0.0000	0.0000	0.4367	0.2850	1.0000	0.4199	0.4199	-0.0000	0.7470
101.0000	173.0000	Respond Naturally	EnglishCucumber	5.0000	4.0000	5.0000	5	1.0000	0.9738	0.5875	0.2240	0.0000	0.5875	0.1879	1.0000	0.2995	0.2995	-0.0000	0.4872
101.0000	174.0000	Respond Naturally	Reese	4.0000	4.0000	3.0000	1	1.0000	0.7896	0.4368	0.1457	0.0000	0.4368	0.2823	1.0000	0.4290	0.4290	-0.0000	0.7265
101.0000	175.0000	Respond Naturally	RitzCrackers	3.0000	3.0000	3.0000	5	-1.0000	1.4954	0.8737	-0.1758	0.0000	0.8737	0.3589	-1.0000	0.4241	0.4471	-0.0230	0.7708
101.0000	176.0000	Respond Naturally	WelchsFruitSnacks	4.0000	4.0000	3.0000	1	1.0000	1.1418	0.5541	0.0883	0.0000	0.5541	0.2652	1.0000	0.2806	0.2994	-0.0188	0.5753
101.0000	177.0000	Respond Naturally	SpeltCakes	4.0000	4.0000	3.0000	2	1.0000	1.1749	0.8054	0.0000	0.0000	0.8054	0.2419	1.0000	0.6066	0.6069	-0.0003	0.8332
101.0000	178.0000	Respond Naturally	IceCreamVanilla	5.0000	5.0000	3.0000	1	1.0000	1.4108	0.9404	0.0610	0.0000	0.9404	0.2415	1.0000	0.4338	0.4612	-0.0274	0.6585
101.0000	179.0000	Respond Naturally	GreenGrapes	4.0000	5.0000	4.0000	1	-1.0000	2.5029	1.2936	-0.0656	0.0000	1.2936	0.1221	-1.0000	0.3120	0.3120	-0.0000	0.6038
101.0000	180.0000	Respond Naturally	Prunes	3.0000	3.0000	4.0000	2	-1.0000	1.2597	0.6717	0.0795	0.0000	0.6717	0.2489	-1.0000	0.3728	0.3728	-0.0000	0.6268
101.0000	181.0000	Respond Naturally	Twizzlers	2.0000	3.0000	3.0000	2	-1.0000	0.8900	0.5708	-0.0523	0.0000	0.5708	0.2660	-1.0000	0.4773	0.4773	-0.0000	0.6861
101.0000	182.0000	Respond Naturally	MnMPeanuts	4.0000	5.0000	3.0000	4	1.0000	0.8230	0.4703	-0.0762	0.0000	0.4703	0.2355	1.0000	0.4506	0.4506	-0.0000	0.7157
101.0000	183.0000	Respond Naturally	Starburst	6.0000	6.0000	2.0000	6	1.0000	0.8228	0.4367	0.1426	0.0000	0.4367	0.2470	1.0000	0.3723	0.3736	-0.0013	0.6356
101.0000	184.0000	Respond Naturally	OikosYogurt	3.0000	3.0000	4.0000	3	-1.0000	1.2089	0.8560	-0.1350	0.0000	0.8560	0.2730	-1.0000	0.6172	0.6172	-0.0000	0.8307
101.0000	185.0000	Respond Naturally	KashiBars	3.0000	3.0000	4.0000	1	-1.0000	1.6292	1.1252	-0.1192	0.0000	1.1252	0.1842	-1.0000	0.5405	0.5405	-0.0000	0.6835
101.0000	186.0000	Respond Naturally	Celery	3.0000	3.0000	4.0000	2	-1.0000	0.9411	0.5546	-0.1551	0.0000	0.5546	0.2523	-1.0000	0.3878	0.3878	-0.0000	0.6341
101.0000	187.0000	Respond Naturally	Raspberries	4.0000	4.0000	4.0000	5	1.0000	1.0414	0.4701	-0.0334	0.0000	0.4701	0.2613	1.0000	0.4656	0.4738	-0.0082	0.7816
101.0000	188.0000	Respond Naturally	Mentos	6.0000	6.0000	3.0000	5	1.0000	0.8399	0.1678	0.0253	0.0000	0.1678	0.2348	1.0000	0.5055	0.5067	-0.0012	0.8718
101.0000	189.0000	Respond Naturally	IceCreamChocolate	4.0000	4.0000	3.0000	1	1.0000	0.9064	0.6376	0.1330	0.0000	0.6376	0.2504	1.0000	0.4888	0.4888	-0.0000	0.6468
101.0000	190.0000	Respond Naturally	Doritos	6.0000	6.0000	3.0000	5	1.0000	0.7729	0.4032	0.2624	0.0000	0.4032	0.1724	1.0000	0.2832	0.2832	-0.0000	0.4681
101.0000	191.0000	Decrease Desire	Spinach	5.0000	5.0000	5.0000	2	-1.0000	1.5120	0.2016	-0.0000	1.0000	1.0919	0.3135	1.0000	0.3077	0.3121	-0.0043	0.5331
101.0000	192.0000	Decrease Desire	ClamJuice	4.0000	4.0000	4.0000	3	-1.0000	1.3603	1.0244	-0.1757	0.0000	1.0244	0.2561	-1.0000	0.4307	0.4307	-0.0000	0.5588
101.0000	193.0000	Decrease Desire	Shreddies	3.0000	3.0000	3.0000	5	-1.0000	1.0247	0.5368	-0.0055	0.0000	0.5368	0.2657	-1.0000	0.3158	0.3296	-0.0138	0.5806
101.0000	194.0000	Decrease Desire	ProMax	4.0000	3.0000	3.0000	2	-1.0000	1.5280	0.6886	-0.1149	0.0000	0.6886	0.2853	-1.0000	0.2275	0.2275	-0.0000	0.4294
101.0000	195.0000	Decrease Desire	LaysClassic	6.0000	6.0000	3.0000	4	1.0000	4.0470	3.2236	0.1794	0.0000	3.2236	0.2797	1.0000	0.6162	0.6162	-0.0000	0.7037
101.0000	196.0000	Decrease Desire	MnMPeanuts	5.0000	5.0000	3.0000	2	-1.0000	1.2931	0.6714	-0.0000	0.0000	0.6714	0.3167	-1.0000	0.3876	0.4159	-0.0283	0.7267
101.0000	197.0000	Decrease Desire	OatmealSquares	3.0000	3.0000	4.0000	7	-1.0000	1.0246	0.5206	-0.0243	0.0000	0.5206	0.3112	-1.0000	0.4013	0.4013	-0.0000	0.6974
101.0000	198.0000	Decrease Desire	Mars	5.0000	6.0000	2.0000	4	1.0000	5.2231	4.7359	-0.0270	0.0000	4.7359	0.2781	1.0000	0.6209	0.6209	-0.0000	0.7132
101.0000	199.0000	Decrease Desire	SunChips	4.0000	4.0000	3.0000	2	-1.0000	1.2264	0.5879	-0.0236	0.0000	0.5879	0.2845	-1.0000	0.3108	0.3178	-0.0071	0.6290
101.0000	200.0000	Decrease Desire	VegetableThins	4.0000	4.0000	3.0000	5	-1.0000	1.4279	0.1680	-0.2158	0.0000	0.1680	0.2196	-1.0000	0.3231	0.3231	-0.0000	0.7448
