Subject	Trial	Instruction	Food	Liking	Taste	Health	Amount	Choice	ChoiceRT	FirstDevTimeChoice	InitAngleChoice	NumChangeMindChoice	FinalDevTimeChoice	MaxVelocityChoice	DrxFirstDevChoice	TotalAUCChoice	AUCtoNonChosenChoice	AUCtoChosenChoice	MaxDevChoice
53.0000	1.0000	Decrease Desire	FrozenPeaches	4.0000	6.0000	6.0000	5	-1.0000	2.4349	1.5108	-0.0000	2.0000	1.9477	0.3254	-1.0000	0.0529	0.0583	-0.0054	0.1339
53.0000	2.0000	Decrease Desire	RufflesSourCreamOnion	6.0000	6.0000	3.0000	3	1.0000	7.2027	0.6381	0.1276	3.0000	4.6673	0.3909	-1.0000	0.8151	0.8290	-0.0140	1.4040
53.0000	3.0000	Decrease Desire	FrozenBlueberries	6.0000	5.0000	6.0000	3	-1.0000	1.4445	0.9238	-0.0332	0.0000	0.9238	0.2603	-1.0000	0.1782	0.1782	-0.0000	0.2573
53.0000	4.0000	Decrease Desire	OatmealSquares	2.0000	4.0000	4.0000	7	-1.0000	1.2430	0.6550	0.0463	0.0000	0.6550	0.2442	-1.0000	0.0932	0.0932	-0.0000	0.1890
53.0000	5.0000	Decrease Desire	FrozenOkra	1.0000	1.0000	6.0000	2	-1.0000	1.1086	0.6045	0.0863	0.0000	0.6045	0.2145	-1.0000	0.0417	0.0417	-0.0000	0.1113
53.0000	6.0000	Decrease Desire	Smartfood	6.0000	6.0000	2.0000	4	1.0000	3.2414	0.3866	0.0000	1.0000	0.6555	0.1936	-1.0000	0.7872	0.7872	-0.0000	1.1834
53.0000	7.0000	Decrease Desire	LaysClassic	6.0000	6.0000	2.0000	4	1.0000	1.6291	0.7558	-0.0342	0.0000	0.7558	0.2713	1.0000	-0.0387	0.0481	-0.0868	-0.2479
53.0000	8.0000	Decrease Desire	Celery	1.0000	1.0000	6.0000	2	-1.0000	1.0743	0.5200	0.0604	0.0000	0.5200	0.2171	-1.0000	0.0860	0.0860	-0.0000	0.2142
53.0000	9.0000	Decrease Desire	SkimMilk	3.0000	6.0000	5.0000	1	-1.0000	1.5447	1.1753	-0.0265	0.0000	1.1753	0.2532	-1.0000	0.1038	0.1039	-0.0001	0.1620
53.0000	10.0000	Decrease Desire	FrozenPeaches	6.0000	6.0000	6.0000	2	1.0000	1.1757	0.4534	0.0000	1.0000	0.6550	0.4223	-1.0000	0.3302	0.3302	-0.0000	1.2328
53.0000	11.0000	Respond Naturally	BabyFoodSweetPotatos	1.0000	1.0000	2.0000	5	-1.0000	1.0419	0.5546	-0.0294	0.0000	0.5546	0.2193	-1.0000	0.1077	0.1077	-0.0000	0.2133
53.0000	12.0000	Respond Naturally	FrootLoops	4.0000	6.0000	3.0000	2	1.0000	1.0245	0.5709	-0.0533	0.0000	0.5709	0.2168	1.0000	0.0437	0.0478	-0.0041	0.0885
53.0000	13.0000	Respond Naturally	Tempeh	1.0000	1.0000	3.0000	4	-1.0000	1.1592	0.5377	-0.0000	0.0000	0.5377	0.2610	-1.0000	0.1130	0.1130	-0.0000	0.2656
53.0000	14.0000	Respond Naturally	Reese	6.0000	6.0000	3.0000	1	1.0000	1.0585	0.4036	-0.1841	0.0000	0.4036	0.1666	1.0000	0.0525	0.0660	-0.0135	0.1725
53.0000	15.0000	Respond Naturally	BabyFoodCarrots	1.0000	1.0000	4.0000	5	-1.0000	0.9237	0.4365	0.0431	0.0000	0.4365	0.3725	-1.0000	0.0568	0.0568	-0.0000	0.1538
53.0000	16.0000	Respond Naturally	FrootLoops	1.0000	2.0000	1.0000	6	-1.0000	1.0578	0.3525	-0.0081	1.0000	0.4867	0.1354	1.0000	0.1536	0.1536	-0.0000	0.4595
53.0000	17.0000	Respond Naturally	RitzCrackers	6.0000	6.0000	3.0000	2	1.0000	1.2937	0.5208	-0.1146	1.0000	0.6553	0.5031	-1.0000	0.3698	0.3698	-0.0000	1.5242
53.0000	18.0000	Respond Naturally	CannedArtichoke	1.0000	1.0000	4.0000	2	-1.0000	1.1420	0.5374	0.0232	0.0000	0.5374	0.4215	-1.0000	-0.0128	0.0353	-0.0480	-0.3105
53.0000	19.0000	Respond Naturally	Smarties	2.0000	4.0000	3.0000	2	-1.0000	1.2766	0.7726	-0.0343	0.0000	0.7726	0.3018	-1.0000	0.1373	0.1373	-0.0000	0.2532
53.0000	20.0000	Respond Naturally	Aero	5.0000	4.0000	2.0000	3	-1.0000	1.9818	1.4944	-0.1507	0.0000	1.4944	0.3594	-1.0000	0.0865	0.0865	-0.0000	0.1652
53.0000	21.0000	Decrease Desire	AllBranCereal	2.0000	1.0000	4.0000	2	-1.0000	9.9878	0.9068	0.1209	0.0000	0.9068	0.1380	-1.0000	0.0258	0.0258	-0.0000	0.1111
53.0000	22.0000	Decrease Desire	WaterChestnuts	1.0000	1.0000	3.0000	3	-1.0000	2.0152	0.7221	-0.0359	0.0000	0.7221	0.2854	-1.0000	0.0261	0.0405	-0.0144	0.1887
53.0000	23.0000	Decrease Desire	Cheerios	4.0000	1.0000	3.0000	5	-1.0000	3.1731	0.6718	0.1227	0.0000	0.6718	0.1783	-1.0000	0.0091	0.0091	-0.0000	0.1412
53.0000	24.0000	Decrease Desire	OikosYogurt	6.0000	5.0000	6.0000	6	1.0000	9.9863	0.1511	0.8763	0.0000	0.1511	0.5885	0.0000	-0.0000	0.0000	-0.0000	-0.0000
53.0000	25.0000	Decrease Desire	IceCreamVanilla	6.0000	5.0000	3.0000	4	-1.0000	9.9878	2.0312	-0.1543	0.0000	2.0312	0.1258	-1.0000	0.0196	0.0204	-0.0008	0.0937
53.0000	26.0000	Decrease Desire	SpeltCakes	2.0000	1.0000	2.0000	5	-1.0000	1.2928	0.6546	-0.0000	0.0000	0.6546	0.2514	-1.0000	0.0439	0.0710	-0.0271	0.1450
53.0000	27.0000	Decrease Desire	Prunes	1.0000	1.0000	1.0000	5	-1.0000	1.1587	0.5711	-0.1236	0.0000	0.5711	0.3413	-1.0000	0.0409	0.0409	-0.0000	0.1189
53.0000	28.0000	Decrease Desire	DriedHerring	1.0000	1.0000	1.0000	1	-1.0000	1.1925	0.5877	-0.0596	0.0000	0.5877	0.2458	-1.0000	0.1073	0.1073	-0.0000	0.2088
53.0000	29.0000	Decrease Desire	NatureValleyChocolate	6.0000	6.0000	6.0000	1	1.0000	9.9878	1.7794	0.0171	0.0000	1.7794	0.2282	1.0000	0.0119	0.0119	-0.0000	0.1067
53.0000	30.0000	Decrease Desire	GreenApple	6.0000	6.0000	6.0000	2	1.0000	4.1139	3.5428	-0.1195	0.0000	3.5428	0.2120	1.0000	0.1107	0.1154	-0.0047	0.1369
53.0000	31.0000	Respond Naturally	Prunes	1.0000	1.0000	3.0000	2	-1.0000	1.2097	0.5375	-0.1616	0.0000	0.5375	0.1879	-1.0000	0.0480	0.0480	-0.0000	0.1616
53.0000	32.0000	Respond Naturally	TofuDessert	1.0000	1.0000	3.0000	2	-1.0000	1.0409	0.6040	-0.2017	0.0000	0.6040	0.2617	-1.0000	0.0417	0.0417	-0.0000	0.1474
53.0000	33.0000	Respond Naturally	RedPepper	2.0000	1.0000	5.0000	5	-1.0000	1.0583	0.5038	-0.0000	0.0000	0.5038	0.2899	-1.0000	0.0347	0.0347	-0.0000	0.2296
53.0000	34.0000	Respond Naturally	HoneyNutCheerios	1.0000	1.0000	3.0000	5	-1.0000	0.9905	0.3865	-0.2225	0.0000	0.3865	0.2593	-1.0000	0.0772	0.0772	-0.0000	0.1621
53.0000	35.0000	Respond Naturally	Broccoli	6.0000	5.0000	5.0000	1	1.0000	1.7133	0.4703	-0.0587	1.0000	0.8062	0.2678	-1.0000	0.4893	0.4893	-0.0000	1.4484
53.0000	36.0000	Respond Naturally	RomaineLettuce	1.0000	2.0000	6.0000	4	-1.0000	1.0410	0.6379	-0.0890	0.0000	0.6379	0.2938	-1.0000	0.0785	0.0785	-0.0000	0.1544
53.0000	37.0000	Respond Naturally	CannedArtichoke	1.0000	1.0000	2.0000	5	-1.0000	0.8735	0.4367	-0.0000	0.0000	0.4367	0.3576	-1.0000	0.0495	0.0495	-0.0000	0.1464
53.0000	38.0000	Respond Naturally	SevenGrain	2.0000	1.0000	4.0000	3	-1.0000	1.1086	0.4368	-0.0223	0.0000	0.4368	0.2190	-1.0000	0.0424	0.0424	-0.0000	0.1970
53.0000	39.0000	Respond Naturally	Cheetos	6.0000	6.0000	3.0000	3	1.0000	1.1254	0.5708	0.0588	0.0000	0.5708	0.2375	1.0000	-0.0090	0.0239	-0.0329	-0.1379
53.0000	40.0000	Respond Naturally	YorkPeppermintPatties	2.0000	2.0000	4.0000	2	-1.0000	1.2594	0.5875	-0.2742	0.0000	0.5875	0.3457	-1.0000	0.1119	0.1119	-0.0000	0.3255
53.0000	41.0000	Decrease Desire	YorkPeppermintPatties	1.0000	1.0000	1.0000	4	-1.0000	2.1162	1.1081	-0.0000	0.0000	1.1081	0.1036	-1.0000	-0.0009	0.0038	-0.0047	0.0598
53.0000	42.0000	Decrease Desire	CornFlakes	6.0000	5.0000	6.0000	3	1.0000	8.3262	7.6704	0.1117	0.0000	7.6704	0.1741	1.0000	0.0264	0.0268	-0.0003	0.1052
53.0000	43.0000	Decrease Desire	SlicedTurkey	1.0000	1.0000	5.0000	2	-1.0000	1.2431	0.6719	-0.1162	0.0000	0.6719	0.3029	-1.0000	0.0390	0.0492	-0.0102	0.2031
53.0000	44.0000	Decrease Desire	BrusselsSprouts	1.0000	1.0000	6.0000	2	-1.0000	1.1925	0.6044	-0.0159	0.0000	0.6044	0.2516	-1.0000	0.0361	0.0379	-0.0018	0.2069
53.0000	45.0000	Decrease Desire	IceCreamChocolate	2.0000	6.0000	4.0000	1	-1.0000	1.8311	1.1088	0.0316	0.0000	1.1088	0.2795	-1.0000	0.0670	0.0670	-0.0000	0.3498
53.0000	46.0000	Decrease Desire	IceCreamChocolate	5.0000	6.0000	3.0000	4	-1.0000	1.3934	0.9399	-0.1186	0.0000	0.9399	0.3339	-1.0000	0.1019	0.1019	-0.0000	0.2877
53.0000	47.0000	Decrease Desire	EnglishCucumber	6.0000	4.0000	6.0000	2	1.0000	2.4349	0.7392	-0.0289	0.0000	0.7392	0.2223	1.0000	0.0228	0.0230	-0.0002	0.0637
53.0000	48.0000	Decrease Desire	Snickers	6.0000	3.0000	2.0000	2	-1.0000	3.3406	1.0071	-0.0035	0.0000	1.0071	0.3142	-1.0000	0.0315	0.0315	-0.0000	0.2397
53.0000	49.0000	Decrease Desire	PopTartStrawberry	3.0000	2.0000	1.0000	5	-1.0000	1.2939	0.6721	0.1323	0.0000	0.6721	0.2825	-1.0000	0.0792	0.0792	-0.0001	0.2647
53.0000	50.0000	Decrease Desire	Mackerel	1.0000	1.0000	1.0000	3	-1.0000	1.1420	0.5710	-0.1138	0.0000	0.5710	0.3197	-1.0000	-0.0006	0.0222	-0.0228	-0.1101
53.0000	51.0000	Respond Naturally	SlimStyles	1.0000	1.0000	1.0000	6	-1.0000	1.6461	0.8560	-0.0000	0.0000	0.8560	0.1750	-1.0000	0.0232	0.0394	-0.0162	0.2074
53.0000	52.0000	Respond Naturally	SkittlesSour	3.0000	1.0000	1.0000	6	-1.0000	1.2085	0.6207	0.0337	0.0000	0.6207	0.3161	-1.0000	0.0316	0.0316	-0.0000	0.1133
53.0000	53.0000	Respond Naturally	Skittles	5.0000	6.0000	3.0000	3	1.0000	1.3763	0.7723	0.1520	0.0000	0.7723	0.4340	1.0000	0.0271	0.0273	-0.0001	0.1630
53.0000	54.0000	Respond Naturally	Butternut	2.0000	1.0000	3.0000	7	-1.0000	1.4609	0.8392	-0.0000	0.0000	0.8392	0.3353	-1.0000	0.0417	0.0417	-0.0000	0.2778
53.0000	55.0000	Respond Naturally	ProMax	1.0000	1.0000	3.0000	2	-1.0000	1.4440	0.8894	-0.0519	0.0000	0.8894	0.3450	-1.0000	-0.0187	0.0176	-0.0362	-0.2684
53.0000	56.0000	Respond Naturally	Twizzlers	3.0000	3.0000	3.0000	2	-1.0000	1.8813	0.4872	-0.0672	0.0000	0.4872	0.1647	-1.0000	0.0417	0.0417	-0.0000	0.1688
53.0000	57.0000	Respond Naturally	Caramilk	6.0000	5.0000	1.0000	5	-1.0000	1.2765	0.6884	-0.0000	0.0000	0.6884	0.2003	-1.0000	0.0285	0.0285	-0.0000	0.1522
53.0000	58.0000	Respond Naturally	Avocado	4.0000	3.0000	5.0000	2	-1.0000	1.1083	0.5876	-0.0778	0.0000	0.5876	0.1954	-1.0000	0.0830	0.0830	-0.0000	0.1358
53.0000	59.0000	Respond Naturally	Mars	6.0000	4.0000	2.0000	4	-1.0000	1.1085	0.5038	-0.0000	0.0000	0.5038	0.2343	-1.0000	0.0220	0.0220	-0.0000	0.1134
53.0000	60.0000	Respond Naturally	MnMPeanuts	5.0000	2.0000	1.0000	4	-1.0000	1.2092	0.6884	-0.1229	0.0000	0.6884	0.2731	-1.0000	0.0366	0.0366	-0.0000	0.1522
53.0000	61.0000	Respond Naturally	Avocado	2.0000	1.0000	3.0000	5	-1.0000	0.9577	0.4536	0.0522	0.0000	0.4536	0.2576	-1.0000	0.0190	0.0213	-0.0022	0.0688
53.0000	62.0000	Respond Naturally	Almonds	2.0000	2.0000	2.0000	4	-1.0000	1.2428	0.7050	-0.0000	0.0000	0.7050	0.2980	-1.0000	0.0028	0.0147	-0.0120	-0.1027
53.0000	63.0000	Respond Naturally	Celery	1.0000	1.0000	5.0000	4	-1.0000	1.2929	0.6883	0.0116	0.0000	0.6883	0.2012	-1.0000	0.1032	0.1032	-0.0000	0.2624
53.0000	64.0000	Respond Naturally	Onion	1.0000	1.0000	4.0000	2	1.0000	2.6880	0.8900	-0.0683	2.0000	1.6294	0.4409	1.0000	0.2853	0.2953	-0.0100	1.6922
53.0000	65.0000	Respond Naturally	FrozenCorn	5.0000	4.0000	5.0000	2	1.0000	1.7970	1.0748	0.0100	0.0000	1.0748	0.1479	1.0000	0.0568	0.0632	-0.0064	0.1056
53.0000	66.0000	Respond Naturally	Fritos	3.0000	2.0000	1.0000	5	-1.0000	1.9818	0.8734	-0.0727	0.0000	0.8734	0.2913	-1.0000	0.0468	0.0468	-0.0000	0.1485
53.0000	67.0000	Respond Naturally	Spinach	3.0000	3.0000	6.0000	4	-1.0000	1.6787	1.0571	0.0739	0.0000	1.0571	0.3577	-1.0000	0.0059	0.0343	-0.0284	-0.1927
53.0000	68.0000	Respond Naturally	OatmealSquares	6.0000	6.0000	6.0000	3	1.0000	1.7128	0.6880	-0.0243	0.0000	0.6880	0.2953	1.0000	0.0434	0.0448	-0.0014	0.0980
53.0000	69.0000	Respond Naturally	RomaineLettuce	2.0000	1.0000	6.0000	2	-1.0000	1.7631	1.0246	-0.0889	0.0000	1.0246	0.2907	-1.0000	0.0886	0.0886	-0.0000	0.1675
53.0000	70.0000	Respond Naturally	Triscuit	6.0000	6.0000	4.0000	2	1.0000	1.1425	0.5712	0.0085	0.0000	0.5712	0.2166	1.0000	0.0260	0.0388	-0.0128	-0.0930
53.0000	71.0000	Decrease Desire	OatBran	4.0000	1.0000	1.0000	4	-1.0000	1.3604	0.8727	-0.0000	0.0000	0.8727	0.2059	-1.0000	0.0326	0.0326	-0.0000	0.1296
53.0000	72.0000	Decrease Desire	Tuna	1.0000	1.0000	4.0000	2	-1.0000	2.3672	1.8129	-0.1653	0.0000	1.8129	0.1923	-1.0000	0.0361	0.0425	-0.0064	-0.1078
53.0000	73.0000	Decrease Desire	GreenBeans	1.0000	1.0000	6.0000	2	-1.0000	4.7170	4.0114	-0.0326	0.0000	4.0114	0.2263	-1.0000	0.0902	0.0902	-0.0000	0.1314
53.0000	74.0000	Decrease Desire	Strawberries	3.0000	6.0000	5.0000	2	1.0000	3.4417	1.7287	-0.0086	1.0000	2.2330	0.3537	-1.0000	0.3692	0.3692	-0.0000	1.3330
53.0000	75.0000	Decrease Desire	VegetableThins	2.0000	5.0000	3.0000	2	1.0000	1.2929	0.5875	0.1653	0.0000	0.5875	0.2618	1.0000	0.0055	0.0329	-0.0274	-0.1163
53.0000	76.0000	Decrease Desire	AllBranBar	3.0000	3.0000	4.0000	3	-1.0000	1.6123	0.9738	-0.0000	0.0000	0.9738	0.2362	-1.0000	0.0387	0.0387	-0.0000	0.1699
53.0000	77.0000	Decrease Desire	CoffeeCrisp	3.0000	5.0000	1.0000	3	-1.0000	1.4110	0.9238	-0.0000	0.0000	0.9238	0.3116	-1.0000	0.0726	0.0732	-0.0006	0.1751
53.0000	78.0000	Decrease Desire	OikosYogurt	6.0000	6.0000	6.0000	3	1.0000	1.7308	0.7055	-0.0499	0.0000	0.7055	0.1358	1.0000	0.0116	0.0312	-0.0196	-0.0832
53.0000	79.0000	Decrease Desire	Orange	5.0000	4.0000	6.0000	5	-1.0000	1.2931	0.6716	-0.0000	0.0000	0.6716	0.2705	-1.0000	-0.0044	0.0094	-0.0138	0.0966
53.0000	80.0000	Decrease Desire	CoffeeCrisp	5.0000	6.0000	3.0000	1	-1.0000	1.8484	0.6384	-0.0124	1.0000	0.9242	0.2189	1.0000	0.4558	0.4558	-0.0000	1.5571
53.0000	81.0000	Respond Naturally	CheeseNips	2.0000	1.0000	1.0000	5	-1.0000	1.4444	0.8060	-0.0686	0.0000	0.8060	0.2308	-1.0000	-0.0377	0.0044	-0.0421	-0.1056
53.0000	82.0000	Respond Naturally	Almonds	4.0000	4.0000	4.0000	2	-1.0000	1.4106	0.6384	-0.0000	0.0000	0.6384	0.2277	-1.0000	0.0316	0.0316	-0.0000	0.1296
53.0000	83.0000	Respond Naturally	GreenGrapes	6.0000	6.0000	6.0000	4	-1.0000	1.8148	0.6049	-0.0000	1.0000	0.8906	0.3172	1.0000	0.3351	0.3351	-0.0000	1.2395
53.0000	84.0000	Respond Naturally	MangoChunks	5.0000	6.0000	6.0000	5	1.0000	2.5851	1.5781	0.0043	0.0000	1.5781	0.3290	1.0000	0.0213	0.0341	-0.0128	0.1112
53.0000	85.0000	Respond Naturally	PureFit	4.0000	3.0000	4.0000	4	-1.0000	1.1247	0.5877	0.0250	0.0000	0.5877	0.3588	-1.0000	0.0447	0.0447	-0.0000	0.1356
53.0000	86.0000	Respond Naturally	WaterChestnuts	1.0000	1.0000	1.0000	5	-1.0000	1.0583	0.4366	-0.1548	0.0000	0.4366	0.2902	-1.0000	0.0101	0.0320	-0.0219	-0.0909
53.0000	87.0000	Respond Naturally	Doritos	6.0000	6.0000	2.0000	5	1.0000	2.5172	1.7623	0.0000	0.0000	1.7623	0.3590	1.0000	0.0300	0.0444	-0.0145	-0.1789
53.0000	88.0000	Respond Naturally	Cauliflower	1.0000	1.0000	4.0000	6	-1.0000	1.1932	0.5376	-0.0784	0.0000	0.5376	0.3188	-1.0000	0.0260	0.0260	-0.0000	0.0638
53.0000	89.0000	Respond Naturally	FrozenOkra	1.0000	1.0000	5.0000	5	-1.0000	1.0911	0.5036	-0.1569	0.0000	0.5036	0.1695	-1.0000	0.0289	0.0336	-0.0047	0.1069
53.0000	90.0000	Respond Naturally	Tempeh	1.0000	1.0000	3.0000	2	-1.0000	1.1755	0.6882	0.0681	0.0000	0.6882	0.2849	-1.0000	0.0442	0.0450	-0.0009	0.1471
53.0000	91.0000	Decrease Desire	Mentos	1.0000	1.0000	1.0000	5	1.0000	8.7804	8.0578	-0.1986	0.0000	8.0578	0.2492	1.0000	0.1307	0.1348	-0.0041	0.1485
53.0000	92.0000	Decrease Desire	GreenBeans	1.0000	1.0000	6.0000	4	-1.0000	2.1821	1.6110	0.0641	0.0000	1.6110	0.5397	-1.0000	0.0292	0.0627	-0.0335	-0.2486
53.0000	93.0000	Decrease Desire	DriedApricots	1.0000	1.0000	2.0000	5	-1.0000	6.3619	0.8394	-0.0301	0.0000	0.8394	0.1568	-1.0000	0.0154	0.0154	-0.0000	0.1742
53.0000	94.0000	Decrease Desire	GreenPepper	3.0000	3.0000	6.0000	2	1.0000	1.6292	1.1925	0.0000	0.0000	1.1925	0.2649	1.0000	0.0582	0.0589	-0.0008	0.0961
53.0000	95.0000	Decrease Desire	BBQCrisps	2.0000	1.0000	1.0000	6	1.0000	1.6120	0.9400	0.0000	0.0000	0.9400	0.2130	1.0000	0.0250	0.0423	-0.0173	-0.1053
53.0000	96.0000	Decrease Desire	MnMPeanuts	6.0000	6.0000	3.0000	2	1.0000	1.0918	0.4369	-0.0212	0.0000	0.4369	0.1922	1.0000	0.0291	0.0474	-0.0183	0.1195
53.0000	97.0000	Decrease Desire	GreenGrapes	6.0000	6.0000	6.0000	1	1.0000	1.2257	0.6378	0.1146	0.0000	0.6378	0.1678	1.0000	0.0742	0.0767	-0.0025	0.1570
53.0000	98.0000	Decrease Desire	Mackerel	1.0000	1.0000	1.0000	1	-1.0000	2.4342	0.6375	0.0295	0.0000	0.6375	0.3418	-1.0000	0.0370	0.0380	-0.0010	0.1671
53.0000	99.0000	Decrease Desire	FrozenBroccoli	1.0000	1.0000	4.0000	6	-1.0000	2.0649	0.4364	-0.0000	0.0000	0.4364	0.1697	-1.0000	-0.0099	0.0296	-0.0395	-0.1637
53.0000	100.0000	Decrease Desire	Orange	6.0000	6.0000	6.0000	1	1.0000	1.2940	0.6890	-0.0652	0.0000	0.6890	0.1768	1.0000	0.0691	0.0695	-0.0004	0.1799
53.0000	101.0000	Respond Naturally	Nutella	4.0000	3.0000	2.0000	4	-1.0000	1.4949	0.8229	-0.0563	0.0000	0.8229	0.1462	-1.0000	0.0802	0.0802	-0.0000	0.1417
53.0000	102.0000	Respond Naturally	DriedApricots	2.0000	1.0000	1.0000	2	-1.0000	1.1593	0.6215	-0.0000	0.0000	0.6215	0.1934	-1.0000	-0.0184	0.0164	-0.0348	-0.1710
53.0000	103.0000	Respond Naturally	Snickers	3.0000	2.0000	1.0000	3	-1.0000	1.0750	0.5875	-0.1032	0.0000	0.5875	0.3020	-1.0000	0.0523	0.0523	-0.0000	0.1668
53.0000	104.0000	Respond Naturally	Nutella	6.0000	6.0000	3.0000	1	1.0000	1.3612	0.4705	0.0000	1.0000	0.6890	0.3628	-1.0000	0.2107	0.2357	-0.0250	0.9680
53.0000	105.0000	Respond Naturally	BabyFoodSweetPotatos	1.0000	1.0000	2.0000	2	-1.0000	1.0414	0.4702	-0.2443	0.0000	0.4702	0.1715	-1.0000	0.1107	0.1107	-0.0000	0.1632
53.0000	106.0000	Respond Naturally	AppleChips	6.0000	6.0000	5.0000	5	1.0000	3.0721	0.5208	0.0000	0.0000	0.5208	0.2012	1.0000	0.0143	0.0194	-0.0051	0.1066
53.0000	107.0000	Respond Naturally	BrusselsSprouts	1.0000	1.0000	3.0000	4	-1.0000	0.9736	0.4870	0.0688	0.0000	0.4870	0.3748	-1.0000	-0.0297	0.0389	-0.0686	-0.2994
53.0000	108.0000	Respond Naturally	Spinach	2.0000	5.0000	6.0000	2	-1.0000	1.8972	1.3598	0.0297	0.0000	1.3598	0.1675	-1.0000	0.0290	0.0290	-0.0000	0.2047
53.0000	109.0000	Respond Naturally	Twizzlers	2.0000	1.0000	1.0000	4	-1.0000	1.0582	0.5880	0.0937	0.0000	0.5880	0.2533	-1.0000	0.0503	0.0573	-0.0070	0.1017
53.0000	110.0000	Respond Naturally	PopTartStrawberry	6.0000	6.0000	3.0000	2	1.0000	1.6284	1.1244	-0.2369	0.0000	1.1244	0.2831	1.0000	0.0233	0.0296	-0.0063	-0.1099
53.0000	111.0000	Decrease Desire	Triscuit	1.0000	1.0000	2.0000	5	-1.0000	1.1760	0.5205	0.0167	0.0000	0.5205	0.3733	-1.0000	0.1933	0.1933	-0.0000	0.6097
53.0000	112.0000	Decrease Desire	MangoChunks	6.0000	6.0000	6.0000	2	1.0000	1.7132	0.9743	0.1128	0.0000	0.9743	0.3555	1.0000	0.0570	0.0595	-0.0025	0.1072
53.0000	113.0000	Decrease Desire	LaysClassic	6.0000	6.0000	5.0000	3	1.0000	1.8470	1.3262	0.0391	0.0000	1.3262	0.3732	1.0000	-0.0065	0.0212	-0.0277	-0.2109
53.0000	114.0000	Decrease Desire	Aero	6.0000	6.0000	4.0000	1	-1.0000	1.4779	0.7557	-0.0000	0.0000	0.7557	0.1187	-1.0000	0.0868	0.0868	-0.0000	0.1497
53.0000	115.0000	Decrease Desire	Pringles	3.0000	1.0000	1.0000	5	-1.0000	1.1755	0.6214	-0.0729	0.0000	0.6214	0.3079	-1.0000	0.0691	0.0740	-0.0049	0.3036
53.0000	116.0000	Decrease Desire	Starburst	4.0000	4.0000	1.0000	3	1.0000	1.3106	0.5711	0.0145	0.0000	0.5711	0.1714	1.0000	0.0249	0.0612	-0.0364	-0.1496
53.0000	117.0000	Decrease Desire	MnMPlain	6.0000	6.0000	3.0000	3	1.0000	0.9243	0.4034	0.0000	0.0000	0.4034	0.1924	1.0000	0.0755	0.0774	-0.0019	0.1799
53.0000	118.0000	Decrease Desire	PCChipCookie	6.0000	6.0000	3.0000	2	1.0000	1.4615	0.6384	0.0805	0.0000	0.6384	0.2088	1.0000	0.1219	0.1328	-0.0109	0.2370
53.0000	119.0000	Decrease Desire	AllBranCereal	1.0000	1.0000	1.0000	6	-1.0000	1.6129	0.4873	0.0108	0.0000	0.4873	0.2610	-1.0000	0.0453	0.0541	-0.0088	0.1687
53.0000	120.0000	Decrease Desire	OatBran	6.0000	4.0000	5.0000	2	-1.0000	1.0925	0.3363	-0.2875	0.0000	0.3363	0.1846	-1.0000	0.1080	0.1081	-0.0001	0.2498
53.0000	121.0000	Respond Naturally	GreenApple	4.0000	5.0000	6.0000	4	-1.0000	1.7141	0.4874	-0.0000	1.0000	0.8739	0.3224	1.0000	0.4786	0.4786	-0.0000	1.6254
53.0000	122.0000	Respond Naturally	ClifBar	1.0000	1.0000	1.0000	4	-1.0000	1.2263	0.6550	-0.0000	0.0000	0.6550	0.1997	-1.0000	0.0083	0.0116	-0.0033	0.0548
53.0000	123.0000	Respond Naturally	FrozenPeas	1.0000	1.0000	6.0000	2	-1.0000	1.4270	0.7386	0.0155	0.0000	0.7386	0.2312	-1.0000	0.0089	0.0349	-0.0260	-0.1383
53.0000	124.0000	Respond Naturally	Beets	1.0000	1.0000	4.0000	2	-1.0000	1.0574	0.4869	0.0669	0.0000	0.4869	0.3386	-1.0000	0.0575	0.0575	-0.0000	0.1679
53.0000	125.0000	Respond Naturally	PureFit	2.0000	2.0000	2.0000	2	-1.0000	0.8899	0.4202	-0.0000	0.0000	0.4202	0.2946	-1.0000	0.0273	0.0273	-0.0000	0.1238
53.0000	126.0000	Respond Naturally	HoneyNutCheerios	6.0000	6.0000	6.0000	2	1.0000	1.2260	0.3363	-0.0184	1.0000	0.5714	0.4010	-1.0000	0.1153	0.1505	-0.0351	0.7269
53.0000	127.0000	Respond Naturally	Cauliflower	1.0000	1.0000	5.0000	2	-1.0000	1.0243	0.5039	0.1016	0.0000	0.5039	0.2462	-1.0000	0.0896	0.0896	-0.0000	0.1889
53.0000	128.0000	Respond Naturally	CornFlakes	5.0000	4.0000	3.0000	6	-1.0000	1.0582	0.4203	0.1493	0.0000	0.4203	0.1381	-1.0000	0.0381	0.0393	-0.0012	0.1375
53.0000	129.0000	Respond Naturally	ClifBar	1.0000	1.0000	3.0000	2	-1.0000	0.8567	0.3361	0.1613	0.0000	0.3361	0.2464	-1.0000	0.0184	0.0186	-0.0002	0.0952
53.0000	130.0000	Respond Naturally	SkittlesSour	3.0000	3.0000	3.0000	3	-1.0000	1.7632	0.3025	-0.0438	0.0000	0.3025	0.2058	-1.0000	0.0022	0.0304	-0.0283	0.1166
53.0000	131.0000	Decrease Desire	FrozenCorn	1.0000	1.0000	2.0000	4	-1.0000	1.3438	0.7221	0.0451	0.0000	0.7221	0.1911	-1.0000	0.0127	0.0131	-0.0004	0.0914
53.0000	132.0000	Decrease Desire	Shreddies	6.0000	3.0000	5.0000	2	1.0000	1.4107	0.4369	-0.0261	1.0000	0.8230	0.3085	-1.0000	0.3982	0.3982	-0.0000	1.4846
53.0000	133.0000	Decrease Desire	IceCreamVanilla	6.0000	6.0000	4.0000	1	1.0000	1.3604	0.6551	-0.1387	0.0000	0.6551	0.2411	1.0000	0.0043	0.0211	-0.0168	0.1062
53.0000	134.0000	Decrease Desire	SevenGrain	4.0000	3.0000	5.0000	1	-1.0000	1.0920	0.5544	-0.0000	0.0000	0.5544	0.2185	-1.0000	0.0347	0.0347	-0.0000	0.1564
53.0000	135.0000	Decrease Desire	SpeltCakes	6.0000	6.0000	5.0000	2	-1.0000	0.9743	0.4032	-0.0000	0.0000	0.4032	0.3771	-1.0000	0.0456	0.0456	-0.0000	0.1279
53.0000	136.0000	Decrease Desire	Butternut	2.0000	1.0000	1.0000	3	-1.0000	1.6796	1.1420	-0.0000	0.0000	1.1420	0.2561	-1.0000	0.0991	0.0991	-0.0000	0.1975
53.0000	137.0000	Decrease Desire	VegetableThins	2.0000	1.0000	3.0000	5	-1.0000	1.0758	0.4709	-0.0000	0.0000	0.4709	0.2220	-1.0000	0.0371	0.0371	-0.0000	0.2127
53.0000	138.0000	Decrease Desire	Skittles	1.0000	1.0000	1.0000	6	-1.0000	1.0246	0.3865	-0.0000	0.0000	0.3865	0.2424	-1.0000	0.0179	0.0195	-0.0016	0.1368
53.0000	139.0000	Decrease Desire	Pringles	6.0000	6.0000	4.0000	2	-1.0000	1.3943	0.4537	0.1455	0.0000	0.4537	0.1995	-1.0000	0.0548	0.0548	-0.0000	0.1446
53.0000	140.0000	Decrease Desire	Cheetos	3.0000	4.0000	2.0000	6	-1.0000	1.1584	0.6382	-0.0000	0.0000	0.6382	0.3229	-1.0000	0.0297	0.0297	-0.0000	0.0938
53.0000	141.0000	Respond Naturally	Caramilk	6.0000	6.0000	2.0000	2	1.0000	1.1087	0.4534	0.0000	0.0000	0.4534	0.1692	1.0000	0.0420	0.0430	-0.0010	0.0935
53.0000	142.0000	Respond Naturally	BabyFoodCarrots	1.0000	1.0000	3.0000	3	-1.0000	1.0076	0.5040	-0.0000	0.0000	0.5040	0.3000	-1.0000	0.0461	0.0462	-0.0001	0.2529
53.0000	143.0000	Respond Naturally	VanillaGreekYogurt	6.0000	6.0000	6.0000	2	1.0000	1.1750	0.5369	0.0000	0.0000	0.5369	0.2485	1.0000	0.0014	0.0234	-0.0220	-0.1509
53.0000	144.0000	Respond Naturally	SunChips	6.0000	6.0000	3.0000	2	1.0000	1.2261	0.5543	-0.0268	0.0000	0.5543	0.2462	1.0000	-0.0001	0.0257	-0.0258	-0.1237
53.0000	145.0000	Respond Naturally	Smarties	3.0000	1.0000	1.0000	5	-1.0000	1.1086	0.6550	-0.1726	0.0000	0.6550	0.2129	-1.0000	0.0613	0.0622	-0.0010	0.1045
53.0000	146.0000	Respond Naturally	WelchsFruitSnacks	4.0000	1.0000	1.0000	3	-1.0000	1.3265	0.5540	-0.0000	0.0000	0.5540	0.2482	-1.0000	0.0176	0.0283	-0.0107	0.0974
53.0000	147.0000	Respond Naturally	Doritos	6.0000	6.0000	3.0000	2	1.0000	1.0244	0.5713	-0.0197	0.0000	0.5713	0.1826	1.0000	0.0285	0.0380	-0.0095	-0.0845
53.0000	148.0000	Respond Naturally	Shreddies	1.0000	1.0000	1.0000	5	-1.0000	0.9069	0.4536	-0.1512	0.0000	0.4536	0.2006	-1.0000	0.0825	0.0825	-0.0000	0.1916
53.0000	149.0000	Respond Naturally	VanillaGreekYogurt	6.0000	6.0000	6.0000	4	1.0000	3.6431	0.8227	-0.0366	1.0000	1.2422	0.3894	-1.0000	0.7731	0.7731	-0.0000	1.2788
53.0000	150.0000	Respond Naturally	AllBranBar	2.0000	6.0000	5.0000	1	1.0000	1.9138	1.1071	-0.1506	0.0000	1.1071	0.1033	1.0000	0.0536	0.0572	-0.0036	0.1009
53.0000	151.0000	Decrease Desire	Raspberries	1.0000	2.0000	5.0000	4	-1.0000	1.6295	0.8902	-0.0630	0.0000	0.8902	0.1723	-1.0000	0.0826	0.0826	-0.0000	0.1746
53.0000	152.0000	Decrease Desire	Starburst	1.0000	2.0000	1.0000	6	-1.0000	1.1253	0.5204	0.0127	0.0000	0.5204	0.1289	-1.0000	0.0540	0.0540	-0.0000	0.1094
53.0000	153.0000	Decrease Desire	AppleChips	6.0000	6.0000	6.0000	2	1.0000	1.3106	0.5713	-0.0596	0.0000	0.5713	0.2462	1.0000	0.0333	0.0540	-0.0207	0.1225
53.0000	154.0000	Decrease Desire	Asparagus	1.0000	1.0000	6.0000	3	-1.0000	1.1420	0.4539	-0.0106	0.0000	0.4539	0.2244	-1.0000	0.0667	0.0667	-0.0000	0.2319
53.0000	155.0000	Decrease Desire	RiceKrispiesCereal	1.0000	2.0000	2.0000	7	-1.0000	0.9738	0.5042	0.0862	0.0000	0.5042	0.3045	-1.0000	0.0281	0.0349	-0.0069	0.1730
53.0000	156.0000	Decrease Desire	RaisinBran	5.0000	6.0000	6.0000	3	-1.0000	1.1595	0.5042	-0.0000	0.0000	0.5042	0.2102	-1.0000	0.0170	0.0190	-0.0020	0.0396
53.0000	157.0000	Decrease Desire	AlmondMilk	1.0000	1.0000	5.0000	4	-1.0000	1.0581	0.5041	0.1227	0.0000	0.5041	0.2748	-1.0000	0.0050	0.0192	-0.0141	0.0637
53.0000	158.0000	Decrease Desire	SunChips	5.0000	3.0000	3.0000	4	-1.0000	0.9741	0.4033	0.1099	0.0000	0.4033	0.1664	-1.0000	0.0290	0.0317	-0.0027	0.0983
53.0000	159.0000	Decrease Desire	NatureValleyChocolate	3.0000	1.0000	2.0000	4	-1.0000	1.1423	0.3358	0.0088	0.0000	0.3358	0.1728	-1.0000	0.0437	0.0437	-0.0000	0.1309
53.0000	160.0000	Decrease Desire	BBQCrisps	3.0000	1.0000	3.0000	2	-1.0000	1.2599	0.4705	-0.0000	0.0000	0.4705	0.1856	-1.0000	0.0270	0.0270	-0.0000	0.0631
53.0000	161.0000	Respond Naturally	RaisinBran	3.0000	3.0000	3.0000	7	-1.0000	1.1087	0.6383	0.0231	0.0000	0.6383	0.3276	-1.0000	0.0194	0.0268	-0.0074	0.0998
53.0000	162.0000	Respond Naturally	ClamJuice	1.0000	1.0000	1.0000	3	-1.0000	1.0584	0.3863	-0.0210	0.0000	0.3863	0.2103	-1.0000	0.0264	0.0467	-0.0203	0.1881
53.0000	163.0000	Respond Naturally	PCChipCookie	6.0000	6.0000	2.0000	5	-1.0000	1.1756	0.6551	-0.0000	0.0000	0.6551	0.2899	-1.0000	0.0358	0.0388	-0.0029	0.1195
53.0000	164.0000	Respond Naturally	SlimStyles	1.0000	1.0000	4.0000	2	-1.0000	1.0417	0.4369	-0.0170	0.0000	0.4369	0.2808	-1.0000	0.0639	0.0639	-0.0000	0.2568
53.0000	165.0000	Respond Naturally	MnMPlain	1.0000	1.0000	1.0000	5	-1.0000	0.8738	0.4368	-0.0060	0.0000	0.4368	0.2159	-1.0000	0.0264	0.0274	-0.0010	0.0889
53.0000	166.0000	Respond Naturally	CheeseNips	4.0000	6.0000	1.0000	2	-1.0000	1.0083	0.3529	-0.0000	0.0000	0.3529	0.1815	-1.0000	0.0286	0.0286	-0.0000	0.0581
53.0000	167.0000	Respond Naturally	Fritos	4.0000	6.0000	4.0000	2	-1.0000	1.2262	0.3863	-0.1502	0.0000	0.3863	0.1749	-1.0000	0.0293	0.0374	-0.0080	0.1662
53.0000	168.0000	Respond Naturally	Asparagus	1.0000	1.0000	6.0000	6	-1.0000	0.9913	0.4369	-0.0804	0.0000	0.4369	0.2310	-1.0000	0.0439	0.0462	-0.0022	0.1102
53.0000	169.0000	Respond Naturally	Cheerios	6.0000	6.0000	6.0000	2	-1.0000	0.8905	0.4034	0.0175	0.0000	0.4034	0.2011	-1.0000	0.0573	0.0573	-0.0000	0.1407
53.0000	170.0000	Respond Naturally	SlicedTurkey	1.0000	1.0000	4.0000	5	-1.0000	0.9237	0.4029	0.0097	0.0000	0.4029	0.1580	-1.0000	0.0271	0.0356	-0.0085	0.1198
53.0000	171.0000	Decrease Desire	RufflesSourCreamOnion	6.0000	6.0000	1.0000	5	-1.0000	2.0485	1.5948	0.0964	0.0000	1.5948	0.2662	-1.0000	0.0649	0.0722	-0.0073	0.1151
53.0000	172.0000	Decrease Desire	Bananas	6.0000	6.0000	6.0000	3	1.0000	4.6671	3.7096	0.0094	0.0000	3.7096	0.3821	1.0000	0.0277	0.0362	-0.0086	-0.1836
53.0000	173.0000	Decrease Desire	Strawberries	3.0000	1.0000	5.0000	3	-1.0000	1.1254	0.5374	0.0692	0.0000	0.5374	0.1949	-1.0000	0.0600	0.0600	-0.0000	0.1233
53.0000	174.0000	Decrease Desire	ClamJuice	1.0000	1.0000	1.0000	1	-1.0000	2.1666	0.7562	-0.0000	0.0000	0.7562	0.1942	-1.0000	0.0038	0.0227	-0.0189	0.1219
53.0000	175.0000	Decrease Desire	AlmondMilk	1.0000	1.0000	5.0000	2	-1.0000	1.4106	0.8394	-0.0485	0.0000	0.8394	0.3628	-1.0000	0.0764	0.0765	-0.0001	0.2663
53.0000	176.0000	Decrease Desire	RiceKrispiesCereal	5.0000	6.0000	5.0000	3	-1.0000	3.0049	2.6015	-0.0000	0.0000	2.6015	0.2141	-1.0000	0.0296	0.0296	-0.0000	0.0880
53.0000	177.0000	Decrease Desire	DriedHerring	1.0000	1.0000	1.0000	3	-1.0000	0.8736	0.4368	-0.0000	0.0000	0.4368	0.2409	-1.0000	0.0197	0.0197	-0.0000	0.0934
53.0000	178.0000	Decrease Desire	FrozenBroccoli	6.0000	6.0000	6.0000	2	-1.0000	1.4610	0.4703	-0.0000	0.0000	0.4703	0.1047	-1.0000	0.0255	0.0255	-0.0000	0.0890
53.0000	179.0000	Decrease Desire	KashiBars	1.0000	1.0000	1.0000	4	-1.0000	0.9906	0.4703	0.2042	0.0000	0.4703	0.1846	-1.0000	0.0082	0.0101	-0.0020	0.0251
53.0000	180.0000	Decrease Desire	Onion	1.0000	1.0000	5.0000	4	-1.0000	1.0752	0.6551	-0.0000	0.0000	0.6551	0.2210	-1.0000	0.0382	0.0382	-0.0000	0.1593
53.0000	181.0000	Respond Naturally	Beets	1.0000	1.0000	2.0000	5	-1.0000	1.4274	0.5037	-0.0000	2.0000	1.0412	0.3046	-1.0000	-0.0289	0.0462	-0.0750	-0.3035
53.0000	182.0000	Respond Naturally	GreenPepper	1.0000	2.0000	4.0000	6	-1.0000	0.9579	0.4033	-0.0000	0.0000	0.4033	0.1524	-1.0000	0.0030	0.0216	-0.0186	-0.0981
53.0000	183.0000	Respond Naturally	Smartfood	6.0000	6.0000	4.0000	2	1.0000	1.2423	0.6886	-0.2377	0.0000	0.6886	0.1808	1.0000	0.0163	0.0201	-0.0038	-0.0456
53.0000	184.0000	Respond Naturally	Raspberries	1.0000	2.0000	5.0000	5	-1.0000	0.9236	0.5041	-0.0000	0.0000	0.5041	0.2368	-1.0000	0.0127	0.0137	-0.0010	0.0825
53.0000	185.0000	Respond Naturally	TofuDessert	1.0000	1.0000	1.0000	4	-1.0000	0.8905	0.4201	-0.0810	0.0000	0.4201	0.1857	-1.0000	0.0127	0.0201	-0.0073	-0.0807
53.0000	186.0000	Respond Naturally	Mentos	5.0000	6.0000	3.0000	2	1.0000	0.8732	0.4533	0.0000	0.0000	0.4533	0.2745	1.0000	0.0385	0.0436	-0.0052	0.0846
53.0000	187.0000	Respond Naturally	EnglishCucumber	6.0000	6.0000	6.0000	5	-1.0000	1.5795	0.4874	-0.0000	1.0000	0.7060	0.2067	1.0000	0.2726	0.2726	-0.0000	0.9930
53.0000	188.0000	Respond Naturally	Reese	1.0000	1.0000	1.0000	4	-1.0000	0.9235	0.4537	0.0417	0.0000	0.4537	0.2489	-1.0000	0.0380	0.0380	-0.0000	0.1653
53.0000	189.0000	Respond Naturally	ProMax	1.0000	1.0000	2.0000	4	-1.0000	1.0584	0.5042	0.0165	0.0000	0.5042	0.1917	-1.0000	0.0315	0.0381	-0.0066	0.0743
53.0000	190.0000	Respond Naturally	KashiBars	2.0000	5.0000	4.0000	1	-1.0000	1.2263	0.4203	0.0562	0.0000	0.4203	0.1720	-1.0000	0.0476	0.0476	-0.0000	0.1104
53.0000	191.0000	Decrease Desire	SkimMilk	1.0000	3.0000	4.0000	4	-1.0000	1.2433	0.5544	0.0417	0.0000	0.5544	0.1744	-1.0000	0.0301	0.0301	-0.0000	0.1670
53.0000	192.0000	Decrease Desire	Tuna	1.0000	1.0000	3.0000	4	-1.0000	0.9412	0.4032	0.3682	0.0000	0.4032	0.1261	-1.0000	0.0128	0.0131	-0.0002	0.0380
53.0000	193.0000	Decrease Desire	Mars	6.0000	6.0000	1.0000	2	1.0000	3.0566	0.5209	0.0000	1.0000	2.1830	0.2708	-1.0000	0.8059	0.8059	-0.0000	1.4872
53.0000	194.0000	Decrease Desire	FrozenPeas	1.0000	1.0000	3.0000	6	-1.0000	0.8395	0.4027	0.0035	0.0000	0.4027	0.1994	-1.0000	0.0333	0.0333	-0.0000	0.0702
53.0000	195.0000	Decrease Desire	Bananas	6.0000	6.0000	6.0000	2	1.0000	1.3945	0.7056	-0.0549	0.0000	0.7056	0.1681	1.0000	0.0177	0.0223	-0.0047	-0.0707
53.0000	196.0000	Decrease Desire	RitzCrackers	3.0000	4.0000	2.0000	5	-1.0000	1.3102	0.5710	NA	0.0000	0.5710	0.2152	-1.0000	0.0257	0.0258	-0.0001	0.1179
53.0000	197.0000	Decrease Desire	FrozenBlueberries	6.0000	6.0000	5.0000	1	1.0000	1.5286	0.6886	0.1696	0.0000	0.6886	0.2039	1.0000	-0.0175	0.0100	-0.0276	-0.0925
53.0000	198.0000	Decrease Desire	WelchsFruitSnacks	6.0000	4.0000	2.0000	1	-1.0000	1.2433	0.5880	-0.1857	0.0000	0.5880	0.1691	-1.0000	0.0111	0.0331	-0.0220	-0.0864
53.0000	199.0000	Decrease Desire	Broccoli	3.0000	3.0000	6.0000	4	-1.0000	0.9411	0.3530	0.1249	0.0000	0.3530	0.1061	-1.0000	0.0122	0.0173	-0.0051	0.0512
53.0000	200.0000	Decrease Desire	RedPepper	3.0000	6.0000	5.0000	2	-1.0000	0.9908	0.3360	-0.0000	0.0000	0.3360	0.1463	-1.0000	0.0174	0.0175	-0.0001	0.0428
