Subject	Trial	Instruction	Food	Liking	Taste	Health	Amount	Choice	ChoiceRT	FirstDevTimeChoice	InitAngleChoice	NumChangeMindChoice	FinalDevTimeChoice	MaxVelocityChoice	DrxFirstDevChoice	TotalAUCChoice	AUCtoNonChosenChoice	AUCtoChosenChoice	MaxDevChoice
6.0000	1.0000	Focus on Health	BrusselsSprouts	4.0000	5.0000	6.0000	4	1.0000	2.4523	1.4782	0.0000	1.0000	1.7803	0.2135	-1.0000	0.2690	0.2715	-0.0025	1.1370
6.0000	2.0000	Focus on Health	Spinach	4.0000	4.0000	6.0000	4	1.0000	3.0898	0.9737	0.1176	1.0000	1.1753	0.1593	-1.0000	0.3588	0.3609	-0.0021	0.7569
6.0000	3.0000	Focus on Health	VanillaGreekYogurt	6.0000	5.0000	6.0000	2	1.0000	1.2765	0.8060	0.1332	0.0000	0.8060	0.1688	1.0000	0.2308	0.2349	-0.0041	0.4443
6.0000	4.0000	Focus on Health	RiceKrispiesCereal	4.0000	5.0000	4.0000	7	1.0000	2.1659	1.7460	0.2163	0.0000	1.7460	0.1699	1.0000	0.1185	0.1251	-0.0066	0.1700
6.0000	5.0000	Focus on Health	Butternut	4.0000	5.0000	6.0000	3	1.0000	1.2927	0.5537	0.1552	0.0000	0.5537	0.1400	1.0000	0.0879	0.1008	-0.0129	0.1947
6.0000	6.0000	Focus on Health	MnMPeanuts	3.0000	4.0000	3.0000	2	-1.0000	3.7104	1.5276	-0.0980	1.0000	2.0147	0.2980	1.0000	0.5486	0.5486	-0.0000	1.3337
6.0000	7.0000	Focus on Health	BabyFoodSweetPotatos	4.0000	5.0000	5.0000	2	1.0000	8.4758	5.8397	0.0424	0.0000	5.8397	0.1220	1.0000	0.1335	0.1430	-0.0094	0.2101
6.0000	8.0000	Focus on Health	Mentos	4.0000	4.0000	1.0000	5	-1.0000	1.5619	0.9404	-0.2046	0.0000	0.9404	0.1388	-1.0000	0.2133	0.2133	-0.0000	0.3122
6.0000	9.0000	Focus on Health	FrootLoops	5.0000	5.0000	3.0000	2	1.0000	1.9140	1.2757	0.0000	0.0000	1.2757	0.1418	1.0000	0.2727	0.2777	-0.0050	0.5934
6.0000	10.0000	Focus on Health	EnglishCucumber	4.0000	4.0000	6.0000	2	1.0000	0.9060	0.4358	0.2207	0.0000	0.4358	0.2310	1.0000	0.1435	0.1475	-0.0040	0.2519
6.0000	11.0000	Respond Naturally	Orange	5.0000	6.0000	6.0000	5	1.0000	2.5696	1.7801	0.2099	1.0000	2.0152	0.1841	-1.0000	0.1865	0.1865	-0.0000	1.0712
6.0000	12.0000	Respond Naturally	Twizzlers	3.0000	5.0000	1.0000	2	1.0000	2.5016	1.0579	0.1633	0.0000	1.0579	0.1668	1.0000	0.1088	0.1111	-0.0023	0.2540
6.0000	13.0000	Respond Naturally	Asparagus	4.0000	5.0000	6.0000	6	1.0000	1.0741	0.3860	0.0988	0.0000	0.3860	0.1794	1.0000	0.1608	0.1608	-0.0000	0.3206
6.0000	14.0000	Respond Naturally	Smartfood	4.0000	6.0000	3.0000	4	1.0000	1.1921	0.7218	0.0639	0.0000	0.7218	0.1800	1.0000	0.2229	0.2381	-0.0153	0.3633
6.0000	15.0000	Respond Naturally	Nutella	4.0000	5.0000	1.0000	4	1.0000	4.6676	3.7094	0.0351	0.0000	3.7094	0.1758	1.0000	0.2529	0.2529	-0.0000	0.3213
6.0000	16.0000	Respond Naturally	OatBran	5.0000	5.0000	6.0000	4	1.0000	1.1411	0.7050	0.0521	0.0000	0.7050	0.2567	1.0000	0.2114	0.2119	-0.0005	0.3157
6.0000	17.0000	Respond Naturally	LaysClassic	3.0000	3.0000	2.0000	4	1.0000	1.7459	1.1077	0.1414	0.0000	1.1077	0.2721	1.0000	0.1600	0.1600	-0.0000	0.3085
6.0000	18.0000	Respond Naturally	FrozenCorn	4.0000	4.0000	6.0000	2	1.0000	2.2499	0.9905	-0.0042	0.0000	0.9905	0.1788	1.0000	0.0897	0.0987	-0.0089	0.2095
6.0000	19.0000	Respond Naturally	HoneyNutCheerios	5.0000	5.0000	4.0000	5	1.0000	1.9984	0.6045	0.3789	0.0000	0.6045	0.1393	1.0000	0.1000	0.1000	-0.0000	0.2022
6.0000	20.0000	Respond Naturally	FrozenCorn	5.0000	5.0000	6.0000	4	1.0000	1.1585	0.5537	0.1437	0.0000	0.5537	0.1893	1.0000	0.2029	0.2031	-0.0002	0.3371
6.0000	21.0000	Focus on Health	AlmondMilk	5.0000	6.0000	6.0000	4	1.0000	1.0578	0.6716	0.1652	0.0000	0.6716	0.3027	1.0000	0.1222	0.1260	-0.0037	0.1978
6.0000	22.0000	Focus on Health	DriedHerring	5.0000	6.0000	6.0000	1	1.0000	1.0412	0.5372	0.1106	0.0000	0.5372	0.2164	1.0000	0.1649	0.1706	-0.0058	0.2957
6.0000	23.0000	Focus on Health	TofuDessert	4.0000	4.0000	4.0000	2	1.0000	4.2467	3.3733	0.0000	0.0000	3.3733	0.1758	1.0000	0.2743	0.2745	-0.0002	0.3300
6.0000	24.0000	Focus on Health	ClifBar	4.0000	4.0000	3.0000	2	1.0000	3.0561	0.6210	0.0000	0.0000	0.6210	0.0903	1.0000	0.0844	0.0844	-0.0000	0.1997
6.0000	25.0000	Focus on Health	BBQCrisps	4.0000	6.0000	2.0000	6	-1.0000	3.7431	1.7792	0.0430	0.0000	1.7792	0.1581	-1.0000	0.2135	0.2135	-0.0000	0.4852
6.0000	26.0000	Focus on Health	PopTartStrawberry	5.0000	6.0000	2.0000	2	-1.0000	4.2302	3.7432	-0.0206	0.0000	3.7432	0.1435	-1.0000	0.2744	0.2744	-0.0000	0.3613
6.0000	27.0000	Focus on Health	CannedArtichoke	4.0000	4.0000	6.0000	2	1.0000	1.6619	1.1077	0.0240	0.0000	1.1077	0.2919	1.0000	0.1047	0.1134	-0.0087	0.2284
6.0000	28.0000	Focus on Health	Strawberries	3.0000	4.0000	6.0000	3	1.0000	1.3928	0.7714	0.0000	0.0000	0.7714	0.2304	1.0000	0.0611	0.0667	-0.0055	0.1050
6.0000	29.0000	Focus on Health	OatmealSquares	5.0000	5.0000	5.0000	3	1.0000	3.0541	2.4998	0.1080	0.0000	2.4998	0.1107	1.0000	0.1269	0.1277	-0.0009	0.1600
6.0000	30.0000	Focus on Health	MangoChunks	6.0000	6.0000	6.0000	5	1.0000	1.1251	0.4868	0.0788	0.0000	0.4868	0.1174	1.0000	0.1037	0.1049	-0.0012	0.1925
6.0000	31.0000	Respond Naturally	SkimMilk	5.0000	5.0000	5.0000	4	1.0000	0.9071	0.3359	0.0610	0.0000	0.3359	0.1488	1.0000	0.0336	0.0583	-0.0247	0.1308
6.0000	32.0000	Respond Naturally	Orange	5.0000	5.0000	6.0000	1	1.0000	2.8864	0.5374	0.2490	0.0000	0.5374	0.1800	1.0000	0.0558	0.0558	-0.0000	0.2693
6.0000	33.0000	Respond Naturally	CoffeeCrisp	4.0000	5.0000	2.0000	1	1.0000	1.3594	0.8225	0.0677	0.0000	0.8225	0.1645	1.0000	0.1061	0.1113	-0.0052	0.1876
6.0000	34.0000	Respond Naturally	WelchsFruitSnacks	3.0000	4.0000	1.0000	3	-1.0000	3.2060	2.6182	-0.0834	0.0000	2.6182	0.2605	-1.0000	0.8181	0.8181	-0.0000	1.2135
6.0000	35.0000	Respond Naturally	SkittlesSour	3.0000	4.0000	1.0000	3	-1.0000	1.0578	0.5202	0.0185	0.0000	0.5202	0.2286	-1.0000	0.3003	0.3201	-0.0198	0.5765
6.0000	36.0000	Respond Naturally	SunChips	6.0000	6.0000	2.0000	2	1.0000	1.4943	0.7554	0.0191	0.0000	0.7554	0.1702	1.0000	0.2070	0.2181	-0.0111	0.4100
6.0000	37.0000	Respond Naturally	TofuDessert	4.0000	4.0000	4.0000	4	1.0000	1.1914	0.6875	0.0121	0.0000	0.6875	0.1206	1.0000	0.1683	0.1683	-0.0000	0.2416
6.0000	38.0000	Respond Naturally	RomaineLettuce	4.0000	4.0000	6.0000	2	1.0000	2.0982	0.4196	0.0648	0.0000	0.4196	0.1824	1.0000	0.1024	0.1024	-0.0000	0.4072
6.0000	39.0000	Respond Naturally	Bananas	5.0000	6.0000	6.0000	2	1.0000	1.0411	0.5539	0.1185	0.0000	0.5539	0.2619	1.0000	-0.0374	0.0337	-0.0711	-0.2898
6.0000	40.0000	Respond Naturally	OikosYogurt	6.0000	6.0000	6.0000	3	1.0000	2.3333	1.4937	0.0207	0.0000	1.4937	0.2477	1.0000	0.2968	0.3107	-0.0139	0.4661
6.0000	41.0000	Focus on Health	SlimStyles	4.0000	5.0000	2.0000	6	-1.0000	1.7287	0.7720	-0.0000	0.0000	0.7720	0.2084	-1.0000	0.1094	0.1154	-0.0059	0.2337
6.0000	42.0000	Focus on Health	CoffeeCrisp	3.0000	4.0000	2.0000	3	-1.0000	0.9908	0.5540	-0.1594	0.0000	0.5540	0.2252	-1.0000	0.0895	0.0895	-0.0000	0.1354
6.0000	43.0000	Focus on Health	Mentos	4.0000	4.0000	1.0000	2	-1.0000	0.9229	0.5201	-0.0460	0.0000	0.5201	0.2064	-1.0000	0.1634	0.1634	-0.0000	0.2504
6.0000	44.0000	Focus on Health	GreenApple	5.0000	5.0000	6.0000	4	1.0000	1.1755	0.4195	0.0000	0.0000	0.4195	0.2732	1.0000	0.0029	0.0434	-0.0404	-0.2367
6.0000	45.0000	Focus on Health	Broccoli	4.0000	4.0000	6.0000	1	1.0000	0.8227	0.4027	0.0382	0.0000	0.4027	0.2138	1.0000	0.1361	0.1414	-0.0053	0.2537
6.0000	46.0000	Focus on Health	Onion	4.0000	4.0000	6.0000	2	1.0000	0.9068	0.4361	0.0063	0.0000	0.4361	0.2177	1.0000	0.0284	0.0557	-0.0273	-0.1231
6.0000	47.0000	Focus on Health	HoneyNutCheerios	5.0000	4.0000	4.0000	2	1.0000	1.1253	0.7054	0.2833	0.0000	0.7054	0.2214	1.0000	0.1537	0.1537	-0.0000	0.2246
6.0000	48.0000	Focus on Health	SevenGrain	4.0000	5.0000	4.0000	1	1.0000	1.0748	0.5875	0.3535	0.0000	0.5875	0.2923	1.0000	-0.0242	0.0217	-0.0459	-0.2174
6.0000	49.0000	Focus on Health	FrozenOkra	4.0000	5.0000	6.0000	2	1.0000	0.9570	0.5202	0.2213	0.0000	0.5202	0.1712	1.0000	0.0417	0.0417	-0.0000	0.0621
6.0000	50.0000	Focus on Health	SlimStyles	3.0000	4.0000	2.0000	2	-1.0000	0.9911	0.5206	-0.5761	0.0000	0.5206	0.1689	-1.0000	0.1076	0.1076	-0.0000	0.1961
6.0000	51.0000	Respond Naturally	FrozenPeaches	6.0000	6.0000	6.0000	5	1.0000	0.8899	0.4364	0.3295	0.0000	0.4364	0.1749	1.0000	0.0334	0.0394	-0.0060	-0.0701
6.0000	52.0000	Respond Naturally	DriedApricots	4.0000	5.0000	5.0000	5	1.0000	2.5013	0.5036	0.1599	0.0000	0.5036	0.1088	1.0000	0.0610	0.0639	-0.0030	0.1634
6.0000	53.0000	Respond Naturally	SkittlesSour	2.0000	3.0000	1.0000	6	-1.0000	2.1321	1.2419	-0.2240	0.0000	1.2419	0.1029	-1.0000	0.2501	0.2504	-0.0004	0.3818
6.0000	54.0000	Respond Naturally	Shreddies	4.0000	5.0000	4.0000	2	1.0000	1.5774	0.8389	0.1408	0.0000	0.8389	0.1228	1.0000	0.1258	0.1261	-0.0002	0.1973
6.0000	55.0000	Respond Naturally	KashiBars	5.0000	4.0000	4.0000	4	1.0000	6.3940	5.8229	0.3060	0.0000	5.8229	0.0979	1.0000	0.2387	0.2400	-0.0013	0.3340
6.0000	56.0000	Respond Naturally	PCChipCookie	3.0000	4.0000	2.0000	5	-1.0000	1.6275	0.9558	-0.0493	0.0000	0.9558	0.1168	-1.0000	0.1094	0.1094	-0.0000	0.2099
6.0000	57.0000	Respond Naturally	Onion	4.0000	4.0000	6.0000	4	-1.0000	3.1225	0.5206	0.1174	1.0000	0.6382	0.1206	1.0000	0.2926	0.2956	-0.0030	0.4092
6.0000	58.0000	Respond Naturally	Butternut	6.0000	6.0000	6.0000	7	1.0000	3.4743	2.9536	0.0312	0.0000	2.9536	0.1208	1.0000	0.1092	0.1108	-0.0016	0.1654
6.0000	59.0000	Respond Naturally	Caramilk	5.0000	4.0000	2.0000	5	-1.0000	4.5151	2.6516	-0.0620	0.0000	2.6516	0.0772	-1.0000	0.1018	0.1018	-0.0000	0.1592
6.0000	60.0000	Respond Naturally	AppleChips	5.0000	6.0000	5.0000	2	1.0000	1.2595	0.6379	-0.0566	0.0000	0.6379	0.1560	1.0000	0.0384	0.0501	-0.0117	-0.0868
6.0000	61.0000	Focus on Health	Skittles	3.0000	4.0000	1.0000	6	-1.0000	0.8901	0.5038	-0.2587	0.0000	0.5038	0.2959	-1.0000	0.1113	0.1137	-0.0024	0.1977
6.0000	62.0000	Focus on Health	FrootLoops	6.0000	6.0000	3.0000	6	-1.0000	2.9710	0.9064	0.0210	0.0000	0.9064	0.1808	-1.0000	0.0979	0.0979	-0.0000	0.2458
6.0000	63.0000	Focus on Health	IceCreamChocolate	3.0000	4.0000	3.0000	4	-1.0000	1.2589	0.7887	-0.0154	0.0000	0.7887	0.2749	-1.0000	0.1725	0.1725	-0.0000	0.2402
6.0000	64.0000	Focus on Health	RaisinBran	4.0000	5.0000	5.0000	3	1.0000	1.2764	0.6544	0.1413	0.0000	0.6544	0.1148	1.0000	0.0416	0.0605	-0.0188	0.1148
6.0000	65.0000	Focus on Health	AppleChips	5.0000	5.0000	5.0000	5	1.0000	7.1318	0.5704	0.0134	0.0000	0.5704	0.2960	1.0000	0.0122	0.0210	-0.0088	-0.1589
6.0000	66.0000	Focus on Health	Reese	4.0000	5.0000	2.0000	4	-1.0000	1.0411	0.5874	-0.3077	0.0000	0.5874	0.1972	-1.0000	0.1692	0.1692	-0.0000	0.2255
6.0000	67.0000	Focus on Health	YorkPeppermintPatties	3.0000	3.0000	2.0000	4	-1.0000	5.6251	2.0814	0.0540	2.0000	4.7349	0.1864	-1.0000	0.2040	0.2058	-0.0018	0.4433
6.0000	68.0000	Focus on Health	Asparagus	3.0000	5.0000	6.0000	3	1.0000	2.2826	1.7787	0.2071	0.0000	1.7787	0.1631	1.0000	0.1362	0.1386	-0.0024	0.1695
6.0000	69.0000	Focus on Health	CheeseNips	3.0000	6.0000	2.0000	2	-1.0000	4.0951	3.4401	-0.0294	0.0000	3.4401	0.1916	-1.0000	0.0848	0.0867	-0.0019	0.1146
6.0000	70.0000	Focus on Health	FrozenBlueberries	3.0000	4.0000	6.0000	1	1.0000	1.3265	0.7048	0.0688	0.0000	0.7048	0.1063	1.0000	0.1224	0.1224	-0.0000	0.1947
6.0000	71.0000	Respond Naturally	Reese	5.0000	4.0000	2.0000	1	1.0000	1.4603	0.9900	0.3114	0.0000	0.9900	0.1675	1.0000	0.0036	0.0108	-0.0071	-0.0932
6.0000	72.0000	Respond Naturally	Smarties	3.0000	4.0000	2.0000	2	-1.0000	3.4408	2.9705	0.1781	0.0000	2.9705	0.1622	-1.0000	0.2533	0.2550	-0.0017	0.3008
6.0000	73.0000	Respond Naturally	Celery	4.0000	4.0000	6.0000	2	1.0000	1.2929	0.8057	-0.0545	0.0000	0.8057	0.1817	1.0000	-0.0051	0.0169	-0.0220	-0.1291
6.0000	74.0000	Respond Naturally	ProMax	3.0000	4.0000	2.0000	2	1.0000	9.3332	8.7117	0.1297	0.0000	8.7117	0.0946	1.0000	0.2577	0.2594	-0.0017	0.3654
6.0000	75.0000	Respond Naturally	SpeltCakes	4.0000	5.0000	5.0000	2	1.0000	1.1584	0.7383	0.3788	0.0000	0.7383	0.1678	1.0000	0.0371	0.0404	-0.0032	0.0644
6.0000	76.0000	Respond Naturally	Starburst	3.0000	4.0000	1.0000	3	-1.0000	3.4073	2.8865	-0.1221	0.0000	2.8865	0.1294	-1.0000	0.1131	0.1132	-0.0001	0.1822
6.0000	77.0000	Respond Naturally	Pringles	5.0000	6.0000	2.0000	5	1.0000	2.1494	0.9233	-0.0891	0.0000	0.9233	0.0965	1.0000	0.0425	0.0591	-0.0166	0.1172
6.0000	78.0000	Respond Naturally	IceCreamVanilla	4.0000	5.0000	3.0000	4	1.0000	1.7963	0.7216	0.2172	0.0000	0.7216	0.1189	1.0000	0.0128	0.0226	-0.0097	-0.1178
6.0000	79.0000	Respond Naturally	Mackerel	5.0000	6.0000	6.0000	3	1.0000	1.0242	0.5537	-0.0889	0.0000	0.5537	0.1917	1.0000	0.0024	0.0219	-0.0195	-0.1333
6.0000	80.0000	Respond Naturally	Smartfood	4.0000	6.0000	3.0000	2	1.0000	1.0244	0.5876	0.1378	0.0000	0.5876	0.2049	1.0000	0.0301	0.0398	-0.0097	0.0727
6.0000	81.0000	Respond Naturally	Fritos	5.0000	6.0000	2.0000	5	1.0000	1.0911	0.5537	0.6408	0.0000	0.5537	0.2006	1.0000	-0.0274	0.0119	-0.0392	-0.1959
6.0000	82.0000	Respond Naturally	Prunes	4.0000	4.0000	4.0000	2	1.0000	0.9571	0.5539	0.2200	0.0000	0.5539	0.1820	1.0000	0.1005	0.1058	-0.0053	0.1660
6.0000	83.0000	Respond Naturally	FrozenBroccoli	4.0000	5.0000	6.0000	2	1.0000	0.8564	0.2181	-0.0392	0.0000	0.2181	0.4262	1.0000	-0.0399	0.0318	-0.0716	-0.3021
6.0000	84.0000	Respond Naturally	Avocado	6.0000	6.0000	6.0000	5	1.0000	2.1824	0.4697	0.3009	0.0000	0.4697	0.2463	1.0000	0.0466	0.0543	-0.0077	0.1285
6.0000	85.0000	Respond Naturally	Spinach	4.0000	3.0000	6.0000	2	1.0000	1.0075	0.4028	0.1080	0.0000	0.4028	0.2649	1.0000	-0.0338	0.0379	-0.0717	-0.3075
6.0000	86.0000	Respond Naturally	FrozenPeas	4.0000	4.0000	6.0000	2	1.0000	0.8730	0.4025	0.0982	0.0000	0.4025	0.3245	1.0000	0.0049	0.0382	-0.0333	-0.1533
6.0000	87.0000	Respond Naturally	Broccoli	5.0000	3.0000	6.0000	4	1.0000	8.2089	5.0175	0.2186	2.0000	7.6210	0.2018	1.0000	0.1415	0.1436	-0.0021	0.4868
6.0000	88.0000	Respond Naturally	AllBranBar	4.0000	4.0000	3.0000	1	1.0000	2.2999	1.2757	0.3076	0.0000	1.2757	0.1870	1.0000	0.0357	0.0370	-0.0013	0.0619
6.0000	89.0000	Respond Naturally	EnglishCucumber	4.0000	4.0000	6.0000	5	1.0000	1.7966	0.4029	0.1459	0.0000	0.4029	0.1284	1.0000	0.0596	0.0596	-0.0000	0.1201
6.0000	90.0000	Respond Naturally	RedPepper	4.0000	4.0000	6.0000	2	1.0000	0.8394	0.3186	0.0342	0.0000	0.3186	0.1066	1.0000	0.0574	0.0624	-0.0050	0.1079
6.0000	91.0000	Focus on Health	Skittles	2.0000	4.0000	1.0000	3	-1.0000	1.2760	0.7049	-0.3784	0.0000	0.7049	0.2243	-1.0000	0.1009	0.1017	-0.0007	0.1622
6.0000	92.0000	Focus on Health	VegetableThins	4.0000	5.0000	3.0000	5	1.0000	5.8911	1.3759	0.1452	1.0000	1.6615	0.2121	-1.0000	0.5202	0.5292	-0.0091	0.8801
6.0000	93.0000	Focus on Health	CornFlakes	4.0000	4.0000	4.0000	6	1.0000	4.8007	3.6924	-0.1159	0.0000	3.6924	0.0611	1.0000	0.1221	0.1221	-0.0000	0.1909
6.0000	94.0000	Focus on Health	KashiBars	4.0000	4.0000	4.0000	1	1.0000	1.1592	0.5038	0.0560	0.0000	0.5038	0.1454	1.0000	0.0555	0.0725	-0.0169	0.1504
6.0000	95.0000	Focus on Health	RomaineLettuce	4.0000	4.0000	6.0000	4	1.0000	1.3435	0.4700	-0.0077	0.0000	0.4700	0.2570	1.0000	0.0570	0.0570	-0.0000	0.1206
6.0000	96.0000	Focus on Health	MnMPlain	3.0000	4.0000	2.0000	5	-1.0000	1.3941	0.5206	-0.1198	0.0000	0.5206	0.2221	-1.0000	0.0490	0.0490	-0.0000	0.0995
6.0000	97.0000	Focus on Health	VanillaGreekYogurt	5.0000	6.0000	6.0000	4	1.0000	1.0243	0.5540	0.3138	0.0000	0.5540	0.1416	1.0000	0.0199	0.0259	-0.0059	0.1817
6.0000	98.0000	Focus on Health	RitzCrackers	4.0000	5.0000	3.0000	5	-1.0000	1.3938	0.9403	-0.2954	0.0000	0.9403	0.1271	-1.0000	0.2543	0.2560	-0.0017	0.3590
6.0000	99.0000	Focus on Health	Avocado	5.0000	6.0000	6.0000	2	1.0000	0.9570	0.5033	0.3382	0.0000	0.5033	0.1577	1.0000	0.1293	0.1293	-0.0000	0.2191
6.0000	100.0000	Focus on Health	OatBran	4.0000	6.0000	6.0000	2	1.0000	1.3771	0.7722	0.0312	0.0000	0.7722	0.1531	1.0000	0.1013	0.1013	-0.0000	0.1482
6.0000	101.0000	Focus on Health	Prunes	4.0000	4.0000	5.0000	5	1.0000	2.2491	0.8055	0.1925	0.0000	0.8055	0.1124	1.0000	0.0314	0.0314	-0.0000	0.0935
6.0000	102.0000	Focus on Health	RufflesSourCreamOnion	4.0000	4.0000	2.0000	3	-1.0000	0.9905	0.5706	-0.1862	0.0000	0.5706	0.2221	-1.0000	0.0802	0.0805	-0.0003	0.1123
6.0000	103.0000	Focus on Health	Raspberries	4.0000	5.0000	6.0000	4	1.0000	0.9071	0.5040	0.3484	0.0000	0.5040	0.1816	1.0000	0.0366	0.0379	-0.0013	0.0652
6.0000	104.0000	Focus on Health	Twizzlers	3.0000	4.0000	1.0000	4	-1.0000	0.8730	0.4699	-0.0701	0.0000	0.4699	0.1856	-1.0000	0.0690	0.0718	-0.0028	0.1862
6.0000	105.0000	Focus on Health	DriedApricots	5.0000	5.0000	5.0000	2	1.0000	0.9571	0.5708	0.4045	0.0000	0.5708	0.2238	1.0000	0.0711	0.0728	-0.0017	0.2447
6.0000	106.0000	Focus on Health	MnMPlain	3.0000	4.0000	2.0000	3	-1.0000	2.2841	0.4872	-0.0335	4.0000	1.6964	0.2339	-1.0000	0.1985	0.1992	-0.0007	0.6921
6.0000	107.0000	Focus on Health	NatureValleyChocolate	4.0000	4.0000	3.0000	1	1.0000	2.4176	1.7458	0.0279	0.0000	1.7458	0.1766	1.0000	0.1053	0.1138	-0.0085	0.1573
6.0000	108.0000	Focus on Health	FrozenBroccoli	5.0000	5.0000	6.0000	6	1.0000	2.1657	0.5708	0.0459	0.0000	0.5708	0.0853	1.0000	0.0610	0.0611	-0.0001	0.1968
6.0000	109.0000	Focus on Health	BabyFoodSweetPotatos	4.0000	5.0000	4.0000	5	1.0000	7.8379	6.7295	0.2007	0.0000	6.7295	0.1345	1.0000	0.0455	0.0455	-0.0000	0.0773
6.0000	110.0000	Focus on Health	Bananas	5.0000	5.0000	6.0000	3	1.0000	0.9235	0.4867	0.2687	0.0000	0.4867	0.1937	1.0000	0.0937	0.0937	-0.0000	0.1659
6.0000	111.0000	Respond Naturally	Almonds	4.0000	5.0000	6.0000	4	1.0000	0.9907	0.5036	0.1808	0.0000	0.5036	0.1753	1.0000	0.1422	0.1863	-0.0441	0.3811
6.0000	112.0000	Respond Naturally	Cheerios	4.0000	5.0000	4.0000	2	1.0000	0.9737	0.4194	0.5946	0.0000	0.4194	0.1335	1.0000	-0.0687	0.0243	-0.0931	-0.3420
6.0000	113.0000	Respond Naturally	GreenBeans	4.0000	5.0000	6.0000	2	1.0000	0.8736	0.3863	0.1578	0.0000	0.3863	0.2080	1.0000	0.0053	0.0560	-0.0507	-0.2122
6.0000	114.0000	Respond Naturally	SlicedTurkey	5.0000	5.0000	4.0000	2	1.0000	1.0243	0.5204	0.3715	0.0000	0.5204	0.2624	1.0000	-0.0107	0.0375	-0.0482	-0.2152
6.0000	115.0000	Respond Naturally	ClamJuice	3.0000	5.0000	4.0000	3	-1.0000	8.2230	7.6855	-0.2692	0.0000	7.6855	0.2455	-1.0000	0.2683	0.2683	-0.0000	0.4029
6.0000	116.0000	Respond Naturally	PopTartStrawberry	6.0000	6.0000	2.0000	5	1.0000	2.0982	1.6951	0.1077	0.0000	1.6951	0.1985	1.0000	0.0101	0.0112	-0.0010	-0.0181
6.0000	117.0000	Respond Naturally	Doritos	5.0000	5.0000	2.0000	2	1.0000	3.4077	2.8366	-0.1182	0.0000	2.8366	0.1571	1.0000	0.1179	0.1179	-0.0000	0.2181
6.0000	118.0000	Respond Naturally	Nutella	4.0000	5.0000	1.0000	1	1.0000	0.9401	0.5707	0.1234	0.0000	0.5707	0.1635	1.0000	0.0350	0.0378	-0.0028	0.0627
6.0000	119.0000	Respond Naturally	Beets	6.0000	6.0000	6.0000	2	1.0000	2.2164	1.6285	-0.0312	0.0000	1.6285	0.1308	1.0000	0.0561	0.0570	-0.0009	0.0948
6.0000	120.0000	Respond Naturally	SkimMilk	4.0000	5.0000	5.0000	1	1.0000	1.6286	0.9567	0.4327	0.0000	0.9567	0.1493	1.0000	0.0296	0.0296	-0.0000	0.0918
6.0000	121.0000	Focus on Health	Aero	4.0000	5.0000	2.0000	3	-1.0000	1.1754	0.7050	-0.1181	0.0000	0.7050	0.1200	-1.0000	0.0669	0.0669	-0.0000	0.1468
6.0000	122.0000	Focus on Health	BrusselsSprouts	4.0000	4.0000	6.0000	2	1.0000	1.1753	0.6377	-0.0976	0.0000	0.6377	0.2522	1.0000	0.1063	0.1105	-0.0042	0.2308
6.0000	123.0000	Focus on Health	Pringles	4.0000	5.0000	2.0000	2	1.0000	7.1659	0.9728	0.0624	1.0000	1.8127	0.2497	-1.0000	1.1930	1.1950	-0.0020	1.5950
6.0000	124.0000	Focus on Health	AllBranCereal	4.0000	5.0000	5.0000	6	1.0000	1.0077	0.5370	0.1557	0.0000	0.5370	0.1416	1.0000	0.0593	0.0727	-0.0134	0.1270
6.0000	125.0000	Focus on Health	PureFit	4.0000	4.0000	2.0000	2	1.0000	2.5356	1.8637	0.1828	0.0000	1.8637	0.0861	1.0000	0.1237	0.1348	-0.0111	0.2151
6.0000	126.0000	Focus on Health	Cheetos	6.0000	6.0000	2.0000	6	-1.0000	1.4275	0.5373	-0.0734	0.0000	0.5373	0.1796	-1.0000	0.0966	0.0966	-0.0000	0.1764
6.0000	127.0000	Focus on Health	SpeltCakes	5.0000	5.0000	4.0000	5	1.0000	5.5885	5.0174	0.0853	0.0000	5.0174	0.1079	1.0000	0.0544	0.0548	-0.0004	0.0971
6.0000	128.0000	Focus on Health	RitzCrackers	4.0000	5.0000	2.0000	2	-1.0000	1.9312	1.4274	-0.2476	0.0000	1.4274	0.2293	-1.0000	0.1135	0.1196	-0.0062	0.2449
6.0000	129.0000	Focus on Health	Doritos	5.0000	6.0000	2.0000	5	-1.0000	1.2425	0.5875	-0.0031	0.0000	0.5875	0.1863	-1.0000	0.0656	0.0657	-0.0001	0.1199
6.0000	130.0000	Focus on Health	AllBranBar	4.0000	4.0000	3.0000	3	-1.0000	4.6483	3.5906	-0.2068	0.0000	3.5906	0.1997	-1.0000	0.0552	0.0555	-0.0003	0.1492
6.0000	131.0000	Respond Naturally	Mackerel	6.0000	6.0000	6.0000	1	1.0000	0.9404	0.5373	0.0149	0.0000	0.5373	0.1828	1.0000	0.1047	0.1221	-0.0174	0.2049
6.0000	132.0000	Respond Naturally	RiceKrispiesCereal	4.0000	4.0000	4.0000	3	1.0000	1.1083	0.6041	0.1302	0.0000	0.6041	0.1323	1.0000	-0.0177	0.0087	-0.0264	-0.1444
6.0000	133.0000	Respond Naturally	Smarties	3.0000	4.0000	1.0000	5	-1.0000	1.3102	0.6715	-0.2573	0.0000	0.6715	0.2313	-1.0000	0.0560	0.0797	-0.0237	0.1562
6.0000	134.0000	Respond Naturally	Triscuit	4.0000	4.0000	4.0000	2	1.0000	1.8296	0.9899	0.0000	0.0000	0.9899	0.2484	1.0000	0.0369	0.0413	-0.0043	-0.0701
6.0000	135.0000	Respond Naturally	OikosYogurt	5.0000	6.0000	6.0000	6	1.0000	0.9570	0.5034	0.5420	0.0000	0.5034	0.2275	1.0000	-0.0162	0.0074	-0.0237	-0.1486
6.0000	136.0000	Respond Naturally	IceCreamChocolate	3.0000	5.0000	3.0000	1	1.0000	0.9396	0.5196	0.5919	0.0000	0.5196	0.1717	1.0000	-0.0036	0.0021	-0.0057	-0.0545
6.0000	137.0000	Respond Naturally	Cauliflower	4.0000	4.0000	6.0000	6	1.0000	1.7459	1.2419	0.1642	0.0000	1.2419	0.2458	1.0000	0.0125	0.0360	-0.0235	-0.2045
6.0000	138.0000	Respond Naturally	CannedArtichoke	5.0000	5.0000	6.0000	5	1.0000	2.0143	0.5876	0.5573	0.0000	0.5876	0.3040	1.0000	-0.0112	0.0033	-0.0145	-0.1228
6.0000	139.0000	Respond Naturally	MnMPeanuts	4.0000	4.0000	3.0000	4	1.0000	3.2055	2.8024	-0.1124	0.0000	2.8024	0.1301	1.0000	0.0316	0.0353	-0.0037	0.1291
6.0000	140.0000	Respond Naturally	Beets	5.0000	6.0000	6.0000	5	1.0000	8.6132	0.4531	0.6106	6.0000	5.4076	0.2504	1.0000	0.2441	0.2478	-0.0037	0.5410
6.0000	141.0000	Respond Naturally	WaterChestnuts	5.0000	4.0000	6.0000	3	1.0000	1.3935	0.7384	0.0000	0.0000	0.7384	0.2696	1.0000	-0.0207	0.0409	-0.0616	-0.2256
6.0000	142.0000	Respond Naturally	Fritos	6.0000	5.0000	2.0000	2	1.0000	1.1923	0.4699	0.0000	0.0000	0.4699	0.2315	1.0000	0.0139	0.0155	-0.0016	0.0460
6.0000	143.0000	Respond Naturally	NatureValleyChocolate	4.0000	4.0000	2.0000	4	-1.0000	3.1055	2.3999	-0.6432	0.0000	2.3999	0.2428	-1.0000	0.0509	0.0509	-0.0000	0.0924
6.0000	144.0000	Respond Naturally	ClifBar	4.0000	5.0000	3.0000	4	-1.0000	2.1991	1.2422	-0.5498	0.0000	1.2422	0.2823	-1.0000	0.0467	0.0467	-0.0000	0.1280
6.0000	145.0000	Respond Naturally	Strawberries	4.0000	3.0000	6.0000	2	1.0000	2.9207	2.1984	0.1169	0.0000	2.1984	0.1654	1.0000	0.0008	0.0098	-0.0090	-0.0684
6.0000	146.0000	Respond Naturally	PureFit	4.0000	4.0000	2.0000	4	1.0000	2.6534	0.3358	0.6017	2.0000	0.8903	0.3099	1.0000	0.4239	0.4374	-0.0135	1.3375
6.0000	147.0000	Respond Naturally	Shreddies	5.0000	4.0000	4.0000	5	1.0000	1.0582	0.5037	-0.9011	0.0000	0.5037	0.1352	1.0000	0.0779	0.0786	-0.0008	0.1449
6.0000	148.0000	Respond Naturally	GreenPepper	5.0000	4.0000	6.0000	6	1.0000	0.9069	0.4533	0.2508	0.0000	0.4533	0.1943	1.0000	0.0192	0.0260	-0.0068	0.0473
6.0000	149.0000	Respond Naturally	WaterChestnuts	4.0000	4.0000	5.0000	5	1.0000	1.0243	0.2691	0.2791	0.0000	0.2691	0.1453	1.0000	0.0271	0.0391	-0.0120	0.1137
6.0000	150.0000	Respond Naturally	BabyFoodCarrots	4.0000	5.0000	4.0000	3	1.0000	1.3096	0.5708	0.3171	0.0000	0.5708	0.3229	1.0000	0.0089	0.0322	-0.0234	-0.0790
6.0000	151.0000	Focus on Health	RaisinBran	5.0000	5.0000	5.0000	7	1.0000	6.4786	0.5710	0.5465	0.0000	0.5710	0.2187	1.0000	-0.0165	0.0003	-0.0169	-0.2166
6.0000	152.0000	Focus on Health	Raspberries	3.0000	4.0000	6.0000	5	1.0000	1.6451	1.2588	0.5429	0.0000	1.2588	0.1354	1.0000	0.0032	0.0044	-0.0012	-0.0157
6.0000	153.0000	Focus on Health	YorkPeppermintPatties	4.0000	3.0000	2.0000	2	-1.0000	2.3162	1.6949	-0.1297	0.0000	1.6949	0.1992	-1.0000	0.1679	0.1728	-0.0049	0.2852
6.0000	154.0000	Focus on Health	MangoChunks	5.0000	6.0000	6.0000	2	1.0000	1.6795	0.8060	-0.3155	1.0000	1.2428	0.2077	-1.0000	0.2396	0.2426	-0.0030	1.0390
6.0000	155.0000	Focus on Health	Cheetos	6.0000	6.0000	2.0000	3	-1.0000	3.0712	0.8058	-0.2492	0.0000	0.8058	0.1473	-1.0000	0.0472	0.0472	-0.0000	0.2162
6.0000	156.0000	Focus on Health	AllBranCereal	4.0000	4.0000	5.0000	2	1.0000	0.8905	0.4200	-0.0447	0.0000	0.4200	0.2913	1.0000	0.0748	0.0992	-0.0244	0.2357
6.0000	157.0000	Focus on Health	IceCreamVanilla	4.0000	4.0000	3.0000	1	-1.0000	4.9520	4.2466	-0.1374	0.0000	4.2466	0.1563	-1.0000	0.2095	0.2140	-0.0045	0.3025
6.0000	158.0000	Focus on Health	LaysClassic	4.0000	3.0000	2.0000	3	-1.0000	1.1922	0.5874	-0.2084	0.0000	0.5874	0.2023	-1.0000	0.1024	0.1024	-0.0000	0.1926
6.0000	159.0000	Focus on Health	SunChips	5.0000	6.0000	2.0000	4	-1.0000	1.7289	0.5535	-0.5130	1.0000	0.7887	0.2783	1.0000	0.1954	0.1986	-0.0032	1.0290
6.0000	160.0000	Focus on Health	Cauliflower	4.0000	4.0000	6.0000	2	1.0000	2.9540	2.4836	0.2019	0.0000	2.4836	0.1985	1.0000	0.0955	0.1094	-0.0138	-0.1750
6.0000	161.0000	Respond Naturally	VegetableThins	4.0000	4.0000	3.0000	2	1.0000	1.4610	0.4704	0.1356	0.0000	0.4704	0.1845	1.0000	0.0473	0.0554	-0.0082	0.1482
6.0000	162.0000	Respond Naturally	PCChipCookie	3.0000	4.0000	2.0000	2	-1.0000	2.2997	1.8463	-0.6426	0.0000	1.8463	0.2066	-1.0000	0.0846	0.0846	-0.0000	0.1483
6.0000	163.0000	Respond Naturally	SevenGrain	4.0000	4.0000	4.0000	3	1.0000	1.4776	0.7219	0.8806	0.0000	0.7219	0.2339	1.0000	0.0293	0.0299	-0.0006	0.1429
6.0000	164.0000	Respond Naturally	Tempeh	4.0000	4.0000	2.0000	2	1.0000	2.0479	0.3353	1.2748	0.0000	0.3353	0.1342	1.0000	-0.0043	0.0016	-0.0059	0.0256
6.0000	165.0000	Respond Naturally	GreenGrapes	5.0000	5.0000	6.0000	4	1.0000	0.8566	0.3190	-0.0183	0.0000	0.3190	0.2191	1.0000	0.0203	0.0418	-0.0214	-0.1438
6.0000	166.0000	Respond Naturally	BBQCrisps	4.0000	6.0000	2.0000	2	1.0000	0.8061	0.3861	0.1673	0.0000	0.3861	0.2520	1.0000	0.0207	0.0226	-0.0018	0.0430
6.0000	167.0000	Respond Naturally	Starburst	3.0000	4.0000	1.0000	6	-1.0000	0.9575	0.4870	-0.3078	0.0000	0.4870	0.1229	-1.0000	0.1605	0.1605	-0.0000	0.3321
6.0000	168.0000	Respond Naturally	Snickers	3.0000	5.0000	2.0000	3	1.0000	2.1991	1.7456	0.3193	0.0000	1.7456	0.1420	1.0000	0.1131	0.1132	-0.0001	0.1648
6.0000	169.0000	Respond Naturally	DriedHerring	6.0000	6.0000	6.0000	3	1.0000	0.9734	0.5534	0.0598	0.0000	0.5534	0.3421	1.0000	0.0376	0.0638	-0.0262	-0.1417
6.0000	170.0000	Respond Naturally	RufflesSourCreamOnion	4.0000	5.0000	2.0000	5	1.0000	1.0244	0.3191	0.0960	0.0000	0.3191	0.1684	1.0000	0.0741	0.0742	-0.0001	0.1416
6.0000	171.0000	Focus on Health	Tuna	4.0000	4.0000	6.0000	2	1.0000	1.3769	0.6545	0.0970	0.0000	0.6545	0.1478	1.0000	0.0489	0.0615	-0.0126	-0.1365
6.0000	172.0000	Focus on Health	OatmealSquares	5.0000	5.0000	4.0000	7	1.0000	9.9885	2.4006	0.2733	4.0000	6.5813	0.9164	1.0000	0.5651	0.6418	-0.0767	6.4816
6.0000	173.0000	Focus on Health	FrozenOkra	4.0000	5.0000	6.0000	5	1.0000	2.3500	1.6949	0.2822	0.0000	1.6949	0.1370	1.0000	0.0114	0.0277	-0.0164	-0.1418
6.0000	174.0000	Focus on Health	Cheerios	4.0000	4.0000	4.0000	5	1.0000	4.6490	3.2554	0.0000	0.0000	3.2554	0.1405	1.0000	0.0421	0.0423	-0.0002	0.0867
6.0000	175.0000	Focus on Health	Aero	4.0000	5.0000	2.0000	1	-1.0000	5.6754	0.7052	-0.0749	2.0000	3.9468	0.2097	-1.0000	0.6142	0.6147	-0.0006	1.4031
6.0000	176.0000	Focus on Health	ProMax	3.0000	4.0000	2.0000	4	-1.0000	1.1584	0.7385	0.0190	0.0000	0.7385	0.1993	-1.0000	0.0666	0.0676	-0.0010	0.1066
6.0000	177.0000	Focus on Health	Mars	3.0000	5.0000	2.0000	4	-1.0000	0.9227	0.5705	-0.1371	0.0000	0.5705	0.1929	-1.0000	0.1212	0.1213	-0.0001	0.3006
6.0000	178.0000	Focus on Health	FrozenBlueberries	3.0000	5.0000	6.0000	3	1.0000	1.1924	0.5038	0.2694	0.0000	0.5038	0.2971	1.0000	0.0573	0.0573	-0.0000	0.1339
6.0000	179.0000	Focus on Health	Caramilk	4.0000	4.0000	2.0000	2	-1.0000	1.0744	0.6040	-0.2191	0.0000	0.6040	0.1171	-1.0000	0.0793	0.0793	-0.0000	0.2063
6.0000	180.0000	Focus on Health	RedPepper	4.0000	4.0000	6.0000	5	1.0000	0.9572	0.5540	0.2192	0.0000	0.5540	0.2154	1.0000	0.0680	0.0680	-0.0000	0.1592
6.0000	181.0000	Focus on Health	Mars	4.0000	5.0000	2.0000	2	-1.0000	0.9231	0.4529	-0.4122	0.0000	0.4529	0.2763	-1.0000	0.1151	0.1151	-0.0000	0.2711
6.0000	182.0000	Focus on Health	GreenBeans	4.0000	5.0000	6.0000	4	1.0000	1.0916	0.4196	-0.0469	0.0000	0.4196	0.2190	1.0000	0.0061	0.0282	-0.0220	-0.0701
6.0000	183.0000	Focus on Health	CornFlakes	4.0000	4.0000	4.0000	3	1.0000	1.2427	0.6716	-0.0513	0.0000	0.6716	0.1492	1.0000	0.0386	0.0419	-0.0032	0.0649
6.0000	184.0000	Focus on Health	Tuna	5.0000	5.0000	6.0000	4	1.0000	0.8560	0.4866	0.2796	0.0000	0.4866	0.2743	1.0000	0.0482	0.0482	-0.0000	0.0904
6.0000	185.0000	Focus on Health	Almonds	4.0000	4.0000	6.0000	2	1.0000	1.1753	0.3859	0.2974	0.0000	0.3859	0.2203	1.0000	0.0075	0.0286	-0.0211	-0.1494
6.0000	186.0000	Focus on Health	GreenGrapes	3.0000	5.0000	6.0000	1	1.0000	0.9573	0.4700	0.3068	0.0000	0.4700	0.1579	1.0000	0.0051	0.0112	-0.0062	-0.0553
6.0000	187.0000	Focus on Health	Tempeh	3.0000	4.0000	2.0000	4	-1.0000	3.1052	1.3429	-0.0000	0.0000	1.3429	0.1776	-1.0000	0.1388	0.1414	-0.0026	0.3293
6.0000	188.0000	Focus on Health	ClamJuice	4.0000	3.0000	4.0000	1	1.0000	1.7290	1.1243	0.1496	0.0000	1.1243	0.1061	1.0000	0.1422	0.1422	-0.0000	0.3350
6.0000	189.0000	Focus on Health	FrozenPeas	5.0000	5.0000	6.0000	6	1.0000	3.5580	3.2221	0.0017	0.0000	3.2221	0.1995	1.0000	0.2401	0.2407	-0.0006	0.2712
6.0000	190.0000	Focus on Health	Celery	4.0000	3.0000	6.0000	4	1.0000	1.0579	0.4364	0.2327	0.0000	0.4364	0.1470	1.0000	0.0387	0.0387	-0.0000	0.1054
6.0000	191.0000	Respond Naturally	Triscuit	5.0000	4.0000	4.0000	5	1.0000	2.3665	1.8122	0.1414	0.0000	1.8122	0.1173	1.0000	0.0942	0.0942	-0.0000	0.1347
6.0000	192.0000	Respond Naturally	BabyFoodCarrots	5.0000	4.0000	5.0000	5	1.0000	1.3438	0.7895	0.2019	0.0000	0.7895	0.1715	1.0000	0.1374	0.1386	-0.0012	0.2121
6.0000	193.0000	Respond Naturally	GreenApple	5.0000	5.0000	6.0000	2	1.0000	0.7387	0.2348	0.1938	0.0000	0.2348	0.1652	1.0000	0.0295	0.0319	-0.0024	0.0573
6.0000	194.0000	Respond Naturally	GreenPepper	4.0000	4.0000	5.0000	2	1.0000	0.7553	0.3354	-0.0411	0.0000	0.3354	0.2570	1.0000	0.0560	0.0653	-0.0093	0.1280
6.0000	195.0000	Respond Naturally	FrozenPeaches	5.0000	6.0000	6.0000	2	1.0000	0.7389	0.2686	0.0556	0.0000	0.2686	0.2375	1.0000	-0.0016	0.0335	-0.0351	-0.1634
6.0000	196.0000	Respond Naturally	SlicedTurkey	5.0000	6.0000	4.0000	5	1.0000	0.9236	0.4868	-0.0618	0.0000	0.4868	0.2248	1.0000	0.1065	0.1071	-0.0006	0.1598
6.0000	197.0000	Respond Naturally	CheeseNips	5.0000	5.0000	2.0000	5	1.0000	2.3839	0.2855	0.0959	0.0000	0.2855	0.1883	1.0000	0.0244	0.0244	-0.0000	0.1094
6.0000	198.0000	Respond Naturally	AlmondMilk	5.0000	6.0000	6.0000	2	1.0000	1.4778	1.3602	0.2292	0.0000	1.3602	0.2092	1.0000	0.1652	0.1652	-0.0000	0.2403
6.0000	199.0000	Respond Naturally	WelchsFruitSnacks	3.0000	3.0000	1.0000	1	-1.0000	2.5003	1.2244	0.0363	0.0000	1.2244	0.2586	-1.0000	0.0946	0.0965	-0.0019	0.2682
6.0000	200.0000	Respond Naturally	Snickers	4.0000	5.0000	2.0000	2	1.0000	2.4177	1.9139	0.1734	0.0000	1.9139	0.1455	1.0000	0.1227	0.1300	-0.0073	0.1776
