Subject	Trial	Instruction	Food	Liking	Taste	Health	Amount	Choice	ChoiceRT	FirstDevTimeChoice	InitAngleChoice	NumChangeMindChoice	FinalDevTimeChoice	MaxVelocityChoice	DrxFirstDevChoice	TotalAUCChoice	AUCtoNonChosenChoice	AUCtoChosenChoice	MaxDevChoice
13.0000	1.0000	Decrease Desire	BrusselsSprouts	2.0000	2.0000	2.0000	2	-1.0000	1.4948	0.8231	-0.5913	0.0000	0.8231	0.1355	-1.0000	0.3267	0.3267	-0.0000	0.7089
13.0000	2.0000	Decrease Desire	OatBran	3.0000	5.0000	6.0000	2	-1.0000	2.4176	1.0072	-0.1980	2.0000	2.0148	0.1681	-1.0000	0.3397	0.3471	-0.0075	0.5995
13.0000	3.0000	Decrease Desire	Smartfood	6.0000	4.0000	4.0000	2	-1.0000	1.8473	1.5787	0.0189	0.0000	1.5787	0.1313	-1.0000	0.3032	0.3032	-0.0000	0.5307
13.0000	4.0000	Decrease Desire	CornFlakes	4.0000	4.0000	3.0000	6	-1.0000	2.7872	2.0652	-0.2330	0.0000	2.0652	0.0677	-1.0000	0.4453	0.4453	-0.0000	0.6693
13.0000	5.0000	Decrease Desire	PopTartStrawberry	4.0000	5.0000	2.0000	2	1.0000	1.7970	1.0077	0.0048	0.0000	1.0077	0.2148	1.0000	0.1875	0.2342	-0.0467	0.8028
13.0000	6.0000	Decrease Desire	BrusselsSprouts	3.0000	2.0000	3.0000	4	-1.0000	1.8637	1.2927	-0.5291	0.0000	1.2927	0.0569	-1.0000	0.3036	0.3036	-0.0000	0.4588
13.0000	7.0000	Decrease Desire	RitzCrackers	3.0000	4.0000	3.0000	2	-1.0000	1.6115	0.4194	-0.3125	0.0000	0.4194	0.0663	-1.0000	0.1594	0.1596	-0.0002	0.3541
13.0000	8.0000	Decrease Desire	ClifBar	6.0000	4.0000	4.0000	4	1.0000	1.8640	0.5541	0.3656	1.0000	1.1252	0.3151	-1.0000	0.3485	0.3643	-0.0158	1.2466
13.0000	9.0000	Decrease Desire	SkittlesSour	2.0000	3.0000	1.0000	3	-1.0000	1.3602	0.7388	0.1854	0.0000	0.7388	0.0876	-1.0000	0.1429	0.1474	-0.0045	0.2997
13.0000	10.0000	Decrease Desire	Avocado	1.0000	2.0000	6.0000	2	-1.0000	1.2595	0.4702	0.6289	0.0000	0.4702	0.1459	-1.0000	0.2621	0.2622	-0.0002	0.5373
13.0000	11.0000	Respond Naturally	Aero	4.0000	5.0000	3.0000	3	1.0000	1.3095	0.6718	-0.0426	0.0000	0.6718	0.1388	1.0000	0.2806	0.2806	-0.0000	0.6450
13.0000	12.0000	Respond Naturally	Strawberries	5.0000	5.0000	6.0000	3	1.0000	1.1584	0.5711	-0.1157	0.0000	0.5711	0.1592	1.0000	0.3217	0.3229	-0.0013	0.6325
13.0000	13.0000	Respond Naturally	Broccoli	2.0000	3.0000	5.0000	1	-1.0000	1.1078	0.4870	-0.0371	0.0000	0.4870	0.1265	-1.0000	0.3176	0.3176	-0.0000	0.6051
13.0000	14.0000	Respond Naturally	Cheetos	4.0000	4.0000	2.0000	6	-1.0000	3.7276	0.9739	0.0398	3.0000	2.9217	0.3889	1.0000	0.6980	0.6980	-0.0000	1.3898
13.0000	15.0000	Respond Naturally	FrozenCorn	5.0000	5.0000	5.0000	4	-1.0000	3.6754	1.4097	-0.1618	0.0000	1.4097	0.1224	-1.0000	0.1464	0.1468	-0.0004	0.4347
13.0000	16.0000	Respond Naturally	Snickers	4.0000	4.0000	2.0000	2	1.0000	1.7291	1.1582	0.2338	0.0000	1.1582	0.3358	1.0000	0.3335	0.3571	-0.0236	0.8118
13.0000	17.0000	Respond Naturally	Tempeh	2.0000	3.0000	5.0000	4	-1.0000	1.7787	1.2245	0.6771	0.0000	1.2245	0.0966	-1.0000	0.3649	0.3653	-0.0004	0.6204
13.0000	18.0000	Respond Naturally	KashiBars	5.0000	4.0000	4.0000	1	-1.0000	1.9648	1.4442	0.0085	0.0000	1.4442	0.1105	-1.0000	0.3914	0.3914	-0.0000	0.5762
13.0000	19.0000	Respond Naturally	Orange	5.0000	4.0000	6.0000	5	1.0000	1.8304	1.3098	0.4298	0.0000	1.3098	0.1119	1.0000	0.2928	0.2928	-0.0000	0.4275
13.0000	20.0000	Respond Naturally	SlicedTurkey	3.0000	3.0000	2.0000	2	-1.0000	1.5438	0.5538	-0.4102	0.0000	0.5538	0.0663	-1.0000	0.2255	0.2256	-0.0001	0.3807
13.0000	21.0000	Decrease Desire	Shreddies	3.0000	4.0000	3.0000	2	-1.0000	1.9645	0.4703	0.1950	0.0000	0.4703	0.1145	-1.0000	0.1143	0.1143	-0.0000	0.3561
13.0000	22.0000	Decrease Desire	RomaineLettuce	3.0000	3.0000	6.0000	2	-1.0000	1.3438	0.9408	0.1014	0.0000	0.9408	0.1302	-1.0000	0.3637	0.3637	-0.0000	0.6665
13.0000	23.0000	Decrease Desire	SevenGrain	2.0000	3.0000	4.0000	1	-1.0000	1.0912	0.2182	-0.1597	0.0000	0.2182	0.1044	-1.0000	0.3433	0.3433	-0.0000	0.5619
13.0000	24.0000	Decrease Desire	Raspberries	5.0000	4.0000	6.0000	5	1.0000	1.4604	0.7719	0.1626	0.0000	0.7719	0.1306	1.0000	0.4276	0.4276	-0.0000	0.7545
13.0000	25.0000	Decrease Desire	Spinach	2.0000	5.0000	6.0000	2	-1.0000	1.9132	1.0569	-0.0944	1.0000	1.4264	0.3031	1.0000	0.6182	0.6182	-0.0000	1.1807
13.0000	26.0000	Decrease Desire	Smartfood	6.0000	6.0000	2.0000	4	-1.0000	2.1828	0.7386	0.0110	0.0000	0.7386	0.0833	-1.0000	0.2531	0.2531	-0.0000	0.5408
13.0000	27.0000	Decrease Desire	Cauliflower	2.0000	2.0000	5.0000	6	-1.0000	1.2757	0.8559	0.2491	0.0000	0.8559	0.1431	-1.0000	0.3055	0.3057	-0.0002	0.4720
13.0000	28.0000	Decrease Desire	CoffeeCrisp	5.0000	3.0000	3.0000	1	-1.0000	1.6117	0.9904	-0.2527	0.0000	0.9904	0.1628	-1.0000	0.4180	0.4272	-0.0093	0.9432
13.0000	29.0000	Decrease Desire	IceCreamChocolate	4.0000	3.0000	1.0000	4	-1.0000	2.6018	1.6616	-0.1105	0.0000	1.6616	0.2011	-1.0000	0.2418	0.2418	-0.0001	0.4271
13.0000	30.0000	Decrease Desire	AllBranBar	3.0000	5.0000	4.0000	3	-1.0000	3.1232	0.8734	-0.5073	2.0000	1.8974	0.2378	-1.0000	0.5596	0.5676	-0.0080	1.2664
13.0000	31.0000	Respond Naturally	RufflesSourCreamOnion	4.0000	6.0000	3.0000	3	-1.0000	1.4608	0.9066	-0.3128	0.0000	0.9066	0.1166	-1.0000	0.3697	0.3697	-0.0000	0.5399
13.0000	32.0000	Respond Naturally	LaysClassic	4.0000	5.0000	2.0000	3	-1.0000	1.7627	1.0409	-0.2557	0.0000	1.0409	0.1037	-1.0000	0.3094	0.3094	-0.0000	0.5505
13.0000	33.0000	Respond Naturally	RiceKrispiesCereal	3.0000	4.0000	3.0000	7	-1.0000	1.4102	0.7721	-0.0466	0.0000	0.7721	0.1813	-1.0000	0.3173	0.3173	-0.0000	0.4900
13.0000	34.0000	Respond Naturally	BabyFoodCarrots	3.0000	4.0000	4.0000	3	1.0000	1.6618	1.1075	0.7934	0.0000	1.1075	0.1196	1.0000	0.1854	0.1876	-0.0022	0.3406
13.0000	35.0000	Respond Naturally	GreenPepper	3.0000	3.0000	6.0000	6	1.0000	1.5270	1.0739	0.0466	0.0000	1.0739	0.1445	1.0000	0.4465	0.4467	-0.0002	0.6262
13.0000	36.0000	Respond Naturally	BBQCrisps	5.0000	4.0000	3.0000	6	1.0000	1.4776	0.9571	-0.3720	0.0000	0.9571	0.1270	1.0000	0.1958	0.1981	-0.0023	0.4150
13.0000	37.0000	Respond Naturally	Twizzlers	1.0000	1.0000	1.0000	2	-1.0000	1.0748	0.5374	-0.2749	0.0000	0.5374	0.1686	-1.0000	0.4592	0.4592	-0.0000	0.7964
13.0000	38.0000	Respond Naturally	Cauliflower	3.0000	2.0000	4.0000	2	-1.0000	1.1755	0.5878	0.0142	0.0000	0.5878	0.3821	-1.0000	0.4204	0.4240	-0.0036	0.8261
13.0000	39.0000	Respond Naturally	OatmealSquares	3.0000	3.0000	4.0000	3	-1.0000	1.0408	0.4029	-0.0147	0.0000	0.4029	0.2304	-1.0000	0.4573	0.4573	-0.0000	0.7161
13.0000	40.0000	Respond Naturally	FrozenBroccoli	3.0000	2.0000	6.0000	6	-1.0000	1.1074	0.7381	0.0278	0.0000	0.7381	0.2213	-1.0000	0.4892	0.4892	-0.0000	0.7325
13.0000	41.0000	Respond Naturally	GreenBeans	3.0000	3.0000	5.0000	4	-1.0000	1.2092	0.2520	-0.2362	0.0000	0.2520	0.1781	-1.0000	0.4016	0.4286	-0.0271	1.0558
13.0000	42.0000	Respond Naturally	FrozenBlueberries	2.0000	5.0000	5.0000	3	1.0000	1.8134	0.2016	0.1806	1.0000	0.6046	0.1194	-1.0000	0.4718	0.4718	-0.0000	0.9691
13.0000	43.0000	Respond Naturally	Mars	3.0000	5.0000	2.0000	2	-1.0000	1.2426	0.6549	-0.0162	0.0000	0.6549	0.1429	-1.0000	0.3042	0.3042	-0.0000	0.5282
13.0000	44.0000	Respond Naturally	Broccoli	2.0000	3.0000	4.0000	4	-1.0000	1.5110	0.8730	-0.0108	0.0000	0.8730	0.2066	-1.0000	0.3374	0.3453	-0.0079	0.5854
13.0000	45.0000	Respond Naturally	Nutella	3.0000	6.0000	4.0000	1	-1.0000	2.4514	1.3767	0.0207	1.0000	1.5950	0.3595	1.0000	0.4310	0.4310	-0.0000	1.1942
13.0000	46.0000	Respond Naturally	Skittles	2.0000	4.0000	2.0000	6	-1.0000	1.1918	0.4534	-0.7026	0.0000	0.4534	0.1568	-1.0000	0.1466	0.1777	-0.0311	0.5301
13.0000	47.0000	Respond Naturally	SpeltCakes	4.0000	4.0000	2.0000	5	1.0000	1.1916	0.6712	0.7605	0.0000	0.6712	0.1247	1.0000	0.0900	0.0915	-0.0015	0.2460
13.0000	48.0000	Respond Naturally	Pringles	3.0000	3.0000	4.0000	2	-1.0000	1.4103	0.9233	-0.0765	0.0000	0.9233	0.1911	-1.0000	0.4516	0.4543	-0.0028	0.9259
13.0000	49.0000	Respond Naturally	MangoChunks	4.0000	5.0000	5.0000	2	-1.0000	1.4269	0.6040	-0.0608	0.0000	0.6040	0.1310	-1.0000	0.1813	0.1814	-0.0001	0.3720
13.0000	50.0000	Respond Naturally	CannedArtichoke	1.0000	2.0000	6.0000	2	-1.0000	1.1412	0.6214	-0.1561	0.0000	0.6214	0.3435	-1.0000	0.1906	0.1906	-0.0000	0.2825
13.0000	51.0000	Decrease Desire	OikosYogurt	5.0000	4.0000	6.0000	6	1.0000	1.2091	0.6214	0.0180	0.0000	0.6214	0.1698	1.0000	0.1223	0.1353	-0.0130	0.3474
13.0000	52.0000	Decrease Desire	Asparagus	3.0000	4.0000	6.0000	6	-1.0000	1.2088	0.6211	-0.2801	0.0000	0.6211	0.1218	-1.0000	0.2982	0.2982	-0.0000	0.4989
13.0000	53.0000	Decrease Desire	TofuDessert	1.0000	1.0000	4.0000	2	-1.0000	1.3263	0.8561	-0.0147	0.0000	0.8561	0.0978	-1.0000	0.3211	0.3211	-0.0000	0.4816
13.0000	54.0000	Decrease Desire	MangoChunks	6.0000	6.0000	6.0000	5	1.0000	1.0915	0.5706	-0.1715	0.0000	0.5706	0.3196	1.0000	0.4330	0.4656	-0.0325	0.8873
13.0000	55.0000	Decrease Desire	ClamJuice	1.0000	1.0000	5.0000	1	-1.0000	1.0910	0.5373	-0.0933	0.0000	0.5373	0.1537	-1.0000	0.3488	0.3488	-0.0000	0.5976
13.0000	56.0000	Decrease Desire	Caramilk	2.0000	5.0000	1.0000	5	1.0000	1.5951	0.2351	-0.0479	2.0000	1.0577	0.2249	1.0000	0.3675	0.3692	-0.0017	0.9672
13.0000	57.0000	Decrease Desire	Orange	2.0000	5.0000	6.0000	1	-1.0000	1.3436	0.4536	-0.7536	1.0000	0.7057	0.2416	1.0000	0.2689	0.3002	-0.0314	0.9150
13.0000	58.0000	Decrease Desire	BabyFoodCarrots	3.0000	3.0000	4.0000	5	1.0000	2.1486	1.7456	0.1539	0.0000	1.7456	0.0830	1.0000	0.1395	0.1401	-0.0006	0.2252
13.0000	59.0000	Decrease Desire	Shreddies	4.0000	3.0000	4.0000	5	-1.0000	1.1755	0.5878	0.0543	0.0000	0.5878	0.1666	-1.0000	0.2601	0.2956	-0.0355	0.7718
13.0000	60.0000	Decrease Desire	ClifBar	5.0000	2.0000	2.0000	2	-1.0000	1.4103	0.9067	-0.0000	0.0000	0.9067	0.2045	-1.0000	0.3144	0.3144	-0.0000	0.5371
13.0000	61.0000	Decrease Desire	Beets	3.0000	4.0000	6.0000	2	-1.0000	1.6627	0.3527	-0.5778	0.0000	0.3527	0.1298	-1.0000	0.3912	0.3938	-0.0026	1.1661
13.0000	62.0000	Decrease Desire	SpeltCakes	3.0000	4.0000	3.0000	2	-1.0000	1.4773	1.1583	-0.1858	0.0000	1.1583	0.0981	-1.0000	0.2688	0.2688	-0.0000	0.4474
13.0000	63.0000	Decrease Desire	FrozenBroccoli	3.0000	4.0000	5.0000	2	-1.0000	1.0578	0.2017	-0.0562	0.0000	0.2017	0.1066	-1.0000	0.2084	0.2084	-0.0000	0.3769
13.0000	64.0000	Decrease Desire	CheeseNips	4.0000	4.0000	3.0000	2	-1.0000	1.1084	0.3191	-0.7359	0.0000	0.3191	0.2527	-1.0000	0.4595	0.4595	-0.0000	1.2347
13.0000	65.0000	Decrease Desire	SunChips	6.0000	6.0000	3.0000	4	1.0000	1.2428	0.4031	0.2595	1.0000	0.6046	0.2165	-1.0000	0.3845	0.3845	-0.0000	0.9215
13.0000	66.0000	Decrease Desire	VegetableThins	3.0000	5.0000	3.0000	2	-1.0000	1.5786	0.6045	-0.4659	0.0000	0.6045	0.1010	-1.0000	0.4228	0.4252	-0.0024	0.7436
13.0000	67.0000	Decrease Desire	Almonds	4.0000	4.0000	4.0000	2	-1.0000	1.4779	0.4535	-0.1300	0.0000	0.4535	0.0774	-1.0000	0.2421	0.2421	-0.0000	0.5016
13.0000	68.0000	Decrease Desire	WaterChestnuts	3.0000	3.0000	5.0000	5	1.0000	1.9982	0.4197	0.1890	2.0000	0.9907	0.0629	1.0000	0.2756	0.2756	-0.0000	0.5069
13.0000	69.0000	Decrease Desire	FrozenPeaches	3.0000	3.0000	3.0000	2	-1.0000	1.2925	0.7719	-0.1629	0.0000	0.7719	0.1589	-1.0000	0.4273	0.4275	-0.0002	0.7340
13.0000	70.0000	Decrease Desire	Cheetos	5.0000	4.0000	3.0000	3	-1.0000	1.9134	0.9563	-0.3680	0.0000	0.9563	0.1035	-1.0000	0.2607	0.2608	-0.0002	0.5487
13.0000	71.0000	Respond Naturally	RedPepper	3.0000	3.0000	6.0000	5	1.0000	1.4276	0.7054	0.0159	0.0000	0.7054	0.2132	1.0000	0.1776	0.1929	-0.0153	0.4460
13.0000	72.0000	Respond Naturally	RaisinBran	2.0000	3.0000	4.0000	7	-1.0000	1.0909	0.5535	-0.1113	0.0000	0.5535	0.1516	-1.0000	0.2400	0.2400	-0.0000	0.4069
13.0000	73.0000	Respond Naturally	SkittlesSour	2.0000	2.0000	2.0000	6	-1.0000	1.1753	0.5037	0.2270	0.0000	0.5037	0.1487	-1.0000	0.1556	0.1557	-0.0001	0.3059
13.0000	74.0000	Respond Naturally	AlmondMilk	4.0000	4.0000	3.0000	2	-1.0000	1.6447	1.1074	0.4250	0.0000	1.1074	0.1541	-1.0000	0.2023	0.2023	-0.0000	0.2993
13.0000	75.0000	Respond Naturally	WelchsFruitSnacks	4.0000	4.0000	2.0000	3	1.0000	3.0550	0.5710	-0.1809	1.0000	1.6953	0.2307	-1.0000	1.0443	1.0443	-0.0000	1.5958
13.0000	76.0000	Respond Naturally	IceCreamVanilla	5.0000	5.0000	2.0000	4	-1.0000	2.5519	0.6039	-0.0660	2.0000	1.6450	0.2460	-1.0000	0.4765	0.4874	-0.0109	1.2710
13.0000	77.0000	Respond Naturally	Asparagus	3.0000	2.0000	6.0000	3	-1.0000	1.1084	0.4198	-0.4601	0.0000	0.4198	0.1311	-1.0000	0.0475	0.0739	-0.0264	0.1799
13.0000	78.0000	Respond Naturally	Tuna	3.0000	2.0000	4.0000	2	-1.0000	1.0572	0.5368	-0.0193	0.0000	0.5368	0.1913	-1.0000	0.1365	0.1506	-0.0141	0.2911
13.0000	79.0000	Respond Naturally	SunChips	6.0000	4.0000	2.0000	2	-1.0000	1.1921	0.5037	-0.0186	1.0000	0.6380	0.1782	1.0000	0.3667	0.3667	-0.0000	0.7307
13.0000	80.0000	Respond Naturally	RitzCrackers	2.0000	4.0000	2.0000	5	1.0000	1.4941	0.9235	0.0319	0.0000	0.9235	0.2403	1.0000	0.3402	0.3513	-0.0111	0.6788
13.0000	81.0000	Respond Naturally	FrozenBlueberries	4.0000	5.0000	6.0000	1	-1.0000	1.1248	0.4868	-0.0431	0.0000	0.4868	0.1481	-1.0000	0.3341	0.3341	-0.0000	0.5918
13.0000	82.0000	Respond Naturally	SkimMilk	4.0000	4.0000	6.0000	4	1.0000	1.4094	0.6381	-0.0835	0.0000	0.6381	0.1967	1.0000	0.4028	0.4103	-0.0076	0.8870
13.0000	83.0000	Respond Naturally	CoffeeCrisp	6.0000	6.0000	2.0000	3	1.0000	1.0746	0.3527	0.1588	1.0000	0.6046	0.2027	-1.0000	0.2937	0.3138	-0.0200	0.8655
13.0000	84.0000	Respond Naturally	ClamJuice	1.0000	1.0000	6.0000	3	-1.0000	1.0072	0.5708	0.2046	0.0000	0.5708	0.1420	-1.0000	0.2223	0.2242	-0.0018	0.4117
13.0000	85.0000	Respond Naturally	Onion	3.0000	4.0000	6.0000	2	-1.0000	1.3430	0.4365	-0.5872	0.0000	0.4365	0.2056	-1.0000	0.1840	0.1967	-0.0126	0.5400
13.0000	86.0000	Respond Naturally	Triscuit	3.0000	2.0000	3.0000	2	-1.0000	1.0412	0.5374	0.0577	0.0000	0.5374	0.0926	-1.0000	0.2176	0.2230	-0.0054	0.4362
13.0000	87.0000	Respond Naturally	Reese	6.0000	6.0000	2.0000	1	1.0000	2.5348	0.4032	0.5210	3.0000	1.3765	0.3466	-1.0000	0.8666	0.8667	-0.0001	1.6748
13.0000	88.0000	Respond Naturally	AllBranBar	3.0000	3.0000	3.0000	1	-1.0000	1.0075	0.3023	-0.2903	0.0000	0.3023	0.1251	-1.0000	0.2792	0.2792	-0.0000	0.5454
13.0000	89.0000	Respond Naturally	ProMax	4.0000	3.0000	2.0000	4	1.0000	1.6117	0.9569	0.0264	0.0000	0.9569	0.1969	1.0000	0.5714	0.5714	-0.0000	1.0679
13.0000	90.0000	Respond Naturally	Nutella	2.0000	5.0000	2.0000	4	-1.0000	3.8452	0.2520	0.0696	2.0000	2.6360	0.2135	-1.0000	0.3917	0.3917	-0.0000	1.2722
13.0000	91.0000	Decrease Desire	Almonds	3.0000	4.0000	4.0000	4	-1.0000	1.8474	0.3527	-0.6534	0.0000	0.3527	0.2065	-1.0000	0.3539	0.3859	-0.0320	0.8718
13.0000	92.0000	Decrease Desire	BBQCrisps	5.0000	3.0000	3.0000	2	-1.0000	1.7967	0.6548	-0.0148	0.0000	0.6548	0.1190	-1.0000	0.2674	0.2674	-0.0000	0.4640
13.0000	93.0000	Decrease Desire	Mackerel	1.0000	1.0000	6.0000	1	-1.0000	0.9739	0.1677	-0.0000	0.0000	0.1677	0.1378	-1.0000	0.3154	0.3154	-0.0000	0.5676
13.0000	94.0000	Decrease Desire	SlimStyles	2.0000	2.0000	1.0000	6	-1.0000	1.6623	0.3863	-0.1139	0.0000	0.3863	0.1154	-1.0000	0.3423	0.3423	-0.0000	0.5378
13.0000	95.0000	Decrease Desire	Onion	2.0000	3.0000	6.0000	4	-1.0000	2.1816	0.5369	0.1600	0.0000	0.5369	0.1688	-1.0000	0.1344	0.1344	-0.0000	0.4209
13.0000	96.0000	Decrease Desire	VegetableThins	2.0000	4.0000	5.0000	5	-1.0000	2.3165	1.1580	-0.2412	2.0000	1.6785	0.2824	-1.0000	0.3150	0.3178	-0.0029	0.8821
13.0000	97.0000	Decrease Desire	GreenApple	3.0000	5.0000	6.0000	4	-1.0000	1.6457	0.7893	-0.2261	0.0000	0.7893	0.1137	-1.0000	0.3917	0.3917	-0.0000	0.5940
13.0000	98.0000	Decrease Desire	PureFit	4.0000	4.0000	4.0000	2	-1.0000	1.7963	0.7720	-0.0187	0.0000	0.7720	0.1396	-1.0000	0.4610	0.4610	-0.0000	0.6571
13.0000	99.0000	Decrease Desire	VanillaGreekYogurt	4.0000	5.0000	6.0000	4	1.0000	2.5183	1.8971	0.3154	0.0000	1.8971	0.2805	1.0000	0.4453	0.4590	-0.0137	0.9326
13.0000	100.0000	Decrease Desire	DriedApricots	2.0000	3.0000	3.0000	2	-1.0000	1.3088	0.5873	-0.2410	0.0000	0.5873	0.1863	-1.0000	0.2280	0.2280	-0.0000	0.5263
13.0000	101.0000	Respond Naturally	Mars	2.0000	4.0000	1.0000	4	-1.0000	2.1157	0.5709	0.1038	3.0000	1.1754	0.1412	1.0000	0.4256	0.4350	-0.0094	0.8974
13.0000	102.0000	Respond Naturally	GreenBeans	2.0000	4.0000	5.0000	2	-1.0000	1.0074	0.4536	-0.1659	0.0000	0.4536	0.1387	-1.0000	0.3876	0.4017	-0.0142	0.8137
13.0000	103.0000	Respond Naturally	GreenApple	2.0000	3.0000	5.0000	2	-1.0000	1.0076	0.3695	-0.2138	0.0000	0.3695	0.1184	-1.0000	0.2809	0.2869	-0.0059	0.6392
13.0000	104.0000	Respond Naturally	IceCreamVanilla	2.0000	3.0000	1.0000	1	-1.0000	1.1253	0.4032	-0.0000	0.0000	0.4032	0.1082	-1.0000	0.2550	0.2550	-0.0000	0.4781
13.0000	105.0000	Respond Naturally	Tuna	1.0000	3.0000	6.0000	4	-1.0000	1.1083	0.7724	0.0551	0.0000	0.7724	0.1367	-1.0000	0.3220	0.3220	-0.0000	0.5167
13.0000	106.0000	Respond Naturally	AppleChips	6.0000	6.0000	5.0000	5	1.0000	1.3101	0.5375	0.0756	0.0000	0.5375	0.2026	1.0000	0.2968	0.3359	-0.0391	0.7985
13.0000	107.0000	Respond Naturally	Reese	5.0000	6.0000	1.0000	4	1.0000	1.0410	0.5037	0.2379	0.0000	0.5037	0.2213	1.0000	0.3221	0.3286	-0.0064	0.6582
13.0000	108.0000	Respond Naturally	Butternut	5.0000	5.0000	6.0000	3	1.0000	1.4771	0.9229	0.0641	0.0000	0.9229	0.1661	1.0000	0.4208	0.4208	-0.0000	0.6117
13.0000	109.0000	Respond Naturally	MnMPlain	4.0000	4.0000	2.0000	5	1.0000	5.0865	0.2519	0.0636	3.0000	3.0216	0.2323	-1.0000	0.7437	0.7489	-0.0052	1.3110
13.0000	110.0000	Respond Naturally	FrozenCorn	2.0000	5.0000	5.0000	2	1.0000	1.1417	0.7051	-0.0943	0.0000	0.7051	0.1972	1.0000	0.2505	0.2505	-0.0000	0.5232
13.0000	111.0000	Decrease Desire	DriedApricots	2.0000	2.0000	5.0000	5	1.0000	1.4608	0.6213	0.1754	1.0000	0.7724	0.1743	-1.0000	0.5526	0.5526	-0.0000	1.0766
13.0000	112.0000	Decrease Desire	GreenGrapes	4.0000	5.0000	6.0000	4	-1.0000	1.7793	1.2083	-0.3409	0.0000	1.2083	0.1585	-1.0000	0.4364	0.4364	-0.0000	0.6090
13.0000	113.0000	Decrease Desire	Pringles	4.0000	5.0000	2.0000	5	-1.0000	1.1579	0.6039	0.0230	0.0000	0.6039	0.0936	-1.0000	0.2446	0.2446	-0.0000	0.3704
13.0000	114.0000	Decrease Desire	FrozenOkra	1.0000	3.0000	4.0000	2	-1.0000	0.9573	0.3191	0.2375	0.0000	0.3191	0.1596	-1.0000	0.3397	0.3397	-0.0000	0.6080
13.0000	115.0000	Decrease Desire	LaysClassic	4.0000	4.0000	1.0000	4	-1.0000	1.1083	0.2352	-0.0056	0.0000	0.2352	0.1426	-1.0000	0.4547	0.4547	-0.0000	0.9064
13.0000	116.0000	Decrease Desire	PCChipCookie	4.0000	4.0000	2.0000	2	-1.0000	1.7451	0.9904	-0.4159	0.0000	0.9904	0.1518	-1.0000	0.3046	0.3047	-0.0001	0.4143
13.0000	117.0000	Decrease Desire	DriedHerring	1.0000	3.0000	2.0000	1	-1.0000	1.4772	0.6884	0.0265	0.0000	0.6884	0.0756	-1.0000	0.2036	0.2036	-0.0000	0.3812
13.0000	118.0000	Decrease Desire	NatureValleyChocolate	4.0000	4.0000	3.0000	1	-1.0000	1.2927	0.7722	-0.2919	0.0000	0.7722	0.1401	-1.0000	0.2197	0.2352	-0.0156	0.3779
13.0000	119.0000	Decrease Desire	Tempeh	3.0000	3.0000	6.0000	2	-1.0000	1.3765	0.7387	-0.2997	0.0000	0.7387	0.1899	-1.0000	0.3439	0.3439	-0.0000	0.5572
13.0000	120.0000	Decrease Desire	Bananas	4.0000	4.0000	3.0000	3	-1.0000	1.9474	0.6045	-0.1222	0.0000	0.6045	0.1921	-1.0000	0.2003	0.2108	-0.0105	0.5404
13.0000	121.0000	Respond Naturally	HoneyNutCheerios	2.0000	2.0000	3.0000	5	-1.0000	1.4774	0.6882	-0.2723	0.0000	0.6882	0.1424	-1.0000	0.3179	0.3330	-0.0151	0.7103
13.0000	122.0000	Respond Naturally	AllBranCereal	2.0000	3.0000	3.0000	2	-1.0000	1.9473	0.7218	-0.0000	0.0000	0.7218	0.1286	-1.0000	0.2921	0.2921	-0.0000	0.4814
13.0000	123.0000	Respond Naturally	FrozenOkra	2.0000	4.0000	6.0000	5	-1.0000	1.2598	0.7391	-0.2313	0.0000	0.7391	0.2410	-1.0000	0.3799	0.4021	-0.0223	0.7752
13.0000	124.0000	Respond Naturally	BabyFoodSweetPotatos	3.0000	4.0000	4.0000	2	-1.0000	2.5345	0.3860	-0.1793	0.0000	0.3860	0.2055	-1.0000	0.3689	0.3689	-0.0000	0.9147
13.0000	125.0000	Respond Naturally	CheeseNips	4.0000	4.0000	2.0000	5	1.0000	2.1817	1.5436	0.2100	0.0000	1.5436	0.1819	1.0000	0.4615	0.4727	-0.0112	0.6396
13.0000	126.0000	Respond Naturally	Mentos	3.0000	4.0000	2.0000	5	-1.0000	1.0577	0.5371	-0.0533	0.0000	0.5371	0.2017	-1.0000	0.3314	0.3723	-0.0408	0.6879
13.0000	127.0000	Respond Naturally	CornFlakes	2.0000	3.0000	3.0000	3	-1.0000	1.2093	0.7053	-0.1122	0.0000	0.7053	0.1557	-1.0000	0.4868	0.4868	-0.0000	0.7501
13.0000	128.0000	Respond Naturally	YorkPeppermintPatties	1.0000	3.0000	1.0000	4	-1.0000	1.2753	0.8052	-0.0000	0.0000	0.8052	0.1131	-1.0000	0.2951	0.2951	-0.0000	0.4498
13.0000	129.0000	Respond Naturally	GreenPepper	3.0000	4.0000	6.0000	2	-1.0000	0.9900	0.4866	-0.0957	0.0000	0.4866	0.1422	-1.0000	0.3902	0.3907	-0.0005	0.7096
13.0000	130.0000	Respond Naturally	YorkPeppermintPatties	1.0000	3.0000	1.0000	2	-1.0000	1.0237	0.4194	-0.2247	0.0000	0.4194	0.1794	-1.0000	0.4132	0.4133	-0.0000	0.7545
13.0000	131.0000	Decrease Desire	RufflesSourCreamOnion	6.0000	6.0000	2.0000	5	1.0000	2.1324	0.3864	0.0000	1.0000	1.4943	0.2420	-1.0000	0.7481	0.7481	-0.0000	1.2456
13.0000	132.0000	Decrease Desire	KashiBars	3.0000	5.0000	3.0000	4	1.0000	1.5450	0.4367	0.0705	1.0000	0.7726	0.1788	-1.0000	0.5159	0.5159	-0.0000	1.1743
13.0000	133.0000	Decrease Desire	Raspberries	5.0000	4.0000	5.0000	4	1.0000	3.6759	1.1914	0.1626	2.0000	2.4168	0.4697	1.0000	0.5851	0.5925	-0.0074	1.8673
13.0000	134.0000	Decrease Desire	AllBranCereal	2.0000	2.0000	2.0000	6	-1.0000	0.9729	0.6039	0.0959	0.0000	0.6039	0.1854	-1.0000	0.3200	0.3200	-0.0000	0.4931
13.0000	135.0000	Decrease Desire	Fritos	4.0000	5.0000	1.0000	2	-1.0000	0.9567	0.5540	0.1366	0.0000	0.5540	0.1515	-1.0000	0.2102	0.2220	-0.0118	0.3800
13.0000	136.0000	Decrease Desire	EnglishCucumber	3.0000	3.0000	6.0000	5	-1.0000	0.9406	0.2856	-0.2544	0.0000	0.2856	0.0974	-1.0000	0.2072	0.2122	-0.0050	0.5604
13.0000	137.0000	Decrease Desire	OatBran	6.0000	3.0000	6.0000	4	1.0000	2.9714	1.0910	0.1889	0.0000	1.0910	0.2637	1.0000	0.1739	0.2325	-0.0586	0.6484
13.0000	138.0000	Decrease Desire	IceCreamChocolate	1.0000	3.0000	1.0000	1	-1.0000	1.2088	0.6547	-0.1344	0.0000	0.6547	0.1360	-1.0000	0.3322	0.3322	-0.0000	0.5016
13.0000	139.0000	Decrease Desire	Twizzlers	1.0000	1.0000	1.0000	4	-1.0000	0.9906	0.3860	-0.0434	0.0000	0.3860	0.1895	-1.0000	0.3940	0.4110	-0.0170	0.8709
13.0000	140.0000	Decrease Desire	Mentos	2.0000	3.0000	2.0000	2	-1.0000	0.9573	0.2183	-0.2954	0.0000	0.2183	0.1231	-1.0000	0.2494	0.2512	-0.0018	0.6051
13.0000	141.0000	Respond Naturally	RaisinBran	1.0000	3.0000	2.0000	3	-1.0000	1.0413	0.6550	-0.0000	0.0000	0.6550	0.1569	-1.0000	0.2420	0.2420	-0.0000	0.3940
13.0000	142.0000	Respond Naturally	Starburst	3.0000	4.0000	2.0000	6	-1.0000	2.2837	0.1512	-0.8155	3.0000	1.1924	0.2695	1.0000	0.6914	0.6914	-0.0000	1.3511
13.0000	143.0000	Respond Naturally	Fritos	6.0000	5.0000	1.0000	5	1.0000	1.2256	0.6378	-0.1351	0.0000	0.6378	0.1752	1.0000	0.4004	0.4160	-0.0156	0.7944
13.0000	144.0000	Respond Naturally	CannedArtichoke	3.0000	2.0000	6.0000	5	-1.0000	3.7079	0.8890	-0.0719	0.0000	0.8890	0.2437	-1.0000	0.2032	0.2032	-0.0000	0.6481
13.0000	145.0000	Respond Naturally	MnMPlain	3.0000	5.0000	2.0000	3	-1.0000	0.8895	0.3357	0.0194	0.0000	0.3357	0.1362	-1.0000	0.2914	0.2914	-0.0000	0.5144
13.0000	146.0000	Respond Naturally	SkimMilk	4.0000	2.0000	4.0000	1	-1.0000	1.2586	0.7385	0.1606	0.0000	0.7385	0.1823	-1.0000	0.3916	0.3916	-0.0000	0.6105
13.0000	147.0000	Respond Naturally	OikosYogurt	5.0000	4.0000	6.0000	3	-1.0000	1.0240	0.5039	-0.1076	0.0000	0.5039	0.1650	-1.0000	0.1918	0.2038	-0.0120	0.3975
13.0000	148.0000	Respond Naturally	Starburst	4.0000	2.0000	1.0000	3	-1.0000	0.9233	0.4869	-0.1847	0.0000	0.4869	0.1684	-1.0000	0.3676	0.3701	-0.0025	0.6638
13.0000	149.0000	Respond Naturally	WelchsFruitSnacks	3.0000	5.0000	2.0000	1	1.0000	1.7791	0.3691	0.7178	1.0000	0.7049	0.4827	-1.0000	0.3910	0.3911	-0.0001	1.7923
13.0000	150.0000	Respond Naturally	Bananas	4.0000	4.0000	6.0000	2	-1.0000	0.8398	0.4032	-0.0253	0.0000	0.4032	0.1648	-1.0000	0.3991	0.3991	-0.0000	0.6995
13.0000	151.0000	Decrease Desire	FrootLoops	6.0000	6.0000	1.0000	6	-1.0000	1.0747	0.5374	-0.1151	0.0000	0.5374	0.1622	-1.0000	0.3237	0.3284	-0.0047	0.6232
13.0000	152.0000	Decrease Desire	RiceKrispiesCereal	4.0000	3.0000	3.0000	3	-1.0000	1.0071	0.4866	-0.0448	0.0000	0.4866	0.3466	-1.0000	0.5447	0.5447	-0.0000	0.8140
13.0000	153.0000	Decrease Desire	Aero	2.0000	5.0000	1.0000	1	-1.0000	1.0072	0.4871	0.0539	0.0000	0.4871	0.1559	-1.0000	0.3179	0.3179	-0.0000	0.5395
13.0000	154.0000	Decrease Desire	PureFit	6.0000	3.0000	4.0000	4	1.0000	2.0818	0.7387	-0.1733	1.0000	0.8899	0.2598	-1.0000	0.3520	0.4055	-0.0535	0.9634
13.0000	155.0000	Decrease Desire	Smarties	4.0000	2.0000	3.0000	2	-1.0000	0.9237	0.3360	-0.1976	1.0000	0.4536	0.1659	1.0000	0.1884	0.1993	-0.0109	0.4466
13.0000	156.0000	Decrease Desire	RomaineLettuce	2.0000	5.0000	6.0000	4	-1.0000	1.0413	0.4198	0.1137	0.0000	0.4198	0.0998	-1.0000	0.1835	0.1835	-0.0000	0.4133
13.0000	157.0000	Decrease Desire	SlicedTurkey	4.0000	5.0000	6.0000	5	-1.0000	3.8616	0.6717	-0.1732	0.0000	0.6717	0.1699	-1.0000	0.3306	0.3340	-0.0035	0.8274
13.0000	158.0000	Decrease Desire	VanillaGreekYogurt	5.0000	5.0000	5.0000	2	-1.0000	1.7630	0.2520	-0.4577	0.0000	0.2520	0.0762	-1.0000	0.0864	0.0864	-0.0000	0.2677
13.0000	159.0000	Decrease Desire	Spinach	3.0000	4.0000	6.0000	4	-1.0000	1.6117	0.9401	0.0316	0.0000	0.9401	0.1259	-1.0000	0.3088	0.3090	-0.0002	0.4396
13.0000	160.0000	Decrease Desire	WaterChestnuts	2.0000	3.0000	4.0000	3	-1.0000	1.6624	1.2259	-0.0964	0.0000	1.2259	0.2770	-1.0000	0.1560	0.1562	-0.0002	0.4684
13.0000	161.0000	Respond Naturally	Strawberries	5.0000	3.0000	4.0000	2	-1.0000	2.2666	1.0240	-0.0006	2.0000	1.8300	0.1644	-1.0000	0.4755	0.4756	-0.0001	0.9555
13.0000	162.0000	Respond Naturally	FrozenPeas	4.0000	3.0000	5.0000	2	-1.0000	0.9399	0.5205	0.0778	0.0000	0.5205	0.2464	-1.0000	0.2080	0.2080	-0.0000	0.3668
13.0000	163.0000	Respond Naturally	PCChipCookie	4.0000	3.0000	1.0000	5	1.0000	1.5449	0.3863	-0.1543	1.0000	0.7055	0.2321	-1.0000	0.6455	0.6465	-0.0011	1.4545
13.0000	164.0000	Respond Naturally	DriedHerring	1.0000	4.0000	6.0000	3	-1.0000	0.9069	0.5206	-0.1105	0.0000	0.5206	0.1627	-1.0000	0.2894	0.2894	-0.0000	0.4712
13.0000	165.0000	Respond Naturally	FrozenPeaches	4.0000	4.0000	5.0000	5	1.0000	1.1086	0.5712	0.4762	0.0000	0.5712	0.3113	1.0000	0.5546	0.5817	-0.0271	1.2904
13.0000	166.0000	Respond Naturally	RedPepper	3.0000	2.0000	5.0000	2	-1.0000	0.9738	0.5205	-0.1374	0.0000	0.5205	0.2601	-1.0000	0.5474	0.5474	-0.0000	0.8585
13.0000	167.0000	Respond Naturally	FrozenPeas	2.0000	3.0000	4.0000	6	-1.0000	1.2088	0.7221	-0.0000	0.0000	0.7221	0.3321	-1.0000	0.5422	0.5422	-0.0000	0.8066
13.0000	168.0000	Respond Naturally	Avocado	1.0000	1.0000	6.0000	5	-1.0000	1.2423	0.7217	0.2191	0.0000	0.7217	0.2571	-1.0000	0.4010	0.4010	-0.0000	0.5819
13.0000	169.0000	Respond Naturally	GreenGrapes	1.0000	1.0000	6.0000	1	-1.0000	1.3598	0.6213	-0.2067	0.0000	0.6213	0.0936	-1.0000	0.3013	0.3022	-0.0009	0.5105
13.0000	170.0000	Respond Naturally	AppleChips	6.0000	4.0000	5.0000	2	-1.0000	1.7963	0.6043	0.1231	1.0000	0.8059	0.2020	1.0000	0.7147	0.7147	-0.0000	1.3944
13.0000	171.0000	Decrease Desire	Butternut	4.0000	5.0000	6.0000	7	1.0000	2.1487	0.4870	0.2507	0.0000	0.4870	0.1674	1.0000	0.0048	0.0510	-0.0462	0.2699
13.0000	172.0000	Decrease Desire	Doritos	4.0000	6.0000	3.0000	2	-1.0000	1.0407	0.4865	-0.0773	0.0000	0.4865	0.1732	-1.0000	0.1331	0.1523	-0.0191	0.3125
13.0000	173.0000	Decrease Desire	Cheerios	3.0000	3.0000	4.0000	2	-1.0000	0.8397	0.1680	-0.4063	0.0000	0.1680	0.2328	-1.0000	0.4160	0.4182	-0.0022	1.1796
13.0000	174.0000	Decrease Desire	Caramilk	3.0000	3.0000	3.0000	2	-1.0000	0.9403	0.3358	0.0308	0.0000	0.3358	0.1422	-1.0000	0.2231	0.2231	-0.0000	0.5082
13.0000	175.0000	Decrease Desire	Smarties	4.0000	4.0000	3.0000	5	-1.0000	3.2211	2.8013	0.0722	0.0000	2.8013	0.1804	-1.0000	0.3383	0.3383	-0.0000	0.4406
13.0000	176.0000	Decrease Desire	Beets	2.0000	3.0000	6.0000	5	1.0000	3.8595	3.1710	-0.0043	0.0000	3.1710	0.2433	1.0000	0.4623	0.4623	-0.0000	0.5616
13.0000	177.0000	Decrease Desire	AlmondMilk	4.0000	5.0000	5.0000	4	1.0000	1.3600	0.8058	0.0836	0.0000	0.8058	0.1548	1.0000	0.2643	0.2807	-0.0164	0.4932
13.0000	178.0000	Decrease Desire	BabyFoodSweetPotatos	2.0000	5.0000	3.0000	5	1.0000	1.9132	1.3926	0.0678	0.0000	1.3926	0.1517	1.0000	0.3038	0.3038	-0.0000	0.4182
13.0000	179.0000	Decrease Desire	Prunes	1.0000	2.0000	5.0000	2	-1.0000	1.0404	0.5373	-0.0999	0.0000	0.5373	0.2225	-1.0000	0.2227	0.2240	-0.0013	0.4042
13.0000	180.0000	Decrease Desire	Triscuit	2.0000	4.0000	2.0000	5	-1.0000	1.0747	0.3862	0.4108	0.0000	0.3862	0.1206	-1.0000	0.1915	0.1915	-0.0000	0.5788
13.0000	181.0000	Respond Naturally	Snickers	4.0000	5.0000	2.0000	3	1.0000	1.5115	0.3863	0.1185	1.0000	0.8230	0.3843	-1.0000	0.6801	0.6802	-0.0000	1.5692
13.0000	182.0000	Respond Naturally	Skittles	2.0000	3.0000	2.0000	3	-1.0000	1.1077	0.6040	-0.0000	0.0000	0.6040	0.1319	-1.0000	0.2238	0.2247	-0.0008	0.3626
13.0000	183.0000	Respond Naturally	Mackerel	1.0000	4.0000	6.0000	3	-1.0000	0.8900	0.4869	0.1350	0.0000	0.4869	0.1539	-1.0000	0.2618	0.2632	-0.0015	0.4289
13.0000	184.0000	Respond Naturally	Prunes	1.0000	3.0000	6.0000	5	-1.0000	1.3089	0.9394	0.1291	0.0000	0.9394	0.1624	-1.0000	0.2723	0.2723	-0.0000	0.3585
13.0000	185.0000	Respond Naturally	SevenGrain	4.0000	3.0000	3.0000	3	1.0000	1.5274	1.0572	-0.0218	0.0000	1.0572	0.2262	1.0000	0.4721	0.4752	-0.0031	0.6810
13.0000	186.0000	Respond Naturally	HoneyNutCheerios	3.0000	3.0000	4.0000	2	-1.0000	0.8900	0.1848	-0.1223	0.0000	0.1848	0.2120	-1.0000	0.4303	0.4307	-0.0004	0.9828
13.0000	187.0000	Respond Naturally	FrootLoops	4.0000	3.0000	2.0000	2	-1.0000	1.0069	0.4700	0.0123	0.0000	0.4700	0.1356	-1.0000	0.3207	0.3207	-0.0000	0.5309
13.0000	188.0000	Respond Naturally	MnMPeanuts	5.0000	3.0000	3.0000	4	-1.0000	1.9641	0.2687	-0.1125	0.0000	0.2687	0.1591	-1.0000	0.1695	0.1697	-0.0001	0.7622
13.0000	189.0000	Respond Naturally	NatureValleyChocolate	5.0000	4.0000	3.0000	4	1.0000	1.1751	0.4364	-0.0955	1.0000	0.5705	0.2292	-1.0000	0.3572	0.3572	-0.0000	0.7703
13.0000	190.0000	Respond Naturally	MnMPeanuts	2.0000	4.0000	3.0000	2	-1.0000	0.8729	0.3860	0.0797	0.0000	0.3860	0.2347	-1.0000	0.0559	0.1092	-0.0533	0.2386
13.0000	191.0000	Decrease Desire	OatmealSquares	2.0000	4.0000	4.0000	7	-1.0000	1.0576	0.3187	-0.0659	0.0000	0.3187	0.1862	-1.0000	0.4397	0.4397	-0.0000	0.8824
13.0000	192.0000	Decrease Desire	Celery	2.0000	3.0000	6.0000	2	-1.0000	0.8562	0.1512	0.4112	0.0000	0.1512	0.2375	-1.0000	0.2686	0.2686	-0.0000	0.4756
13.0000	193.0000	Decrease Desire	TofuDessert	1.0000	3.0000	3.0000	4	-1.0000	1.5442	0.1680	0.1290	0.0000	0.1680	0.2640	-1.0000	0.2423	0.2423	-0.0000	0.4933
13.0000	194.0000	Decrease Desire	ProMax	2.0000	5.0000	3.0000	2	-1.0000	0.9235	0.4703	0.2622	0.0000	0.4703	0.1044	-1.0000	0.2668	0.2676	-0.0008	0.4908
13.0000	195.0000	Decrease Desire	SlimStyles	1.0000	4.0000	2.0000	2	-1.0000	1.1750	0.6213	0.2174	0.0000	0.6213	0.1385	-1.0000	0.1110	0.1110	-0.0000	0.1936
13.0000	196.0000	Decrease Desire	EnglishCucumber	3.0000	5.0000	6.0000	2	-1.0000	0.8401	0.1512	-0.2846	0.0000	0.1512	0.2255	-1.0000	0.1175	0.1704	-0.0529	0.7180
13.0000	197.0000	Decrease Desire	Cheerios	3.0000	4.0000	4.0000	5	-1.0000	0.6886	0.1511	0.2237	0.0000	0.1511	0.1936	-1.0000	0.2288	0.2288	-0.0000	0.4268
13.0000	198.0000	Decrease Desire	Doritos	4.0000	5.0000	2.0000	5	1.0000	1.4439	0.7722	0.0345	0.0000	0.7722	0.4311	1.0000	0.7224	0.7738	-0.0513	1.5360
13.0000	199.0000	Decrease Desire	Celery	1.0000	2.0000	6.0000	4	-1.0000	0.8564	0.4702	0.2000	0.0000	0.4702	0.1595	-1.0000	0.3433	0.3433	-0.0000	0.6179
13.0000	200.0000	Decrease Desire	PopTartStrawberry	6.0000	5.0000	2.0000	5	1.0000	1.2755	0.7721	-0.0425	0.0000	0.7721	0.2893	1.0000	0.6476	0.6476	-0.0000	1.0717
