Subject	Trial	Instruction	Food	Liking	Taste	Health	Amount	Choice	ChoiceRT	FirstDevTimeChoice	InitAngleChoice	NumChangeMindChoice	FinalDevTimeChoice	MaxVelocityChoice	DrxFirstDevChoice	TotalAUCChoice	AUCtoNonChosenChoice	AUCtoChosenChoice	MaxDevChoice
98.0000	1.0000	Respond Naturally	AlmondMilk	3.0000	1.0000	4.0000	4	-1.0000	1.3293	0.5720	-0.6943	1.0000	0.8413	0.3280	1.0000	0.3253	0.3253	-0.0000	0.9471
98.0000	2.0000	Respond Naturally	WelchsFruitSnacks	4.0000	4.0000	2.0000	1	-1.0000	1.5987	0.4209	0.8614	2.0000	1.1275	0.2902	-1.0000	0.1556	0.1559	-0.0002	0.7913
98.0000	3.0000	Respond Naturally	Doritos	5.0000	6.0000	1.0000	5	1.0000	0.8251	0.3034	-0.4226	0.0000	0.3034	0.1761	1.0000	0.2701	0.2701	-0.0000	0.6959
98.0000	4.0000	Respond Naturally	RedPepper	4.0000	4.0000	5.0000	2	1.0000	1.2457	0.2694	-0.2914	1.0000	0.6903	0.3712	-1.0000	0.4676	0.4676	-0.0000	1.2277
98.0000	5.0000	Respond Naturally	Doritos	5.0000	5.0000	1.0000	2	1.0000	0.9262	0.2022	0.6595	0.0000	0.2022	0.0911	1.0000	0.0708	0.0708	-0.0000	0.1669
98.0000	6.0000	Respond Naturally	LaysClassic	6.0000	6.0000	2.0000	4	1.0000	0.9931	0.1178	-0.1366	1.0000	0.4208	0.1408	-1.0000	0.1811	0.1811	-0.0000	0.4620
98.0000	7.0000	Respond Naturally	Bananas	4.0000	4.0000	6.0000	3	1.0000	1.4641	0.1009	-0.1612	1.0000	0.7910	0.2960	-1.0000	0.5452	0.5453	-0.0001	1.5210
98.0000	8.0000	Respond Naturally	SevenGrain	2.0000	2.0000	3.0000	1	-1.0000	0.9926	0.4034	0.1029	0.0000	0.4034	0.1819	-1.0000	0.0622	0.0622	-0.0000	0.2019
98.0000	9.0000	Respond Naturally	YorkPeppermintPatties	4.0000	4.0000	2.0000	2	-1.0000	1.8508	0.2866	0.9625	3.0000	1.3293	0.4237	1.0000	0.6698	0.6761	-0.0062	1.7320
98.0000	10.0000	Respond Naturally	FrozenPeas	4.0000	4.0000	6.0000	6	1.0000	0.8247	0.3366	-0.0369	0.0000	0.3366	0.1795	1.0000	0.2234	0.2234	-0.0000	0.4195
98.0000	11.0000	Focus on Health	Spinach	4.0000	4.0000	6.0000	2	1.0000	0.8918	0.3196	0.2598	0.0000	0.3196	0.1680	1.0000	0.1289	0.1289	-0.0000	0.3014
98.0000	12.0000	Focus on Health	MnMPeanuts	4.0000	4.0000	1.0000	2	-1.0000	0.9758	0.3702	-0.3403	0.0000	0.3702	0.1901	-1.0000	0.2225	0.2241	-0.0016	0.5598
98.0000	13.0000	Focus on Health	MnMPlain	5.0000	4.0000	1.0000	3	-1.0000	0.8072	0.3365	-0.5607	0.0000	0.3365	0.2080	-1.0000	0.3482	0.3482	-0.0000	0.6713
98.0000	14.0000	Focus on Health	RiceKrispiesCereal	4.0000	3.0000	4.0000	3	-1.0000	1.7000	0.3028	1.0194	1.0000	1.1280	0.2798	1.0000	0.4733	0.5205	-0.0472	1.4355
98.0000	15.0000	Focus on Health	Orange	4.0000	4.0000	6.0000	1	1.0000	1.1106	0.2693	-0.8139	0.0000	0.2693	0.1843	1.0000	0.2401	0.2402	-0.0000	0.6920
98.0000	16.0000	Focus on Health	GreenApple	4.0000	4.0000	4.0000	2	1.0000	0.6734	0.2694	0.3364	0.0000	0.2694	0.1752	1.0000	0.1649	0.1649	-0.0000	0.2997
98.0000	17.0000	Focus on Health	Mentos	1.0000	1.0000	1.0000	2	-1.0000	0.8748	0.3868	-0.2388	0.0000	0.3868	0.3629	-1.0000	0.3417	0.3488	-0.0071	0.7700
98.0000	18.0000	Focus on Health	Beets	4.0000	4.0000	5.0000	2	1.0000	0.9930	0.5049	0.0445	0.0000	0.5049	0.1190	1.0000	0.2404	0.2404	-0.0000	0.4896
98.0000	19.0000	Focus on Health	Fritos	6.0000	6.0000	1.0000	5	1.0000	0.6902	0.2189	0.3047	0.0000	0.2189	0.1377	1.0000	0.1099	0.1101	-0.0002	0.2236
98.0000	20.0000	Focus on Health	AppleChips	1.0000	1.0000	3.0000	2	-1.0000	1.1612	0.2691	-0.1932	0.0000	0.2691	0.1613	-1.0000	0.1295	0.1487	-0.0192	0.5549
98.0000	21.0000	Focus on Health	RaisinBran	3.0000	3.0000	4.0000	7	1.0000	1.5983	0.2357	0.3175	2.0000	0.9422	0.4069	1.0000	0.5828	0.6065	-0.0237	1.6792
98.0000	22.0000	Focus on Health	OatBran	2.0000	2.0000	4.0000	4	1.0000	0.7235	0.1010	0.3222	0.0000	0.1010	0.2039	1.0000	0.1486	0.1486	-0.0000	0.2667
98.0000	23.0000	Focus on Health	MnMPeanuts	4.0000	4.0000	1.0000	4	-1.0000	0.9419	0.4035	0.4953	0.0000	0.4035	0.2302	-1.0000	0.1102	0.1102	-0.0000	0.4040
98.0000	24.0000	Focus on Health	LaysClassic	5.0000	6.0000	1.0000	3	1.0000	1.1103	0.3364	0.0703	1.0000	0.5383	0.2187	-1.0000	0.0854	0.1251	-0.0397	0.5685
98.0000	25.0000	Focus on Health	CoffeeCrisp	4.0000	4.0000	2.0000	1	-1.0000	0.9587	0.5380	-0.0674	0.0000	0.5380	0.2944	-1.0000	0.3178	0.3178	-0.0000	0.5294
98.0000	26.0000	Focus on Health	NatureValleyChocolate	3.0000	4.0000	4.0000	1	1.0000	1.1101	0.2186	0.1654	2.0000	0.5551	0.1388	1.0000	0.2087	0.2087	-0.0000	0.4035
98.0000	27.0000	Focus on Health	Butternut	1.0000	5.0000	4.0000	7	1.0000	0.8912	0.1512	-0.2484	0.0000	0.1512	0.1652	1.0000	0.2011	0.2015	-0.0003	0.5862
98.0000	28.0000	Focus on Health	DriedHerring	3.0000	2.0000	3.0000	1	-1.0000	0.9591	0.2358	-0.2149	1.0000	0.5216	0.2317	1.0000	0.4466	0.4466	-0.0000	0.8568
98.0000	29.0000	Focus on Health	FrozenOkra	2.0000	3.0000	4.0000	2	-1.0000	1.1446	0.1179	-0.0373	1.0000	0.5893	0.3132	1.0000	0.4390	0.4399	-0.0009	0.9892
98.0000	30.0000	Focus on Health	Tempeh	3.0000	3.0000	4.0000	4	-1.0000	1.1435	0.3194	0.2643	1.0000	0.5715	0.2620	1.0000	0.4725	0.4725	-0.0001	1.0230
98.0000	31.0000	Respond Naturally	Almonds	5.0000	5.0000	4.0000	2	1.0000	1.1096	0.1344	-0.1762	0.0000	0.1344	0.2198	1.0000	0.1127	0.1372	-0.0246	0.4418
98.0000	32.0000	Respond Naturally	Twizzlers	1.0000	1.0000	1.0000	2	-1.0000	0.7397	0.3531	-0.0837	0.0000	0.3531	0.2119	-1.0000	0.3074	0.3074	-0.0000	0.5561
98.0000	33.0000	Respond Naturally	Mars	4.0000	4.0000	2.0000	2	-1.0000	1.0929	0.3530	0.2969	2.0000	0.8239	0.1544	-1.0000	0.1622	0.1622	-0.0000	0.2606
98.0000	34.0000	Respond Naturally	FrozenOkra	3.0000	2.0000	4.0000	5	-1.0000	1.2950	0.2522	0.4941	1.0000	0.6560	0.3602	1.0000	0.2465	0.2569	-0.0104	0.8808
98.0000	35.0000	Respond Naturally	YorkPeppermintPatties	1.0000	3.0000	2.0000	4	-1.0000	0.9084	0.4035	0.4880	0.0000	0.4035	0.2409	-1.0000	0.1136	0.1253	-0.0118	0.2886
98.0000	36.0000	Respond Naturally	BabyFoodCarrots	4.0000	4.0000	4.0000	5	-1.0000	1.0264	0.1514	0.6889	2.0000	0.6394	0.1871	-1.0000	0.1577	0.1577	-0.0000	0.5876
98.0000	37.0000	Respond Naturally	OikosYogurt	2.0000	4.0000	4.0000	6	-1.0000	0.7068	0.2524	0.3431	0.0000	0.2524	0.1389	-1.0000	0.1500	0.1500	-0.0000	0.3038
98.0000	38.0000	Respond Naturally	Shreddies	5.0000	5.0000	6.0000	5	1.0000	0.8245	0.2356	-0.2822	0.0000	0.2356	0.2466	1.0000	0.1626	0.1676	-0.0049	0.4533
98.0000	39.0000	Respond Naturally	NatureValleyChocolate	4.0000	4.0000	3.0000	4	-1.0000	0.8573	0.3702	0.2340	0.0000	0.3702	0.1473	-1.0000	0.1100	0.1205	-0.0106	0.3098
98.0000	40.0000	Respond Naturally	Tempeh	3.0000	3.0000	4.0000	2	-1.0000	1.1105	0.1346	0.4882	1.0000	0.5384	0.4348	1.0000	0.4072	0.4166	-0.0094	1.2426
98.0000	41.0000	Focus on Health	BabyFoodSweetPotatos	4.0000	4.0000	4.0000	2	-1.0000	0.9592	0.3366	0.1785	1.0000	0.5217	0.1525	1.0000	0.2322	0.2322	-0.0000	0.6138
98.0000	42.0000	Focus on Health	CannedArtichoke	3.0000	3.0000	4.0000	2	-1.0000	0.7908	0.2859	0.3040	0.0000	0.2859	0.0975	-1.0000	0.1823	0.1823	-0.0000	0.3231
98.0000	43.0000	Focus on Health	SunChips	6.0000	6.0000	1.0000	4	1.0000	0.7904	0.1850	-0.1218	0.0000	0.1850	0.1397	1.0000	0.2103	0.2103	-0.0000	0.4270
98.0000	44.0000	Focus on Health	VanillaGreekYogurt	3.0000	4.0000	4.0000	4	1.0000	1.1435	0.2187	-0.2798	2.0000	0.6723	0.2496	1.0000	0.4216	0.4284	-0.0068	1.0815
98.0000	45.0000	Focus on Health	ClifBar	1.0000	3.0000	4.0000	2	-1.0000	0.7736	0.3866	0.4243	0.0000	0.3866	0.1542	-1.0000	0.1817	0.1817	-0.0000	0.2646
98.0000	46.0000	Focus on Health	Smartfood	4.0000	4.0000	2.0000	2	-1.0000	1.2619	0.2188	-0.0548	1.0000	0.7400	0.3347	1.0000	0.5891	0.5891	-0.0000	1.2197
98.0000	47.0000	Focus on Health	PureFit	4.0000	3.0000	4.0000	4	-1.0000	1.3954	0.2693	0.0285	2.0000	0.9414	0.2434	-1.0000	0.2916	0.2966	-0.0051	0.8566
98.0000	48.0000	Focus on Health	RomaineLettuce	4.0000	5.0000	6.0000	4	1.0000	0.8079	0.2693	-0.3450	0.0000	0.2693	0.1864	1.0000	0.3014	0.3014	-0.0000	0.7012
98.0000	49.0000	Focus on Health	Celery	4.0000	5.0000	6.0000	4	1.0000	0.8581	0.3196	-0.3158	0.0000	0.3196	0.2077	1.0000	0.1517	0.1881	-0.0364	0.4431
98.0000	50.0000	Focus on Health	Tuna	4.0000	4.0000	4.0000	2	-1.0000	0.6562	0.2523	0.2408	0.0000	0.2523	0.1323	-1.0000	0.1538	0.1538	-0.0000	0.2914
98.0000	51.0000	Respond Naturally	VegetableThins	6.0000	5.0000	4.0000	2	1.0000	0.9422	0.2860	0.0785	0.0000	0.2860	0.1431	1.0000	0.2122	0.2122	-0.0000	0.4085
98.0000	52.0000	Respond Naturally	Onion	1.0000	1.0000	4.0000	2	-1.0000	0.9257	0.2186	-0.0000	0.0000	0.2186	0.1273	-1.0000	0.1641	0.1735	-0.0094	0.4684
98.0000	53.0000	Respond Naturally	Strawberries	4.0000	4.0000	4.0000	2	1.0000	0.8750	0.1683	-0.0886	0.0000	0.1683	0.1706	1.0000	0.1874	0.1880	-0.0006	0.5847
98.0000	54.0000	Respond Naturally	MangoChunks	4.0000	5.0000	5.0000	5	1.0000	0.9256	0.3702	-0.4863	0.0000	0.3702	0.1838	1.0000	0.4541	0.4541	-0.0000	0.7653
98.0000	55.0000	Respond Naturally	GreenBeans	6.0000	5.0000	6.0000	4	1.0000	0.8745	0.3027	-0.3085	0.0000	0.3027	0.2045	1.0000	0.2038	0.2176	-0.0137	0.5393
98.0000	56.0000	Respond Naturally	SlicedTurkey	4.0000	5.0000	2.0000	2	1.0000	0.8410	0.2690	-0.2606	0.0000	0.2690	0.2065	1.0000	0.1976	0.2096	-0.0120	0.5271
98.0000	57.0000	Respond Naturally	Shreddies	3.0000	5.0000	5.0000	2	1.0000	0.9256	0.1514	-0.1994	0.0000	0.1514	0.1523	1.0000	0.2172	0.2181	-0.0009	0.4722
98.0000	58.0000	Respond Naturally	Caramilk	3.0000	3.0000	1.0000	5	-1.0000	0.9757	0.2016	0.1635	1.0000	0.4877	0.2010	1.0000	0.2457	0.2457	-0.0000	0.6547
98.0000	59.0000	Respond Naturally	TofuDessert	2.0000	2.0000	3.0000	4	-1.0000	1.0259	0.2861	0.2738	0.0000	0.2861	0.1987	-1.0000	0.2223	0.2223	-0.0001	0.3051
98.0000	60.0000	Respond Naturally	MangoChunks	5.0000	4.0000	4.0000	2	1.0000	0.8748	0.2689	-0.4230	0.0000	0.2689	0.1461	1.0000	0.2520	0.2520	-0.0000	0.6208
98.0000	61.0000	Focus on Health	GreenGrapes	4.0000	4.0000	5.0000	1	1.0000	1.1603	0.1343	-0.1389	2.0000	0.5886	0.2602	1.0000	0.3056	0.3056	-0.0000	1.0032
98.0000	62.0000	Focus on Health	RomaineLettuce	5.0000	5.0000	6.0000	2	1.0000	1.1937	0.3362	-0.0564	0.0000	0.3362	0.2388	1.0000	0.0621	0.0907	-0.0286	0.2941
98.0000	63.0000	Focus on Health	Orange	4.0000	4.0000	6.0000	5	1.0000	0.6555	0.1342	0.1575	0.0000	0.1342	0.1449	1.0000	0.1994	0.1994	-0.0000	0.3590
98.0000	64.0000	Focus on Health	Nutella	4.0000	4.0000	3.0000	1	-1.0000	0.8580	0.2524	0.2899	1.0000	0.4711	0.1566	1.0000	0.2324	0.2324	-0.0000	0.4786
98.0000	65.0000	Focus on Health	FrozenPeas	4.0000	4.0000	4.0000	2	1.0000	0.8583	0.1852	-0.1723	0.0000	0.1852	0.1739	1.0000	0.1087	0.1283	-0.0196	0.3927
98.0000	66.0000	Focus on Health	BBQCrisps	6.0000	5.0000	2.0000	2	1.0000	1.0256	0.3195	-0.2681	0.0000	0.3195	0.2122	1.0000	0.1206	0.1434	-0.0228	0.3956
98.0000	67.0000	Focus on Health	Asparagus	4.0000	5.0000	6.0000	6	1.0000	0.9583	0.3869	-0.3637	0.0000	0.3869	0.2887	1.0000	0.1736	0.1766	-0.0030	0.4186
98.0000	68.0000	Focus on Health	Snickers	5.0000	4.0000	1.0000	3	-1.0000	0.8241	0.4040	0.0652	0.0000	0.4040	0.1567	-1.0000	0.1766	0.1766	-0.0000	0.3344
98.0000	69.0000	Focus on Health	IceCreamChocolate	5.0000	3.0000	3.0000	1	-1.0000	1.0600	0.1178	0.1611	1.0000	0.4543	0.1653	1.0000	0.2859	0.2859	-0.0000	0.6792
98.0000	70.0000	Focus on Health	IceCreamVanilla	4.0000	4.0000	3.0000	1	-1.0000	0.8577	0.1178	0.2630	1.0000	0.3705	0.2445	1.0000	0.2157	0.2164	-0.0008	0.6157
98.0000	71.0000	Respond Naturally	WaterChestnuts	3.0000	2.0000	4.0000	5	-1.0000	1.2622	0.2187	-0.3641	3.0000	0.8077	0.2364	1.0000	0.4918	0.4918	-0.0000	0.8476
98.0000	72.0000	Respond Naturally	FrozenCorn	5.0000	4.0000	5.0000	4	1.0000	0.7572	0.2186	-0.0553	0.0000	0.2186	0.1810	1.0000	0.1065	0.1679	-0.0614	0.4372
98.0000	73.0000	Respond Naturally	Cheetos	6.0000	5.0000	2.0000	3	1.0000	0.8073	0.3360	-0.2311	0.0000	0.3360	0.2883	1.0000	0.1871	0.2101	-0.0230	0.4394
98.0000	74.0000	Respond Naturally	VanillaGreekYogurt	4.0000	4.0000	4.0000	2	1.0000	1.5308	0.1683	-0.1982	1.0000	0.7570	0.3588	-1.0000	0.6045	0.6186	-0.0141	1.3990
98.0000	75.0000	Respond Naturally	Avocado	4.0000	4.0000	6.0000	2	1.0000	0.9082	0.4201	0.0523	0.0000	0.4201	0.1593	1.0000	0.1059	0.1072	-0.0014	0.1874
98.0000	76.0000	Respond Naturally	Prunes	4.0000	3.0000	4.0000	2	1.0000	0.7907	0.1682	-0.1940	0.0000	0.1682	0.1251	1.0000	0.2368	0.2370	-0.0002	0.4609
98.0000	77.0000	Respond Naturally	AppleChips	3.0000	1.0000	3.0000	5	-1.0000	1.0095	0.2861	0.1538	1.0000	0.5216	0.3675	1.0000	0.3230	0.3230	-0.0000	0.9253
98.0000	78.0000	Respond Naturally	Butternut	2.0000	2.0000	5.0000	3	-1.0000	1.4806	0.1178	-0.0159	1.0000	0.8246	0.3497	1.0000	0.6363	0.6363	-0.0000	1.5083
98.0000	79.0000	Respond Naturally	AllBranBar	3.0000	3.0000	4.0000	3	-1.0000	0.8914	0.4203	0.1431	0.0000	0.4203	0.1482	-1.0000	0.2446	0.2512	-0.0067	0.4697
98.0000	80.0000	Respond Naturally	Smarties	3.0000	2.0000	1.0000	5	-1.0000	0.8412	0.2692	0.3047	1.0000	0.4038	0.2090	1.0000	0.2222	0.2224	-0.0003	0.6214
98.0000	81.0000	Respond Naturally	Aero	4.0000	4.0000	2.0000	1	-1.0000	1.0250	0.3527	0.2363	0.0000	0.3527	0.2170	-1.0000	0.0835	0.1082	-0.0247	0.2785
98.0000	82.0000	Respond Naturally	CornFlakes	3.0000	3.0000	4.0000	6	1.0000	1.3446	0.2357	-0.0643	2.0000	0.8573	0.2755	1.0000	0.4095	0.4149	-0.0054	1.3453
98.0000	83.0000	Respond Naturally	DriedApricots	3.0000	4.0000	4.0000	5	1.0000	0.9746	0.4536	-0.5658	0.0000	0.4536	0.1827	1.0000	0.3768	0.3768	-0.0000	0.7005
98.0000	84.0000	Respond Naturally	CornFlakes	3.0000	3.0000	4.0000	3	1.0000	0.8566	0.3693	-0.0893	0.0000	0.3693	0.2380	1.0000	0.0144	0.0378	-0.0234	-0.1111
98.0000	85.0000	Respond Naturally	RiceKrispiesCereal	3.0000	4.0000	4.0000	7	1.0000	0.9074	0.1677	-0.4440	1.0000	0.4199	0.1971	-1.0000	0.4198	0.4198	-0.0000	0.9046
98.0000	86.0000	Respond Naturally	DriedHerring	4.0000	4.0000	3.0000	3	1.0000	1.4595	0.3695	-0.3242	3.0000	0.9396	0.2817	-1.0000	0.3929	0.4064	-0.0135	0.8633
98.0000	87.0000	Respond Naturally	FrootLoops	2.0000	2.0000	3.0000	2	-1.0000	0.8903	0.4364	0.2808	0.0000	0.4364	0.1748	-1.0000	0.1084	0.1112	-0.0029	0.2202
98.0000	88.0000	Respond Naturally	GreenApple	4.0000	4.0000	5.0000	4	1.0000	1.0405	0.3187	-0.2415	1.0000	0.5538	0.2707	-1.0000	0.3732	0.3732	-0.0000	0.8747
98.0000	89.0000	Respond Naturally	WelchsFruitSnacks	4.0000	4.0000	3.0000	3	-1.0000	0.7395	0.3699	0.4021	0.0000	0.3699	0.1592	-1.0000	0.1408	0.1408	-0.0000	0.3327
98.0000	90.0000	Respond Naturally	Broccoli	4.0000	4.0000	6.0000	1	1.0000	0.9234	0.1006	-0.2291	0.0000	0.1006	0.1586	1.0000	0.1148	0.1263	-0.0114	0.2671
98.0000	91.0000	Focus on Health	KashiBars	4.0000	4.0000	4.0000	4	-1.0000	0.7724	0.2686	0.2084	0.0000	0.2686	0.1656	-1.0000	0.1050	0.1052	-0.0001	0.3628
98.0000	92.0000	Focus on Health	CannedArtichoke	3.0000	3.0000	4.0000	5	-1.0000	1.1592	0.3360	0.4378	1.0000	0.7059	0.1648	1.0000	0.3086	0.3086	-0.0000	0.4949
98.0000	93.0000	Focus on Health	Aero	4.0000	4.0000	1.0000	3	-1.0000	0.9751	0.3362	0.3094	0.0000	0.3362	0.1128	-1.0000	0.1265	0.1265	-0.0000	0.2879
98.0000	94.0000	Focus on Health	HoneyNutCheerios	4.0000	6.0000	4.0000	5	1.0000	1.9479	0.9397	-0.4088	0.0000	0.9397	0.3933	1.0000	0.1786	0.2010	-0.0224	0.3593
98.0000	95.0000	Focus on Health	FrozenBroccoli	6.0000	6.0000	6.0000	6	1.0000	0.9083	0.3531	-0.2466	0.0000	0.3531	0.1212	1.0000	0.2706	0.2706	-0.0000	0.4909
98.0000	96.0000	Focus on Health	PopTartStrawberry	1.0000	2.0000	1.0000	2	-1.0000	0.7399	0.3867	0.1742	0.0000	0.3867	0.1800	-1.0000	0.2386	0.2386	-0.0000	0.3938
98.0000	97.0000	Focus on Health	RufflesSourCreamOnion	4.0000	6.0000	2.0000	3	1.0000	0.9250	0.4204	-0.0759	0.0000	0.4204	0.1708	1.0000	0.1899	0.1899	-0.0000	0.3632
98.0000	98.0000	Focus on Health	ProMax	3.0000	3.0000	3.0000	2	-1.0000	0.7573	0.1347	0.3272	0.0000	0.1347	0.1116	-1.0000	0.0983	0.1006	-0.0022	0.2460
98.0000	99.0000	Focus on Health	Avocado	4.0000	5.0000	6.0000	5	1.0000	0.7910	0.1851	-0.2741	0.0000	0.1851	0.2071	1.0000	0.1284	0.1303	-0.0019	0.3970
98.0000	100.0000	Focus on Health	SlimStyles	2.0000	3.0000	4.0000	6	1.0000	1.6645	0.3365	-0.4883	1.0000	0.5720	0.1654	-1.0000	0.2849	0.2862	-0.0013	0.9234
98.0000	101.0000	Focus on Health	FrozenPeaches	3.0000	4.0000	5.0000	5	1.0000	0.7735	0.3192	0.0000	0.0000	0.3192	0.1905	1.0000	0.0262	0.0318	-0.0056	0.0926
98.0000	102.0000	Focus on Health	Mackerel	3.0000	4.0000	3.0000	1	-1.0000	1.2781	0.1850	0.0013	1.0000	0.4205	0.1475	1.0000	0.1901	0.2094	-0.0192	0.4998
98.0000	103.0000	Focus on Health	HoneyNutCheerios	4.0000	4.0000	4.0000	2	1.0000	1.4125	0.5208	0.1930	3.0000	1.0257	0.2014	-1.0000	0.4303	0.4303	-0.0000	1.3235
98.0000	104.0000	Focus on Health	SpeltCakes	4.0000	1.0000	3.0000	2	-1.0000	1.8664	0.5375	0.3113	1.0000	1.1940	0.4239	1.0000	0.4859	0.4859	-0.0000	1.2799
98.0000	105.0000	Focus on Health	Cheetos	6.0000	6.0000	2.0000	6	-1.0000	0.9082	0.3698	-0.0043	1.0000	0.5044	0.1868	1.0000	0.1904	0.1904	-0.0000	0.3901
98.0000	106.0000	Focus on Health	Raspberries	4.0000	4.0000	4.0000	4	1.0000	0.8411	0.2860	-0.3586	0.0000	0.2860	0.1827	1.0000	0.1366	0.1376	-0.0009	0.3086
98.0000	107.0000	Focus on Health	CoffeeCrisp	4.0000	4.0000	2.0000	3	-1.0000	1.0601	0.3532	0.1293	0.0000	0.3532	0.1462	-1.0000	0.1100	0.1208	-0.0108	0.3468
98.0000	108.0000	Focus on Health	Caramilk	4.0000	4.0000	2.0000	2	-1.0000	0.7908	0.2860	0.1214	0.0000	0.2860	0.1378	-1.0000	0.0778	0.0889	-0.0111	0.3131
98.0000	109.0000	Focus on Health	GreenPepper	4.0000	4.0000	6.0000	2	1.0000	0.8412	0.2357	-0.4499	1.0000	0.3871	0.1631	-1.0000	0.3481	0.3481	-0.0000	0.7970
98.0000	110.0000	Focus on Health	SunChips	4.0000	4.0000	1.0000	2	-1.0000	1.0090	0.3863	0.7938	0.0000	0.3863	0.2020	-1.0000	-0.1213	0.0059	-0.1272	-0.3378
98.0000	111.0000	Respond Naturally	RitzCrackers	5.0000	6.0000	3.0000	5	1.0000	0.7405	0.1346	0.0708	0.0000	0.1346	0.2149	1.0000	0.1645	0.1645	-0.0000	0.2850
98.0000	112.0000	Respond Naturally	RaisinBran	3.0000	3.0000	5.0000	3	1.0000	1.4296	0.2353	0.2184	2.0000	0.6730	0.3737	1.0000	0.3098	0.3098	-0.0000	1.2019
98.0000	113.0000	Respond Naturally	Strawberries	3.0000	4.0000	4.0000	3	1.0000	0.8411	0.3700	0.2736	0.0000	0.3700	0.1752	1.0000	0.1474	0.1474	-0.0000	0.3058
98.0000	114.0000	Respond Naturally	MnMPlain	4.0000	4.0000	1.0000	5	-1.0000	1.6660	0.1346	-0.0201	3.0000	1.2118	0.4064	1.0000	0.5005	0.5022	-0.0017	1.2889
98.0000	115.0000	Respond Naturally	SkittlesSour	4.0000	4.0000	2.0000	3	-1.0000	0.9421	0.3700	0.0075	0.0000	0.3700	0.2133	-1.0000	0.1163	0.1389	-0.0225	0.3037
98.0000	116.0000	Respond Naturally	GreenBeans	4.0000	4.0000	5.0000	2	1.0000	0.8243	0.3029	-0.2472	0.0000	0.3029	0.1668	1.0000	0.1846	0.1846	-0.0001	0.3554
98.0000	117.0000	Respond Naturally	ClamJuice	1.0000	1.0000	3.0000	3	-1.0000	1.1268	0.4875	0.4079	1.0000	0.6389	0.1512	1.0000	0.1339	0.1421	-0.0082	0.3609
98.0000	118.0000	Respond Naturally	Onion	1.0000	1.0000	5.0000	4	-1.0000	0.7908	0.3029	0.2934	0.0000	0.3029	0.1283	-1.0000	0.1670	0.1671	-0.0000	0.3389
98.0000	119.0000	Respond Naturally	Cheerios	4.0000	5.0000	5.0000	5	1.0000	0.7399	0.3530	-0.2192	0.0000	0.3530	0.1828	1.0000	0.2818	0.2818	-0.0000	0.5090
98.0000	120.0000	Respond Naturally	Skittles	4.0000	4.0000	1.0000	3	-1.0000	0.9589	0.1515	0.2973	0.0000	0.1515	0.1812	-1.0000	0.0505	0.0789	-0.0284	0.2512
98.0000	121.0000	Focus on Health	BabyFoodSweetPotatos	4.0000	4.0000	4.0000	5	1.0000	0.9589	0.1852	0.0000	0.0000	0.1852	0.1343	1.0000	0.2535	0.2535	-0.0000	0.3920
98.0000	122.0000	Focus on Health	OatBran	2.0000	2.0000	4.0000	2	1.0000	1.1100	0.2524	0.2645	1.0000	0.6559	0.3759	-1.0000	0.4427	0.4626	-0.0199	1.3126
98.0000	123.0000	Focus on Health	Mars	4.0000	4.0000	1.0000	4	-1.0000	0.7394	0.3022	0.1336	0.0000	0.3022	0.1530	-1.0000	0.0309	0.0314	-0.0005	0.0779
98.0000	124.0000	Focus on Health	Reese	1.0000	1.0000	1.0000	4	-1.0000	0.6395	0.3029	-0.0230	0.0000	0.3029	0.2243	-1.0000	0.3326	0.3326	-0.0000	0.6148
98.0000	125.0000	Focus on Health	GreenGrapes	5.0000	6.0000	6.0000	4	1.0000	0.8579	0.1512	-0.1768	0.0000	0.1512	0.1421	1.0000	0.2100	0.2101	-0.0000	0.4097
98.0000	126.0000	Focus on Health	BBQCrisps	6.0000	6.0000	2.0000	6	-1.0000	1.5486	0.1178	0.0212	1.0000	0.8417	0.2832	1.0000	0.5936	0.5936	-0.0000	1.2258
98.0000	127.0000	Focus on Health	AllBranBar	3.0000	3.0000	4.0000	1	-1.0000	0.7896	0.3697	-0.7141	0.0000	0.3697	0.2126	-1.0000	0.1014	0.1014	-0.0000	0.4227
98.0000	128.0000	Focus on Health	Beets	6.0000	6.0000	4.0000	5	1.0000	0.8410	0.3698	-0.2795	0.0000	0.3698	0.1825	1.0000	0.1409	0.1449	-0.0040	0.2896
98.0000	129.0000	Focus on Health	Smarties	3.0000	2.0000	1.0000	2	-1.0000	1.0764	0.2858	0.3450	0.0000	0.2858	0.1400	-1.0000	0.0578	0.0621	-0.0043	0.1927
98.0000	130.0000	Focus on Health	VegetableThins	6.0000	6.0000	4.0000	5	1.0000	1.1932	0.1515	0.0692	2.0000	0.9578	0.1407	1.0000	0.2042	0.2042	-0.0000	0.3924
98.0000	131.0000	Respond Naturally	PopTartStrawberry	1.0000	2.0000	1.0000	5	-1.0000	0.7897	0.2517	NA	0.0000	0.2517	0.1905	-1.0000	0.0410	0.0410	-0.0000	0.2179
98.0000	132.0000	Respond Naturally	Smartfood	6.0000	6.0000	1.0000	4	1.0000	1.0934	0.1007	0.0414	0.0000	0.1007	0.1060	1.0000	0.1558	0.1558	-0.0000	0.3548
98.0000	133.0000	Respond Naturally	Bananas	4.0000	4.0000	6.0000	2	1.0000	1.1771	0.2355	-0.1763	1.0000	0.5048	0.3437	-1.0000	0.4000	0.4000	-0.0000	1.4545
98.0000	134.0000	Respond Naturally	TofuDessert	2.0000	2.0000	2.0000	2	-1.0000	0.8077	0.3365	0.0436	0.0000	0.3365	0.1239	-1.0000	0.1977	0.2017	-0.0040	0.4433
98.0000	135.0000	Respond Naturally	Cheerios	4.0000	4.0000	4.0000	2	1.0000	0.7573	0.2693	0.0000	0.0000	0.2693	0.1451	1.0000	0.1761	0.1761	-0.0000	0.3262
98.0000	136.0000	Respond Naturally	RufflesSourCreamOnion	6.0000	6.0000	1.0000	5	1.0000	0.7739	0.3363	-0.2618	0.0000	0.3363	0.2942	1.0000	0.2375	0.2375	-0.0000	0.5105
98.0000	137.0000	Respond Naturally	OikosYogurt	4.0000	4.0000	3.0000	3	1.0000	1.1949	0.2187	-0.4016	1.0000	0.5721	0.4298	-1.0000	0.4871	0.4871	-0.0000	1.4603
98.0000	138.0000	Respond Naturally	EnglishCucumber	5.0000	5.0000	6.0000	5	1.0000	0.8078	0.2188	-0.3434	0.0000	0.2188	0.1199	1.0000	0.2374	0.2374	-0.0000	0.4817
98.0000	139.0000	Respond Naturally	FrozenBlueberries	5.0000	4.0000	5.0000	1	1.0000	0.7572	0.1345	0.2512	1.0000	0.4037	0.1991	-1.0000	0.2398	0.2398	-0.0000	0.6679
98.0000	140.0000	Respond Naturally	FrozenBlueberries	5.0000	4.0000	5.0000	3	1.0000	0.6056	0.1346	0.2927	0.0000	0.1346	0.0989	1.0000	0.1038	0.1038	-0.0000	0.2133
98.0000	141.0000	Respond Naturally	SevenGrain	4.0000	3.0000	4.0000	3	-1.0000	0.8751	0.1010	0.0696	1.0000	0.4207	0.2075	1.0000	0.3346	0.3346	-0.0000	0.7854
98.0000	142.0000	Respond Naturally	Celery	4.0000	4.0000	6.0000	2	1.0000	0.8411	0.2353	-0.0103	0.0000	0.2353	0.0821	1.0000	0.1764	0.1764	-0.0000	0.3243
98.0000	143.0000	Respond Naturally	SkimMilk	2.0000	1.0000	4.0000	4	-1.0000	1.1103	0.1683	-0.2092	1.0000	0.8243	0.2952	1.0000	0.6557	0.6557	-0.0000	1.1507
98.0000	144.0000	Respond Naturally	Cauliflower	4.0000	4.0000	4.0000	2	1.0000	1.0938	0.4712	-0.0133	0.0000	0.4712	0.0839	1.0000	0.1949	0.1949	-0.0000	0.3722
98.0000	145.0000	Respond Naturally	ClifBar	4.0000	2.0000	4.0000	4	-1.0000	0.8246	0.2693	-0.0125	0.0000	0.2693	0.1499	-1.0000	0.1048	0.1181	-0.0132	0.3193
98.0000	146.0000	Respond Naturally	AlmondMilk	1.0000	1.0000	4.0000	2	-1.0000	0.9595	0.1177	0.0976	1.0000	0.4204	0.2273	1.0000	0.2207	0.2355	-0.0148	0.7495
98.0000	147.0000	Respond Naturally	Triscuit	6.0000	6.0000	4.0000	5	1.0000	0.7573	0.1850	-0.2512	0.0000	0.1850	0.0927	1.0000	0.1430	0.1430	-0.0000	0.3251
98.0000	148.0000	Respond Naturally	WaterChestnuts	2.0000	2.0000	4.0000	3	-1.0000	0.9920	0.5549	0.1818	0.0000	0.5549	0.1281	-1.0000	0.2238	0.2238	-0.0000	0.3714
98.0000	149.0000	Respond Naturally	BrusselsSprouts	4.0000	5.0000	5.0000	2	1.0000	0.7740	0.1347	0.1579	0.0000	0.1347	0.1248	1.0000	0.1217	0.1218	-0.0001	0.3039
98.0000	150.0000	Respond Naturally	Prunes	3.0000	4.0000	4.0000	5	1.0000	0.8239	0.1006	0.0034	0.0000	0.1006	0.1086	1.0000	0.1034	0.1034	-0.0000	0.2549
98.0000	151.0000	Focus on Health	Raspberries	5.0000	4.0000	4.0000	5	1.0000	0.7234	0.1683	0.0142	0.0000	0.1683	0.1010	1.0000	0.2000	0.2000	-0.0000	0.3946
98.0000	152.0000	Focus on Health	Mackerel	4.0000	4.0000	3.0000	3	-1.0000	0.8416	0.2523	0.0317	1.0000	0.4209	0.1011	1.0000	0.2727	0.2727	-0.0000	0.5261
98.0000	153.0000	Focus on Health	FrozenPeaches	3.0000	4.0000	4.0000	2	1.0000	0.7908	0.2694	-0.0311	1.0000	0.4210	0.1426	-1.0000	0.2384	0.2384	-0.0000	0.6000
98.0000	154.0000	Focus on Health	Spinach	4.0000	5.0000	6.0000	4	1.0000	0.6556	0.2187	-0.0087	0.0000	0.2187	0.1121	1.0000	0.1863	0.1863	-0.0000	0.3796
98.0000	155.0000	Focus on Health	Skittles	4.0000	4.0000	1.0000	6	-1.0000	0.7397	0.3869	0.0584	0.0000	0.3869	0.1576	-1.0000	0.2001	0.2001	-0.0000	0.3648
98.0000	156.0000	Focus on Health	Twizzlers	1.0000	1.0000	1.0000	4	-1.0000	0.7057	0.3869	0.4072	0.0000	0.3869	0.1592	-1.0000	0.1201	0.1208	-0.0008	0.2131
98.0000	157.0000	Focus on Health	FrootLoops	2.0000	3.0000	2.0000	6	-1.0000	0.9252	0.1008	-0.0000	0.0000	0.1008	0.1254	-1.0000	0.0839	0.0839	-0.0000	0.2582
98.0000	158.0000	Focus on Health	RitzCrackers	4.0000	4.0000	1.0000	2	1.0000	0.9589	0.4374	-0.3587	0.0000	0.4374	0.2494	1.0000	0.1559	0.2052	-0.0493	0.5705
98.0000	159.0000	Focus on Health	Asparagus	4.0000	4.0000	5.0000	3	1.0000	0.8246	0.2020	-0.1965	1.0000	0.3534	0.2102	-1.0000	0.1177	0.1415	-0.0238	0.4036
98.0000	160.0000	Focus on Health	CheeseNips	6.0000	6.0000	2.0000	5	-1.0000	0.7909	0.2020	0.0543	1.0000	0.4881	0.1726	1.0000	0.2273	0.2273	-0.0000	0.4123
98.0000	161.0000	Respond Naturally	Tuna	4.0000	4.0000	3.0000	4	-1.0000	0.8076	0.2356	0.0333	1.0000	0.3534	0.2231	1.0000	0.1756	0.1756	-0.0000	0.5135
98.0000	162.0000	Respond Naturally	Pringles	6.0000	6.0000	1.0000	5	1.0000	0.7068	0.1347	-0.2178	0.0000	0.1347	0.1621	1.0000	0.2825	0.2825	-0.0000	0.5563
98.0000	163.0000	Respond Naturally	Starburst	5.0000	4.0000	1.0000	6	-1.0000	0.8245	0.1850	0.1227	0.0000	0.1850	0.1646	-1.0000	0.1357	0.1489	-0.0132	0.3823
98.0000	164.0000	Respond Naturally	EnglishCucumber	4.0000	4.0000	6.0000	2	1.0000	1.1431	0.3698	-0.2992	0.0000	0.3698	0.2311	1.0000	0.1323	0.1407	-0.0084	0.3819
98.0000	165.0000	Respond Naturally	Pringles	5.0000	4.0000	2.0000	2	1.0000	0.7230	0.2523	-0.0050	0.0000	0.2523	0.1743	1.0000	0.2291	0.2291	-0.0000	0.5125
98.0000	166.0000	Respond Naturally	IceCreamChocolate	4.0000	5.0000	1.0000	4	-1.0000	0.7230	0.3866	0.1470	0.0000	0.3866	0.2001	-1.0000	0.1129	0.1129	-0.0000	0.1829
98.0000	167.0000	Respond Naturally	SpeltCakes	5.0000	4.0000	4.0000	5	-1.0000	1.0760	0.1849	0.0028	1.0000	0.6893	0.3466	1.0000	0.5287	0.5287	-0.0000	1.2018
98.0000	168.0000	Respond Naturally	Cauliflower	5.0000	5.0000	6.0000	6	1.0000	1.1267	0.4706	-0.0396	0.0000	0.4706	0.1572	1.0000	0.1952	0.1952	-0.0000	0.3175
98.0000	169.0000	Respond Naturally	Nutella	2.0000	4.0000	3.0000	4	-1.0000	0.8568	0.4029	0.3093	0.0000	0.4029	0.1652	-1.0000	0.1075	0.1173	-0.0098	0.2430
98.0000	170.0000	Respond Naturally	AllBranCereal	3.0000	3.0000	4.0000	6	1.0000	1.3292	0.2016	0.1168	1.0000	0.6730	0.2580	-1.0000	0.4965	0.4965	-0.0000	1.2735
98.0000	171.0000	Focus on Health	ProMax	3.0000	3.0000	1.0000	4	-1.0000	0.6563	0.4207	0.4555	0.0000	0.4207	0.1730	-1.0000	0.1753	0.1753	-0.0000	0.3150
98.0000	172.0000	Focus on Health	FrozenBroccoli	4.0000	4.0000	5.0000	2	1.0000	0.7568	0.3029	0.1508	0.0000	0.3029	0.1710	1.0000	0.2814	0.2814	-0.0000	0.6388
98.0000	173.0000	Focus on Health	IceCreamVanilla	5.0000	4.0000	2.0000	4	-1.0000	0.9748	0.3196	0.4760	0.0000	0.3196	0.1894	-1.0000	0.0832	0.0930	-0.0098	0.3426
98.0000	174.0000	Focus on Health	SkimMilk	3.0000	1.0000	5.0000	1	-1.0000	0.9087	0.3366	0.2145	0.0000	0.3366	0.1382	-1.0000	0.1751	0.1751	-0.0000	0.4317
98.0000	175.0000	Focus on Health	Triscuit	6.0000	4.0000	4.0000	2	1.0000	1.3116	0.1345	-0.6355	2.0000	0.7906	0.1902	1.0000	0.4152	0.4152	-0.0000	1.0219
98.0000	176.0000	Focus on Health	AllBranCereal	4.0000	3.0000	5.0000	2	1.0000	1.1272	0.2692	-0.0337	2.0000	0.5552	0.0970	1.0000	0.2593	0.2593	-0.0000	0.5208
98.0000	177.0000	Focus on Health	DriedApricots	4.0000	4.0000	4.0000	2	1.0000	1.0097	0.1682	-0.4554	1.0000	0.4374	0.2913	-1.0000	0.3399	0.3399	-0.0000	0.8302
98.0000	178.0000	Focus on Health	BrusselsSprouts	5.0000	5.0000	5.0000	4	1.0000	0.7236	0.1683	-0.1607	0.0000	0.1683	0.1507	1.0000	0.1778	0.1778	-0.0000	0.3431
98.0000	179.0000	Focus on Health	SlimStyles	3.0000	4.0000	4.0000	2	1.0000	1.0431	0.1515	0.1481	0.0000	0.1515	0.1115	1.0000	0.2163	0.2163	-0.0000	0.3827
98.0000	180.0000	Focus on Health	ClamJuice	1.0000	1.0000	3.0000	1	-1.0000	1.0600	0.1515	0.1859	2.0000	0.6225	0.4550	-1.0000	0.5532	0.5532	-0.0000	1.5514
98.0000	181.0000	Respond Naturally	Starburst	4.0000	4.0000	1.0000	3	-1.0000	0.8077	0.3534	0.1486	0.0000	0.3534	0.1635	-1.0000	0.1978	0.1978	-0.0000	0.5061
98.0000	182.0000	Respond Naturally	OatmealSquares	2.0000	4.0000	4.0000	7	1.0000	0.9423	0.2693	-0.2350	0.0000	0.2693	0.1118	1.0000	0.2319	0.2319	-0.0000	0.4969
98.0000	183.0000	Respond Naturally	Broccoli	6.0000	6.0000	6.0000	4	1.0000	0.7067	0.2861	-0.2652	0.0000	0.2861	0.1717	1.0000	0.2684	0.2684	-0.0000	0.5228
98.0000	184.0000	Respond Naturally	RedPepper	4.0000	5.0000	6.0000	5	1.0000	0.9084	0.1346	-0.0355	1.0000	0.5049	0.2509	-1.0000	0.3171	0.3171	-0.0000	0.7983
98.0000	185.0000	Respond Naturally	BabyFoodCarrots	4.0000	4.0000	4.0000	3	1.0000	1.6475	0.1515	-0.1543	1.0000	0.5216	0.3235	-1.0000	0.1729	0.1771	-0.0041	0.6648
98.0000	186.0000	Respond Naturally	PCChipCookie	3.0000	3.0000	1.0000	2	-1.0000	0.6731	0.2356	0.1359	0.0000	0.2356	0.1214	-1.0000	0.2112	0.2112	-0.0000	0.3829
98.0000	187.0000	Respond Naturally	SkittlesSour	4.0000	4.0000	1.0000	6	-1.0000	1.0084	0.2686	0.2651	1.0000	0.4199	0.1527	1.0000	0.1630	0.1635	-0.0005	0.4839
98.0000	188.0000	Respond Naturally	SlicedTurkey	6.0000	6.0000	2.0000	5	1.0000	0.8420	0.2358	-0.2652	0.0000	0.2358	0.1185	1.0000	0.2666	0.2666	-0.0000	0.4809
98.0000	189.0000	Respond Naturally	OatmealSquares	3.0000	3.0000	4.0000	3	1.0000	0.8747	0.4035	-0.3718	1.0000	0.5212	0.2081	-1.0000	0.3832	0.3832	-0.0000	0.7337
98.0000	190.0000	Respond Naturally	PCChipCookie	3.0000	3.0000	2.0000	5	-1.0000	0.7568	0.3364	0.1256	1.0000	0.4541	0.1437	1.0000	0.1362	0.1362	-0.0000	0.2906
98.0000	191.0000	Focus on Health	Snickers	4.0000	4.0000	1.0000	2	-1.0000	0.6390	0.1007	-0.0000	1.0000	0.3699	0.2686	1.0000	0.3756	0.3756	-0.0000	0.7201
98.0000	192.0000	Focus on Health	CheeseNips	4.0000	4.0000	2.0000	2	-1.0000	1.0607	0.3374	0.0212	0.0000	0.3374	0.1484	-1.0000	0.1967	0.1967	-0.0000	0.5553
98.0000	193.0000	Focus on Health	Almonds	5.0000	6.0000	5.0000	4	1.0000	0.8744	0.4373	-0.1883	0.0000	0.4373	0.1275	1.0000	0.3301	0.3301	-0.0000	0.5607
98.0000	194.0000	Focus on Health	Reese	1.0000	1.0000	1.0000	1	-1.0000	0.6386	0.2521	0.1977	0.0000	0.2521	0.2277	-1.0000	0.2277	0.2277	-0.0000	0.4502
98.0000	195.0000	Focus on Health	PureFit	3.0000	2.0000	2.0000	2	-1.0000	0.7735	0.1008	-0.0000	1.0000	0.4036	0.2474	1.0000	0.3947	0.3947	-0.0000	0.7667
98.0000	196.0000	Focus on Health	Mentos	1.0000	1.0000	1.0000	5	-1.0000	0.8913	0.1007	0.2223	1.0000	0.4541	0.2757	1.0000	0.3641	0.3893	-0.0252	1.0165
98.0000	197.0000	Focus on Health	GreenPepper	6.0000	5.0000	5.0000	6	1.0000	0.7064	0.1679	-0.0923	0.0000	0.1679	0.1118	1.0000	0.1885	0.1885	-0.0000	0.3552
98.0000	198.0000	Focus on Health	KashiBars	3.0000	3.0000	3.0000	1	-1.0000	0.8411	0.4206	0.2854	0.0000	0.4206	0.1386	-1.0000	0.1490	0.1490	-0.0000	0.2748
98.0000	199.0000	Focus on Health	FrozenCorn	4.0000	4.0000	5.0000	2	1.0000	0.7907	0.1347	-0.4100	0.0000	0.1347	0.1379	1.0000	0.2086	0.2086	-0.0000	0.5094
98.0000	200.0000	Focus on Health	Fritos	6.0000	4.0000	1.0000	2	-1.0000	0.9592	0.3030	0.3998	0.0000	0.3030	0.1346	-1.0000	0.1081	0.1081	-0.0000	0.2304
