Subject	Trial	Instruction	Food	Liking	Taste	Health	Amount	Choice	ChoiceRT	FirstDevTimeChoice	InitAngleChoice	NumChangeMindChoice	FinalDevTimeChoice	MaxVelocityChoice	DrxFirstDevChoice	TotalAUCChoice	AUCtoNonChosenChoice	AUCtoChosenChoice	MaxDevChoice
84.0000	1.0000	Focus on Health	KashiBars	6.0000	5.0000	5.0000	1	1.0000	1.5803	0.1008	-0.1809	1.0000	0.9580	0.3421	-1.0000	0.5381	0.5381	-0.0000	1.1453
84.0000	2.0000	Focus on Health	Tuna	4.0000	3.0000	4.0000	2	-1.0000	1.3443	0.7055	-0.3297	0.0000	0.7055	0.2752	-1.0000	0.4788	0.4875	-0.0087	0.9362
84.0000	3.0000	Focus on Health	MnMPlain	3.0000	3.0000	1.0000	5	-1.0000	1.7307	1.1764	0.4071	0.0000	1.1764	0.3071	-1.0000	0.2275	0.2275	-0.0000	0.3182
84.0000	4.0000	Focus on Health	Cauliflower	3.0000	2.0000	6.0000	6	-1.0000	1.3775	0.9236	0.3229	0.0000	0.9236	0.3402	-1.0000	0.2723	0.2723	-0.0000	0.3590
84.0000	5.0000	Focus on Health	AllBranBar	5.0000	5.0000	5.0000	3	1.0000	1.7638	1.1083	-0.1642	0.0000	1.1083	0.3426	1.0000	0.7613	0.7613	-0.0000	1.1923
84.0000	6.0000	Focus on Health	Pringles	4.0000	4.0000	1.0000	2	1.0000	2.5862	1.9807	-0.2775	1.0000	2.1487	0.4852	-1.0000	0.6870	0.6911	-0.0041	1.2115
84.0000	7.0000	Focus on Health	EnglishCucumber	1.0000	2.0000	6.0000	5	-1.0000	1.0751	0.3858	0.1365	0.0000	0.3858	0.1252	-1.0000	0.1752	0.1752	-0.0000	0.2893
84.0000	8.0000	Focus on Health	RiceKrispiesCereal	4.0000	4.0000	4.0000	3	1.0000	1.5122	0.9745	-0.4586	0.0000	0.9745	0.2136	1.0000	0.5825	0.5839	-0.0013	0.8888
84.0000	9.0000	Focus on Health	OikosYogurt	5.0000	4.0000	4.0000	6	1.0000	2.4867	1.2430	-0.0299	2.0000	1.8985	0.2812	1.0000	0.4052	0.4055	-0.0003	1.1895
84.0000	10.0000	Focus on Health	CannedArtichoke	3.0000	2.0000	5.0000	5	-1.0000	1.3772	0.6550	-0.4444	0.0000	0.6550	0.2046	-1.0000	0.2600	0.2604	-0.0003	0.4785
84.0000	11.0000	Respond Naturally	Cheerios	5.0000	5.0000	4.0000	5	1.0000	2.4525	0.9067	0.2798	2.0000	1.8982	0.4441	1.0000	0.5371	0.5549	-0.0178	1.4809
84.0000	12.0000	Respond Naturally	Celery	3.0000	2.0000	6.0000	2	-1.0000	0.8903	0.5039	-0.1907	0.0000	0.5039	0.1905	-1.0000	0.4513	0.4513	-0.0000	0.7571
84.0000	13.0000	Respond Naturally	AllBranCereal	2.0000	2.0000	6.0000	6	-1.0000	1.2592	0.5034	-0.2007	0.0000	0.5034	0.2236	-1.0000	0.3078	0.3079	-0.0000	0.6199
84.0000	14.0000	Respond Naturally	Avocado	4.0000	4.0000	6.0000	5	-1.0000	1.2930	0.5377	-0.1711	0.0000	0.5377	0.2106	-1.0000	0.1972	0.1972	-0.0000	0.4677
84.0000	15.0000	Respond Naturally	Bananas	6.0000	5.0000	6.0000	3	1.0000	1.5966	0.4537	0.0296	1.0000	1.0755	0.3763	-1.0000	0.6469	0.6667	-0.0198	1.3267
84.0000	16.0000	Respond Naturally	RedPepper	1.0000	3.0000	6.0000	5	-1.0000	0.9912	0.3864	-0.1084	0.0000	0.3864	0.1312	-1.0000	0.2008	0.2008	-0.0000	0.3496
84.0000	17.0000	Respond Naturally	Bananas	6.0000	6.0000	6.0000	2	1.0000	1.0744	0.5037	0.5409	0.0000	0.5037	0.2410	1.0000	0.2160	0.2628	-0.0468	0.6072
84.0000	18.0000	Respond Naturally	Aero	5.0000	6.0000	1.0000	3	1.0000	1.2270	0.4369	0.2548	0.0000	0.4369	0.1828	1.0000	0.0624	0.1441	-0.0817	0.4159
84.0000	19.0000	Respond Naturally	OatmealSquares	5.0000	5.0000	5.0000	3	-1.0000	3.3264	0.3696	-1.0555	2.0000	2.7381	0.3893	-1.0000	0.3002	0.3299	-0.0298	1.3259
84.0000	20.0000	Respond Naturally	ClifBar	5.0000	6.0000	5.0000	4	1.0000	1.1423	0.5540	0.2349	0.0000	0.5540	0.2603	1.0000	0.2665	0.2982	-0.0317	0.5788
84.0000	21.0000	Focus on Health	WelchsFruitSnacks	4.0000	3.0000	1.0000	3	-1.0000	0.9237	0.5373	0.0487	0.0000	0.5373	0.1664	-1.0000	0.3600	0.3600	-0.0000	0.6259
84.0000	22.0000	Focus on Health	FrozenPeaches	4.0000	6.0000	6.0000	5	1.0000	1.3944	0.8566	-0.0847	0.0000	0.8566	0.2395	1.0000	0.3167	0.3317	-0.0149	0.5350
84.0000	23.0000	Focus on Health	GreenGrapes	5.0000	5.0000	6.0000	4	1.0000	1.3105	0.4534	0.2695	1.0000	0.6887	0.2753	-1.0000	0.4090	0.4090	-0.0000	1.0721
84.0000	24.0000	Focus on Health	BBQCrisps	2.0000	3.0000	2.0000	2	-1.0000	1.0412	0.4867	-0.1837	0.0000	0.4867	0.3616	-1.0000	0.2873	0.3078	-0.0206	0.6517
84.0000	25.0000	Focus on Health	Mackerel	3.0000	4.0000	3.0000	1	-1.0000	1.4110	0.8063	-0.0322	1.0000	1.0246	0.2931	1.0000	0.4092	0.4092	-0.0000	0.7775
84.0000	26.0000	Focus on Health	PureFit	6.0000	5.0000	4.0000	4	1.0000	1.2100	0.7224	0.0905	0.0000	0.7224	0.3282	1.0000	0.5270	0.5319	-0.0049	0.8369
84.0000	27.0000	Focus on Health	VanillaGreekYogurt	6.0000	5.0000	5.0000	2	1.0000	3.6297	0.4872	-0.1630	3.0000	2.8736	0.4272	-1.0000	0.9308	0.9308	-0.0000	1.5597
84.0000	28.0000	Focus on Health	Prunes	5.0000	2.0000	5.0000	5	-1.0000	1.0410	0.4867	0.1186	0.0000	0.4867	0.1836	-1.0000	0.2635	0.2635	-0.0000	0.5269
84.0000	29.0000	Focus on Health	YorkPeppermintPatties	6.0000	6.0000	3.0000	4	1.0000	1.2266	0.5038	0.1850	0.0000	0.5038	0.3101	1.0000	0.3799	0.4145	-0.0346	0.7401
84.0000	30.0000	Focus on Health	Triscuit	6.0000	3.0000	4.0000	5	-1.0000	1.4604	0.5201	0.1952	0.0000	0.5201	0.2210	-1.0000	0.1892	0.1892	-0.0000	0.5499
84.0000	31.0000	Respond Naturally	FrozenCorn	5.0000	5.0000	6.0000	2	-1.0000	1.0920	0.6215	0.0619	0.0000	0.6215	0.2473	-1.0000	0.2683	0.2784	-0.0101	0.4714
84.0000	32.0000	Respond Naturally	BabyFoodCarrots	3.0000	2.0000	4.0000	3	-1.0000	1.0083	0.1009	0.0267	1.0000	0.5714	0.2259	1.0000	0.3905	0.3905	-0.0000	0.7218
84.0000	33.0000	Respond Naturally	BabyFoodSweetPotatos	3.0000	2.0000	4.0000	2	-1.0000	0.8737	0.4536	0.1378	0.0000	0.4536	0.2277	-1.0000	0.2382	0.2382	-0.0000	0.4049
84.0000	34.0000	Respond Naturally	Triscuit	2.0000	5.0000	5.0000	2	-1.0000	0.9746	0.4537	0.2736	0.0000	0.4537	0.2227	-1.0000	0.3300	0.3300	-0.0000	0.6211
84.0000	35.0000	Respond Naturally	Broccoli	4.0000	4.0000	6.0000	4	-1.0000	1.0584	0.4031	-0.0000	0.0000	0.4031	0.2529	-1.0000	0.2625	0.2681	-0.0057	0.6014
84.0000	36.0000	Respond Naturally	MnMPeanuts	2.0000	4.0000	1.0000	2	-1.0000	1.1089	0.2186	-0.4122	0.0000	0.2186	0.1631	-1.0000	0.2429	0.2429	-0.0000	0.7395
84.0000	37.0000	Respond Naturally	FrozenPeaches	6.0000	6.0000	6.0000	2	1.0000	0.9579	0.5041	0.1102	0.0000	0.5041	0.1523	1.0000	0.3218	0.3218	-0.0000	0.5657
84.0000	38.0000	Respond Naturally	Avocado	5.0000	4.0000	6.0000	2	1.0000	1.2770	0.5377	0.0361	0.0000	0.5377	0.2795	1.0000	0.1963	0.2183	-0.0220	0.5027
84.0000	39.0000	Respond Naturally	RufflesSourCreamOnion	6.0000	4.0000	1.0000	5	-1.0000	1.0245	0.4030	-0.2825	0.0000	0.4030	0.3193	-1.0000	0.3365	0.3380	-0.0015	0.7843
84.0000	40.0000	Respond Naturally	RedPepper	2.0000	2.0000	6.0000	2	-1.0000	1.1757	0.5372	0.1595	0.0000	0.5372	0.1694	-1.0000	0.2744	0.2744	-0.0000	0.6013
84.0000	41.0000	Focus on Health	Doritos	6.0000	3.0000	1.0000	2	-1.0000	1.7141	0.3866	0.0057	2.0000	1.1932	0.2043	-1.0000	0.3310	0.3310	-0.0000	0.6102
84.0000	42.0000	Focus on Health	AppleChips	5.0000	5.0000	4.0000	5	1.0000	1.7302	0.5033	-0.1650	1.0000	0.8228	0.2152	-1.0000	0.6221	0.6457	-0.0236	1.2439
84.0000	43.0000	Focus on Health	FrozenBroccoli	3.0000	2.0000	6.0000	2	-1.0000	1.0421	0.3699	-0.4558	0.0000	0.3699	0.3227	-1.0000	0.1044	0.1551	-0.0506	0.3843
84.0000	44.0000	Focus on Health	Beets	2.0000	1.0000	6.0000	5	-1.0000	0.9071	0.4199	0.0479	0.0000	0.4199	0.2602	-1.0000	0.2515	0.2894	-0.0380	0.6227
84.0000	45.0000	Focus on Health	Butternut	3.0000	4.0000	6.0000	7	-1.0000	1.8981	0.8732	-0.0937	0.0000	0.8732	0.2359	-1.0000	0.3705	0.3705	-0.0000	0.6610
84.0000	46.0000	Focus on Health	FrozenPeas	2.0000	2.0000	6.0000	2	-1.0000	0.8562	0.1177	0.1711	1.0000	0.4696	0.2316	1.0000	0.4370	0.4370	-0.0000	0.7878
84.0000	47.0000	Focus on Health	Prunes	4.0000	2.0000	2.0000	2	-1.0000	0.9066	0.4537	0.0571	0.0000	0.4537	0.2527	-1.0000	0.4538	0.4538	-0.0000	0.8304
84.0000	48.0000	Focus on Health	VegetableThins	4.0000	3.0000	3.0000	5	-1.0000	0.8235	0.2690	-0.1340	0.0000	0.2690	0.2551	-1.0000	0.1350	0.1350	-0.0000	0.2800
84.0000	49.0000	Focus on Health	SkimMilk	3.0000	5.0000	6.0000	4	-1.0000	1.1597	0.6384	-0.0000	0.0000	0.6384	0.1712	-1.0000	0.2238	0.2335	-0.0097	0.4282
84.0000	50.0000	Focus on Health	RitzCrackers	3.0000	3.0000	3.0000	2	-1.0000	1.1591	0.6384	-0.0659	0.0000	0.6384	0.2303	-1.0000	0.3955	0.3955	-0.0000	0.7680
84.0000	51.0000	Respond Naturally	Almonds	2.0000	5.0000	6.0000	2	1.0000	2.3862	0.5879	0.3501	3.0000	1.7141	0.1712	-1.0000	0.6879	0.6879	-0.0000	1.3553
84.0000	52.0000	Respond Naturally	SevenGrain	6.0000	5.0000	5.0000	1	1.0000	2.5879	0.5212	0.2642	1.0000	0.8911	0.3216	-1.0000	0.5734	0.5734	-0.0000	1.6669
84.0000	53.0000	Respond Naturally	RomaineLettuce	2.0000	2.0000	6.0000	4	-1.0000	1.7986	0.3362	-0.0348	4.0000	1.3103	0.3334	-1.0000	0.3709	0.3709	-0.0000	1.1388
84.0000	54.0000	Respond Naturally	MnMPeanuts	4.0000	4.0000	1.0000	4	-1.0000	1.7297	1.1417	-0.0453	0.0000	1.1417	0.1910	-1.0000	0.6582	0.6582	-0.0000	0.9161
84.0000	55.0000	Respond Naturally	KashiBars	6.0000	5.0000	5.0000	4	1.0000	2.0167	0.1847	-0.0049	1.0000	0.4875	0.1265	-1.0000	0.3412	0.3653	-0.0241	0.9262
84.0000	56.0000	Respond Naturally	OatBran	4.0000	5.0000	5.0000	4	-1.0000	1.8990	0.6723	0.2895	0.0000	0.6723	0.1367	-1.0000	0.4182	0.4182	-0.0000	0.8650
84.0000	57.0000	Respond Naturally	Mars	5.0000	6.0000	2.0000	4	1.0000	1.1596	0.1174	-0.1271	0.0000	0.1174	0.1926	1.0000	0.3336	0.3336	-0.0000	0.6225
84.0000	58.0000	Respond Naturally	RiceKrispiesCereal	4.0000	4.0000	4.0000	7	-1.0000	2.3025	1.0923	0.3245	2.0000	1.6808	0.1712	-1.0000	0.5953	0.5953	-0.0000	1.1652
84.0000	59.0000	Respond Naturally	GreenBeans	2.0000	2.0000	6.0000	4	-1.0000	1.1264	0.1681	0.0964	1.0000	0.5548	0.1402	1.0000	0.3428	0.3428	-0.0000	0.7909
84.0000	60.0000	Respond Naturally	Skittles	3.0000	3.0000	1.0000	6	-1.0000	1.1258	0.1344	-0.1280	1.0000	0.5883	0.2003	1.0000	0.4016	0.4016	-0.0000	0.9114
84.0000	61.0000	Focus on Health	Celery	3.0000	2.0000	6.0000	4	-1.0000	2.5362	1.3102	-0.0986	0.0000	1.3102	0.1965	-1.0000	0.2544	0.2544	-0.0000	0.4118
84.0000	62.0000	Focus on Health	FrootLoops	3.0000	4.0000	1.0000	6	-1.0000	1.1086	0.3357	-0.4216	0.0000	0.3357	0.3426	-1.0000	0.1710	0.2199	-0.0489	0.5681
84.0000	63.0000	Focus on Health	DriedHerring	2.0000	2.0000	2.0000	3	-1.0000	1.0410	0.5040	-0.0058	0.0000	0.5040	0.3344	-1.0000	0.2799	0.2969	-0.0170	0.5938
84.0000	64.0000	Focus on Health	RomaineLettuce	2.0000	2.0000	6.0000	2	-1.0000	1.0252	0.4201	0.1229	0.0000	0.4201	0.3389	-1.0000	0.1098	0.2030	-0.0932	0.4940
84.0000	65.0000	Focus on Health	DriedApricots	6.0000	5.0000	5.0000	5	1.0000	1.1932	0.6890	-0.0626	0.0000	0.6890	0.1210	1.0000	0.3391	0.3391	-0.0000	0.5584
84.0000	66.0000	Focus on Health	Beets	1.0000	2.0000	6.0000	2	-1.0000	1.0078	0.4027	-0.0969	0.0000	0.4027	0.2788	-1.0000	0.1247	0.2142	-0.0895	0.4950
84.0000	67.0000	Focus on Health	FrozenBlueberries	5.0000	6.0000	6.0000	3	1.0000	1.7478	0.5543	0.0000	1.0000	0.8232	0.1729	-1.0000	0.4426	0.4435	-0.0009	1.1630
84.0000	68.0000	Focus on Health	Caramilk	5.0000	6.0000	1.0000	5	1.0000	1.2771	0.4872	0.0821	1.0000	0.7057	0.2531	-1.0000	0.4933	0.4937	-0.0004	1.1526
84.0000	69.0000	Focus on Health	BrusselsSprouts	2.0000	3.0000	6.0000	2	-1.0000	1.0419	0.2690	-0.0000	0.0000	0.2690	0.2184	-1.0000	0.2379	0.2379	-0.0000	0.5592
84.0000	70.0000	Focus on Health	CheeseNips	2.0000	2.0000	3.0000	2	-1.0000	1.0083	0.4033	0.1665	0.0000	0.4033	0.1451	-1.0000	0.2553	0.2555	-0.0002	0.6590
84.0000	71.0000	Respond Naturally	SlicedTurkey	5.0000	5.0000	4.0000	5	1.0000	1.5629	0.5711	-0.3109	0.0000	0.5711	0.1197	1.0000	0.3905	0.3911	-0.0006	0.5970
84.0000	72.0000	Respond Naturally	Nutella	6.0000	6.0000	1.0000	1	1.0000	1.3449	0.2521	-0.0638	0.0000	0.2521	0.1685	1.0000	0.1241	0.1458	-0.0217	0.4014
84.0000	73.0000	Respond Naturally	CoffeeCrisp	6.0000	6.0000	1.0000	1	1.0000	1.0760	0.3699	0.1733	0.0000	0.3699	0.1424	1.0000	0.1979	0.2128	-0.0149	0.5035
84.0000	74.0000	Respond Naturally	WaterChestnuts	3.0000	6.0000	5.0000	3	-1.0000	1.3766	0.5542	-0.2341	0.0000	0.5542	0.2301	-1.0000	0.2896	0.2896	-0.0000	0.6692
84.0000	75.0000	Respond Naturally	SpeltCakes	3.0000	5.0000	4.0000	5	-1.0000	1.7954	0.5869	-0.0000	1.0000	0.8889	0.1446	1.0000	0.4526	0.4526	-0.0000	1.0006
84.0000	76.0000	Respond Naturally	NatureValleyChocolate	5.0000	6.0000	5.0000	1	1.0000	1.1075	0.4696	0.1844	1.0000	0.7213	0.1803	-1.0000	0.5722	0.5722	-0.0000	0.8865
84.0000	77.0000	Respond Naturally	OatBran	5.0000	4.0000	5.0000	2	-1.0000	1.2917	0.6874	0.1371	0.0000	0.6874	0.1711	-1.0000	0.3337	0.3337	-0.0000	0.5511
84.0000	78.0000	Respond Naturally	Nutella	6.0000	6.0000	1.0000	4	1.0000	1.2738	0.7871	-0.0189	0.0000	0.7871	0.2270	1.0000	0.3121	0.3547	-0.0425	0.5779
84.0000	79.0000	Respond Naturally	Mentos	3.0000	3.0000	1.0000	2	-1.0000	1.0735	0.5532	0.1393	0.0000	0.5532	0.1934	-1.0000	0.3574	0.3574	-0.0000	0.6750
84.0000	80.0000	Respond Naturally	FrozenOkra	2.0000	2.0000	6.0000	5	-1.0000	1.3088	0.2181	0.6151	1.0000	0.4528	0.0962	1.0000	0.2778	0.2778	-0.0000	0.8076
84.0000	81.0000	Respond Naturally	PopTartStrawberry	4.0000	4.0000	1.0000	2	1.0000	1.4098	0.4360	0.0741	1.0000	0.6879	0.2165	-1.0000	0.2653	0.2945	-0.0292	0.5194
84.0000	82.0000	Respond Naturally	GreenPepper	1.0000	2.0000	6.0000	2	-1.0000	0.8899	0.3693	0.1323	0.0000	0.3693	0.2532	-1.0000	0.1882	0.2105	-0.0223	0.4164
84.0000	83.0000	Respond Naturally	Twizzlers	2.0000	1.0000	1.0000	4	-1.0000	1.0238	0.4364	-0.0000	0.0000	0.4364	0.2408	-1.0000	0.2104	0.2105	-0.0000	0.4207
84.0000	84.0000	Respond Naturally	Fritos	2.0000	2.0000	3.0000	5	-1.0000	1.1571	0.5364	-0.0939	0.0000	0.5364	0.2755	-1.0000	0.2725	0.3013	-0.0288	0.6059
84.0000	85.0000	Respond Naturally	CannedArtichoke	2.0000	2.0000	5.0000	2	-1.0000	0.8217	0.2348	-0.0000	0.0000	0.2348	0.2509	-1.0000	0.4910	0.4910	-0.0000	0.9343
84.0000	86.0000	Respond Naturally	CoffeeCrisp	6.0000	6.0000	1.0000	3	1.0000	0.8893	0.5034	-0.0028	0.0000	0.5034	0.1707	1.0000	0.4057	0.4057	-0.0000	0.7253
84.0000	87.0000	Respond Naturally	LaysClassic	2.0000	4.0000	1.0000	3	-1.0000	1.0577	0.2016	0.4467	1.0000	0.4535	0.1898	1.0000	0.2521	0.2521	-0.0000	0.7003
84.0000	88.0000	Respond Naturally	Asparagus	3.0000	3.0000	6.0000	6	-1.0000	1.5609	0.2515	-0.1724	0.0000	0.2515	0.1112	-1.0000	0.3595	0.3595	-0.0000	0.6639
84.0000	89.0000	Respond Naturally	Strawberries	6.0000	6.0000	6.0000	3	1.0000	1.4094	0.3355	0.1088	1.0000	0.6882	0.2181	-1.0000	0.4692	0.4718	-0.0025	1.1667
84.0000	90.0000	Respond Naturally	Caramilk	6.0000	4.0000	1.0000	2	1.0000	1.5596	0.3187	0.1053	0.0000	0.3187	0.1376	1.0000	0.3708	0.3708	-0.0000	0.6137
84.0000	91.0000	Focus on Health	Reese	4.0000	5.0000	1.0000	4	1.0000	1.2919	0.3354	0.0708	0.0000	0.3354	0.2480	1.0000	0.1602	0.1776	-0.0174	0.4791
84.0000	92.0000	Focus on Health	Broccoli	4.0000	3.0000	6.0000	1	-1.0000	1.1079	0.1679	-0.0249	0.0000	0.1679	0.2575	-1.0000	0.1225	0.1228	-0.0003	0.5966
84.0000	93.0000	Focus on Health	Onion	4.0000	2.0000	6.0000	4	-1.0000	0.8891	0.3017	-0.3732	0.0000	0.3017	0.2947	-1.0000	0.3134	0.3295	-0.0161	0.7543
84.0000	94.0000	Focus on Health	AlmondMilk	5.0000	4.0000	6.0000	2	-1.0000	1.2745	0.6705	-0.3831	0.0000	0.6705	0.2261	-1.0000	0.4500	0.4500	-0.0000	0.7508
84.0000	95.0000	Focus on Health	MangoChunks	5.0000	6.0000	6.0000	2	1.0000	1.0925	0.5041	0.0895	0.0000	0.5041	0.2617	1.0000	0.5367	0.5367	-0.0000	0.9542
84.0000	96.0000	Focus on Health	ProMax	6.0000	5.0000	5.0000	2	1.0000	1.0590	0.3866	-0.0616	0.0000	0.3866	0.1488	1.0000	0.2717	0.2924	-0.0207	0.6437
84.0000	97.0000	Focus on Health	SlicedTurkey	6.0000	4.0000	5.0000	2	1.0000	1.1422	0.6718	-0.1262	0.0000	0.6718	0.3778	1.0000	0.5143	0.5143	-0.0000	0.8571
84.0000	98.0000	Focus on Health	IceCreamVanilla	6.0000	6.0000	6.0000	4	1.0000	1.1254	0.1006	-0.1296	0.0000	0.1006	0.1603	1.0000	0.2660	0.2661	-0.0001	0.4587
84.0000	99.0000	Focus on Health	Almonds	5.0000	4.0000	5.0000	4	1.0000	1.7475	1.0753	0.3959	0.0000	1.0753	0.1953	1.0000	0.4676	0.4676	-0.0000	0.6856
84.0000	100.0000	Focus on Health	TofuDessert	3.0000	2.0000	3.0000	4	-1.0000	1.3778	0.1512	-0.3465	0.0000	0.1512	0.1717	-1.0000	0.4003	0.4003	-0.0000	0.6948
84.0000	101.0000	Focus on Health	AlmondMilk	5.0000	4.0000	6.0000	4	-1.0000	0.9079	0.3196	0.0304	0.0000	0.3196	0.1871	-1.0000	0.1521	0.1691	-0.0170	0.4262
84.0000	102.0000	Focus on Health	SlimStyles	6.0000	5.0000	5.0000	6	-1.0000	1.3780	0.1008	-0.0040	1.0000	0.8567	0.2431	1.0000	0.3960	0.3960	-0.0000	0.6110
84.0000	103.0000	Focus on Health	BBQCrisps	3.0000	3.0000	3.0000	6	-1.0000	1.2608	0.3364	0.1446	0.0000	0.3364	0.0817	-1.0000	0.3269	0.3269	-0.0000	0.5935
84.0000	104.0000	Focus on Health	BrusselsSprouts	2.0000	2.0000	6.0000	4	-1.0000	1.0250	0.4873	-0.0000	0.0000	0.4873	0.1872	-1.0000	0.3183	0.3267	-0.0084	0.6564
84.0000	105.0000	Focus on Health	CheeseNips	3.0000	3.0000	2.0000	5	-1.0000	0.9743	0.4031	0.0271	0.0000	0.4031	0.2263	-1.0000	0.3287	0.3350	-0.0063	0.7675
84.0000	106.0000	Focus on Health	Strawberries	6.0000	6.0000	6.0000	2	1.0000	1.1257	0.3865	0.0865	0.0000	0.3865	0.1287	1.0000	0.2379	0.2401	-0.0022	0.5186
84.0000	107.0000	Focus on Health	DriedHerring	3.0000	2.0000	3.0000	1	-1.0000	1.0082	0.4367	0.0068	0.0000	0.4367	0.1479	-1.0000	0.2653	0.2661	-0.0008	0.6167
84.0000	108.0000	Focus on Health	Shreddies	2.0000	4.0000	5.0000	2	-1.0000	1.1255	0.3526	-0.0985	0.0000	0.3526	0.1669	-1.0000	0.2983	0.2983	-0.0000	0.7363
84.0000	109.0000	Focus on Health	IceCreamChocolate	5.0000	6.0000	1.0000	4	1.0000	1.4278	0.5210	0.1034	0.0000	0.5210	0.1112	1.0000	0.2192	0.2192	-0.0000	0.6341
84.0000	110.0000	Focus on Health	GreenPepper	1.0000	2.0000	6.0000	6	-1.0000	1.1094	0.2354	0.0831	0.0000	0.2354	0.1575	-1.0000	0.2360	0.2360	-0.0000	0.6049
84.0000	111.0000	Respond Naturally	FrozenCorn	3.0000	4.0000	6.0000	4	-1.0000	1.0930	0.3195	-0.0000	0.0000	0.3195	0.1260	-1.0000	0.2652	0.2652	-0.0000	0.6058
84.0000	112.0000	Respond Naturally	Reese	4.0000	4.0000	1.0000	1	1.0000	1.3780	0.3193	-0.0842	1.0000	0.5042	0.3008	-1.0000	0.3857	0.4132	-0.0275	1.3082
84.0000	113.0000	Respond Naturally	Shreddies	2.0000	4.0000	4.0000	5	-1.0000	1.0581	0.4363	-0.0558	0.0000	0.4363	0.3207	-1.0000	0.3786	0.4363	-0.0577	0.9815
84.0000	114.0000	Respond Naturally	Cauliflower	2.0000	4.0000	6.0000	2	-1.0000	1.4781	0.4032	-0.0087	0.0000	0.4032	0.1725	-1.0000	0.2085	0.2085	-0.0000	0.6337
84.0000	115.0000	Respond Naturally	SunChips	3.0000	3.0000	1.0000	2	-1.0000	1.1592	0.6382	-0.0129	0.0000	0.6382	0.2329	-1.0000	0.4267	0.4267	-0.0000	0.7094
84.0000	116.0000	Respond Naturally	RaisinBran	6.0000	5.0000	5.0000	7	-1.0000	2.4014	1.0238	0.0507	0.0000	1.0238	0.2103	-1.0000	0.3232	0.3251	-0.0019	0.7063
84.0000	117.0000	Respond Naturally	GreenApple	6.0000	6.0000	6.0000	4	1.0000	1.1258	0.5372	-0.1280	0.0000	0.5372	0.2606	1.0000	0.6335	0.6335	-0.0000	1.0437
84.0000	118.0000	Respond Naturally	SkittlesSour	2.0000	3.0000	1.0000	3	-1.0000	0.8401	0.4705	-0.1435	0.0000	0.4705	0.3118	-1.0000	0.4153	0.4158	-0.0005	0.7995
84.0000	119.0000	Respond Naturally	Spinach	2.0000	2.0000	6.0000	2	-1.0000	1.2768	0.7391	-0.1861	0.0000	0.7391	0.2794	-1.0000	0.3448	0.3780	-0.0332	0.7733
84.0000	120.0000	Respond Naturally	Mackerel	5.0000	4.0000	3.0000	3	-1.0000	1.0254	0.2185	0.1217	0.0000	0.2185	0.1868	-1.0000	0.2807	0.2807	-0.0000	0.5939
84.0000	121.0000	Respond Naturally	Orange	6.0000	5.0000	6.0000	5	1.0000	0.9748	0.1009	0.1385	0.0000	0.1009	0.1667	1.0000	0.2639	0.2639	-0.0000	0.5590
84.0000	122.0000	Respond Naturally	OikosYogurt	5.0000	5.0000	4.0000	3	1.0000	1.5461	0.4028	0.2601	1.0000	0.7895	0.2332	-1.0000	0.6411	0.6425	-0.0013	1.5591
84.0000	123.0000	Respond Naturally	AppleChips	6.0000	5.0000	5.0000	2	1.0000	1.1258	0.5374	-0.1506	0.0000	0.5374	0.3064	1.0000	0.6120	0.6120	-0.0000	0.9932
84.0000	124.0000	Respond Naturally	TofuDessert	2.0000	2.0000	5.0000	2	-1.0000	1.7630	0.8894	0.0767	0.0000	0.8894	0.2609	-1.0000	0.3234	0.3284	-0.0050	0.6437
84.0000	125.0000	Respond Naturally	HoneyNutCheerios	4.0000	5.0000	5.0000	2	1.0000	1.8806	0.1174	-0.0829	0.0000	0.1174	0.1268	1.0000	0.1545	0.1559	-0.0015	0.5276
84.0000	126.0000	Respond Naturally	IceCreamVanilla	5.0000	6.0000	1.0000	1	1.0000	1.1426	0.1174	0.4909	0.0000	0.1174	0.0947	1.0000	0.2165	0.2165	-0.0000	0.4062
84.0000	127.0000	Respond Naturally	FrozenPeas	3.0000	2.0000	6.0000	6	-1.0000	0.8065	0.3696	0.0054	0.0000	0.3696	0.1428	-1.0000	0.2064	0.2064	-0.0000	0.4505
84.0000	128.0000	Respond Naturally	FrozenOkra	3.0000	4.0000	6.0000	2	-1.0000	0.9404	0.2687	-0.1055	0.0000	0.2687	0.1085	-1.0000	0.2103	0.2103	-0.0000	0.4288
84.0000	129.0000	Respond Naturally	Raspberries	6.0000	6.0000	6.0000	4	1.0000	0.9747	0.2185	0.0703	1.0000	0.5379	0.2088	-1.0000	0.3995	0.3995	-0.0000	0.9936
84.0000	130.0000	Respond Naturally	ClamJuice	3.0000	2.0000	4.0000	3	-1.0000	1.0756	0.1513	0.0956	1.0000	0.5882	0.3286	1.0000	0.3720	0.4181	-0.0461	1.0093
84.0000	131.0000	Focus on Health	AllBranCereal	4.0000	4.0000	6.0000	2	-1.0000	1.7816	0.1514	0.0022	2.0000	0.6723	0.1199	-1.0000	0.1587	0.1587	-0.0000	0.4181
84.0000	132.0000	Focus on Health	PureFit	6.0000	5.0000	5.0000	2	1.0000	1.8489	0.2184	0.0966	0.0000	0.2184	0.0589	1.0000	0.0622	0.0622	-0.0000	0.2086
84.0000	133.0000	Focus on Health	PCChipCookie	5.0000	6.0000	1.0000	5	1.0000	1.3454	0.5211	0.0831	2.0000	0.9252	0.2881	1.0000	0.4606	0.4606	-0.0000	0.9161
84.0000	134.0000	Focus on Health	Doritos	3.0000	3.0000	1.0000	5	-1.0000	1.1086	0.5708	-0.1214	0.0000	0.5708	0.1742	-1.0000	0.4422	0.4422	-0.0000	0.7177
84.0000	135.0000	Focus on Health	ClamJuice	2.0000	2.0000	4.0000	1	-1.0000	0.8228	0.3525	-0.0961	0.0000	0.3525	0.2401	-1.0000	0.1364	0.1414	-0.0049	0.2942
84.0000	136.0000	Focus on Health	Spinach	2.0000	2.0000	6.0000	4	-1.0000	0.8904	0.4702	0.0944	0.0000	0.4702	0.2708	-1.0000	0.1827	0.1909	-0.0082	0.3461
84.0000	137.0000	Focus on Health	ProMax	6.0000	6.0000	5.0000	4	1.0000	1.1248	0.5534	0.0675	0.0000	0.5534	0.2428	1.0000	0.2192	0.2434	-0.0242	0.4906
84.0000	138.0000	Focus on Health	VegetableThins	2.0000	3.0000	3.0000	2	-1.0000	0.8567	0.3525	-0.1547	0.0000	0.3525	0.1855	-1.0000	0.3027	0.3027	-0.0000	0.5436
84.0000	139.0000	Focus on Health	GreenApple	6.0000	5.0000	6.0000	2	1.0000	0.9409	0.4534	0.0595	0.0000	0.4534	0.1904	1.0000	0.2930	0.2940	-0.0010	0.5732
84.0000	140.0000	Focus on Health	Butternut	3.0000	3.0000	5.0000	3	-1.0000	1.5467	0.4876	-0.0041	2.0000	0.9247	0.1636	-1.0000	0.3038	0.3038	-0.0000	0.5646
84.0000	141.0000	Respond Naturally	WaterChestnuts	2.0000	2.0000	5.0000	5	-1.0000	2.0005	0.2522	0.1557	1.0000	1.4288	0.2989	1.0000	0.4680	0.4680	-0.0000	1.3284
84.0000	142.0000	Respond Naturally	RaisinBran	6.0000	5.0000	5.0000	3	-1.0000	2.3172	0.7052	-0.0403	0.0000	0.7052	0.2561	-1.0000	0.2131	0.2150	-0.0019	0.6634
84.0000	143.0000	Respond Naturally	Twizzlers	2.0000	2.0000	1.0000	2	-1.0000	0.8572	0.4035	-0.6140	0.0000	0.4035	0.2044	-1.0000	0.2116	0.2116	-0.0000	0.4229
84.0000	144.0000	Respond Naturally	FrootLoops	3.0000	3.0000	1.0000	2	-1.0000	0.8227	0.4026	0.1914	0.0000	0.4026	0.2267	-1.0000	0.4492	0.4517	-0.0026	0.8570
84.0000	145.0000	Respond Naturally	Tempeh	2.0000	2.0000	3.0000	2	-1.0000	0.9579	0.5549	-0.0342	0.0000	0.5549	0.2298	-1.0000	0.3661	0.3663	-0.0002	0.6472
84.0000	146.0000	Respond Naturally	VanillaGreekYogurt	5.0000	5.0000	5.0000	4	1.0000	2.1005	0.3026	0.0232	3.0000	1.8652	0.3108	-1.0000	0.7510	0.7510	-0.0000	1.2359
84.0000	147.0000	Respond Naturally	EnglishCucumber	1.0000	2.0000	6.0000	2	-1.0000	0.7894	0.3862	-0.0168	0.0000	0.3862	0.2124	-1.0000	0.3473	0.3473	-0.0000	0.6644
84.0000	148.0000	Respond Naturally	ClifBar	6.0000	5.0000	5.0000	2	1.0000	1.1256	0.3530	0.0362	1.0000	0.5204	0.2471	-1.0000	0.4525	0.4525	-0.0000	1.0101
84.0000	149.0000	Respond Naturally	RufflesSourCreamOnion	5.0000	4.0000	1.0000	3	-1.0000	1.0751	0.5203	-0.3308	0.0000	0.5203	0.1530	-1.0000	0.4180	0.4180	-0.0000	0.7562
84.0000	150.0000	Respond Naturally	Raspberries	5.0000	6.0000	6.0000	5	1.0000	1.2604	0.1681	-0.1367	2.0000	0.5716	0.2413	1.0000	0.4452	0.4452	-0.0000	1.2478
84.0000	151.0000	Focus on Health	OatmealSquares	3.0000	5.0000	5.0000	7	-1.0000	1.3442	0.2015	0.0622	1.0000	0.3695	0.1988	1.0000	0.1692	0.1692	-0.0000	0.6126
84.0000	152.0000	Focus on Health	Smartfood	5.0000	4.0000	3.0000	4	-1.0000	1.8813	0.6720	0.0094	0.0000	0.6720	0.1978	-1.0000	0.2310	0.2310	-0.0000	0.5864
84.0000	153.0000	Focus on Health	SkittlesSour	3.0000	3.0000	1.0000	6	-1.0000	0.8571	0.3194	-0.1133	0.0000	0.3194	0.1698	-1.0000	0.2787	0.2787	-0.0000	0.4921
84.0000	154.0000	Focus on Health	CornFlakes	6.0000	5.0000	5.0000	6	-1.0000	2.1850	0.4539	0.0773	2.0000	1.1265	0.3823	-1.0000	0.6702	0.6769	-0.0067	1.7032
84.0000	155.0000	Focus on Health	PCChipCookie	5.0000	6.0000	1.0000	2	1.0000	1.3442	0.5375	0.0262	0.0000	0.5375	0.1067	1.0000	0.1568	0.1568	-0.0000	0.2938
84.0000	156.0000	Focus on Health	Snickers	4.0000	6.0000	1.0000	2	1.0000	1.2104	0.1175	-0.5019	1.0000	0.5716	0.2137	-1.0000	0.3829	0.3830	-0.0001	0.9104
84.0000	157.0000	Focus on Health	Tempeh	2.0000	3.0000	3.0000	4	-1.0000	1.2433	0.4702	-0.0270	0.0000	0.4702	0.1362	-1.0000	0.1550	0.1754	-0.0204	0.3213
84.0000	158.0000	Focus on Health	Cheetos	4.0000	4.0000	1.0000	3	-1.0000	1.0081	0.4872	-0.0438	0.0000	0.4872	0.1908	-1.0000	0.2642	0.2642	-0.0000	0.4840
84.0000	159.0000	Focus on Health	Smarties	3.0000	4.0000	1.0000	2	-1.0000	1.3447	0.3698	-0.1648	0.0000	0.3698	0.2101	-1.0000	0.1213	0.1416	-0.0203	0.4124
84.0000	160.0000	Focus on Health	DriedApricots	5.0000	5.0000	5.0000	2	1.0000	1.2270	0.3361	-0.0079	1.0000	0.6891	0.3856	-1.0000	0.5749	0.5763	-0.0014	1.2900
84.0000	161.0000	Focus on Health	Aero	6.0000	6.0000	1.0000	1	1.0000	1.0925	0.3697	0.2626	1.0000	0.5210	0.2252	-1.0000	0.2557	0.2557	-0.0000	0.6442
84.0000	162.0000	Focus on Health	SunChips	2.0000	3.0000	2.0000	4	-1.0000	0.9576	0.4030	0.0102	0.0000	0.4030	0.3813	-1.0000	0.3053	0.3249	-0.0196	0.6736
84.0000	163.0000	Focus on Health	FrozenBroccoli	3.0000	3.0000	6.0000	6	-1.0000	1.1082	0.1512	0.7969	1.0000	0.3689	0.1930	1.0000	0.1224	0.1231	-0.0006	0.4510
84.0000	164.0000	Focus on Health	SpeltCakes	5.0000	4.0000	5.0000	2	1.0000	2.3513	1.3101	-0.0131	1.0000	1.7301	0.3236	-1.0000	0.5640	0.5670	-0.0030	1.0829
84.0000	165.0000	Focus on Health	MangoChunks	6.0000	6.0000	6.0000	5	1.0000	0.9246	0.3362	0.1094	0.0000	0.3362	0.1629	1.0000	0.0436	0.0670	-0.0234	0.1962
84.0000	166.0000	Focus on Health	RitzCrackers	2.0000	3.0000	3.0000	5	-1.0000	0.9747	0.3694	-0.0000	1.0000	0.4871	0.1353	1.0000	0.0680	0.0680	-0.0000	0.3301
84.0000	167.0000	Focus on Health	Orange	6.0000	6.0000	6.0000	1	1.0000	0.9074	0.3864	-0.0178	0.0000	0.3864	0.1925	1.0000	0.3501	0.3506	-0.0005	0.8047
84.0000	168.0000	Focus on Health	GreenBeans	3.0000	2.0000	6.0000	2	-1.0000	1.1425	0.5042	-0.1111	0.0000	0.5042	0.1180	-1.0000	0.1908	0.1915	-0.0007	0.3833
84.0000	169.0000	Focus on Health	BabyFoodCarrots	3.0000	1.0000	5.0000	5	-1.0000	1.0076	0.4364	-0.0430	0.0000	0.4364	0.1138	-1.0000	0.2091	0.2091	-0.0000	0.3695
84.0000	170.0000	Focus on Health	HoneyNutCheerios	5.0000	5.0000	4.0000	5	-1.0000	1.6301	0.4538	0.1597	0.0000	0.4538	0.1586	-1.0000	0.3722	0.3722	-0.0000	0.6383
84.0000	171.0000	Respond Naturally	FrozenBlueberries	5.0000	5.0000	6.0000	1	1.0000	1.1764	0.5547	-0.0389	0.0000	0.5547	0.3285	1.0000	0.2401	0.2709	-0.0309	0.5409
84.0000	172.0000	Respond Naturally	GreenGrapes	4.0000	6.0000	6.0000	1	1.0000	0.8742	0.4539	0.1149	0.0000	0.4539	0.1518	1.0000	0.2646	0.2646	-0.0000	0.5002
84.0000	173.0000	Respond Naturally	Skittles	2.0000	3.0000	1.0000	3	-1.0000	1.2261	0.6885	-0.2881	0.0000	0.6885	0.1793	-1.0000	0.5165	0.5165	-0.0000	0.8632
84.0000	174.0000	Respond Naturally	AllBranBar	5.0000	5.0000	5.0000	1	1.0000	1.1426	0.4368	-0.0096	1.0000	0.5881	0.2734	-1.0000	0.5838	0.5838	-0.0000	1.3199
84.0000	175.0000	Respond Naturally	Pringles	4.0000	3.0000	1.0000	5	-1.0000	4.2646	0.4698	-0.1329	0.0000	0.4698	0.4487	-1.0000	0.0821	0.0918	-0.0097	0.8477
84.0000	176.0000	Respond Naturally	Mars	6.0000	5.0000	1.0000	2	1.0000	0.9743	0.6718	0.0363	0.0000	0.6718	0.2393	1.0000	0.5647	0.5647	-0.0000	0.8176
84.0000	177.0000	Respond Naturally	IceCreamChocolate	6.0000	6.0000	6.0000	1	1.0000	1.1091	0.1009	0.0000	0.0000	0.1009	0.1364	1.0000	0.1276	0.1276	-0.0000	0.4338
84.0000	178.0000	Respond Naturally	Mentos	2.0000	3.0000	1.0000	5	-1.0000	0.9578	0.1847	-0.4246	1.0000	0.5209	0.2093	1.0000	0.3883	0.3883	-0.0000	1.0219
84.0000	179.0000	Respond Naturally	CornFlakes	6.0000	5.0000	5.0000	3	-1.0000	0.8739	0.2353	-0.0808	0.0000	0.2353	0.1471	-1.0000	0.1244	0.1244	-0.0000	0.2759
84.0000	180.0000	Respond Naturally	Onion	3.0000	2.0000	6.0000	2	-1.0000	0.9412	0.1175	0.2633	1.0000	0.3191	0.1422	1.0000	0.2480	0.2480	-0.0000	0.6178
84.0000	181.0000	Respond Naturally	SkimMilk	5.0000	5.0000	6.0000	1	-1.0000	1.2432	0.2518	-0.2209	0.0000	0.2518	0.1161	-1.0000	0.2240	0.2240	-0.0000	0.4961
84.0000	182.0000	Respond Naturally	PopTartStrawberry	4.0000	4.0000	1.0000	5	1.0000	1.7308	0.2185	0.2313	1.0000	1.1593	0.3203	-1.0000	0.7063	0.7063	-0.0000	1.2307
84.0000	183.0000	Respond Naturally	SlimStyles	6.0000	4.0000	4.0000	2	-1.0000	1.0251	0.4873	0.0447	0.0000	0.4873	0.1379	-1.0000	0.2895	0.2895	-0.0000	0.4818
84.0000	184.0000	Respond Naturally	Smarties	2.0000	2.0000	1.0000	5	-1.0000	0.8401	0.4366	-0.2228	0.0000	0.4366	0.2784	-1.0000	0.3753	0.3753	-0.0000	0.7309
84.0000	185.0000	Respond Naturally	SevenGrain	3.0000	5.0000	5.0000	3	-1.0000	1.6297	0.8566	0.0136	0.0000	0.8566	0.1602	-1.0000	0.5238	0.5238	-0.0001	0.9446
84.0000	186.0000	Respond Naturally	Smartfood	3.0000	4.0000	3.0000	2	-1.0000	1.3276	0.7898	-0.1564	0.0000	0.7898	0.1507	-1.0000	0.3816	0.3906	-0.0091	0.7374
84.0000	187.0000	Respond Naturally	Asparagus	3.0000	4.0000	6.0000	3	-1.0000	0.9913	0.5544	-0.1641	0.0000	0.5544	0.3218	-1.0000	0.4750	0.4750	-0.0000	0.9251
84.0000	188.0000	Respond Naturally	Snickers	5.0000	5.0000	1.0000	3	1.0000	0.9579	0.1009	0.0373	0.0000	0.1009	0.1428	1.0000	0.3808	0.3808	-0.0000	0.6899
84.0000	189.0000	Respond Naturally	MnMPlain	2.0000	3.0000	1.0000	3	-1.0000	1.2102	0.1513	-0.1442	1.0000	0.5715	0.1413	1.0000	0.3361	0.3361	-0.0000	0.8063
84.0000	190.0000	Respond Naturally	LaysClassic	2.0000	3.0000	1.0000	4	-1.0000	1.1932	0.5211	-0.3780	0.0000	0.5211	0.1533	-1.0000	0.3349	0.3349	-0.0000	0.7962
84.0000	191.0000	Focus on Health	Cheetos	3.0000	3.0000	1.0000	6	-1.0000	1.0586	0.3699	-0.0945	0.0000	0.3699	0.1760	-1.0000	0.3077	0.3084	-0.0007	0.7194
84.0000	192.0000	Focus on Health	Fritos	2.0000	2.0000	1.0000	2	-1.0000	0.9576	0.5208	0.2706	0.0000	0.5208	0.2361	-1.0000	0.3553	0.3553	-0.0000	0.6041
84.0000	193.0000	Focus on Health	BabyFoodSweetPotatos	2.0000	2.0000	5.0000	5	-1.0000	0.8738	0.4032	-0.1682	0.0000	0.4032	0.3128	-1.0000	0.3712	0.3712	-0.0000	0.7400
84.0000	194.0000	Focus on Health	NatureValleyChocolate	6.0000	6.0000	5.0000	4	1.0000	0.9413	0.4538	0.2160	0.0000	0.4538	0.1557	1.0000	0.2738	0.2739	-0.0001	0.4951
84.0000	195.0000	Focus on Health	WelchsFruitSnacks	3.0000	3.0000	1.0000	1	-1.0000	0.8063	0.4195	-0.0640	0.0000	0.4195	0.2106	-1.0000	0.3369	0.3370	-0.0001	0.6214
84.0000	196.0000	Focus on Health	Starburst	3.0000	3.0000	1.0000	3	-1.0000	0.8394	0.3689	0.2046	0.0000	0.3689	0.1955	-1.0000	0.3677	0.3677	-0.0000	0.7128
84.0000	197.0000	Focus on Health	Cheerios	3.0000	4.0000	5.0000	2	-1.0000	0.8393	0.3188	-0.2003	0.0000	0.3188	0.3350	-1.0000	0.3485	0.3485	-0.0000	0.7560
84.0000	198.0000	Focus on Health	Tuna	3.0000	2.0000	4.0000	4	-1.0000	0.7222	0.3192	-0.1398	0.0000	0.3192	0.2218	-1.0000	0.3843	0.3843	-0.0000	0.8024
84.0000	199.0000	Focus on Health	YorkPeppermintPatties	6.0000	6.0000	2.0000	2	1.0000	1.2435	0.3360	0.0184	1.0000	0.6216	0.3156	-1.0000	0.6907	0.6907	-0.0000	1.6465
84.0000	200.0000	Focus on Health	Starburst	5.0000	3.0000	1.0000	6	-1.0000	0.7560	0.3527	-0.1226	0.0000	0.3527	0.2159	-1.0000	0.3677	0.3677	-0.0000	0.7081
