Subject	Trial	Instruction	Food	Liking	Taste	Health	Amount	Choice	ChoiceRT	FirstDevTimeChoice	InitAngleChoice	NumChangeMindChoice	FinalDevTimeChoice	MaxVelocityChoice	DrxFirstDevChoice	TotalAUCChoice	AUCtoNonChosenChoice	AUCtoChosenChoice	MaxDevChoice
35.0000	1.0000	Respond Naturally	Skittles	5.0000	5.0000	3.0000	3	1.0000	1.1261	0.4368	0.0000	0.0000	0.4368	0.1130	1.0000	0.1167	0.1269	-0.0102	0.2638
35.0000	2.0000	Respond Naturally	BabyFoodSweetPotatos	3.0000	2.0000	4.0000	5	-1.0000	1.1601	0.5714	-0.1239	0.0000	0.5714	0.2368	-1.0000	0.1122	0.1520	-0.0398	0.2805
35.0000	3.0000	Respond Naturally	Mentos	5.0000	4.0000	2.0000	5	1.0000	0.9741	0.4028	0.0919	0.0000	0.4028	0.1175	1.0000	0.1334	0.1334	-0.0000	0.2152
35.0000	4.0000	Respond Naturally	Avocado	4.0000	4.0000	5.0000	5	-1.0000	1.5122	0.5042	0.2173	1.0000	0.6724	0.1976	1.0000	0.2274	0.2274	-0.0000	0.7884
35.0000	5.0000	Respond Naturally	NatureValleyChocolate	5.0000	6.0000	3.0000	1	1.0000	1.0759	0.4874	0.2601	0.0000	0.4874	0.1883	1.0000	0.0830	0.0830	-0.0000	0.1593
35.0000	6.0000	Respond Naturally	Pringles	5.0000	5.0000	2.0000	5	1.0000	1.0756	0.5207	0.1275	0.0000	0.5207	0.2272	1.0000	0.0104	0.0111	-0.0006	0.0718
35.0000	7.0000	Respond Naturally	Reese	3.0000	1.0000	1.0000	4	-1.0000	1.2774	0.6216	0.0592	0.0000	0.6216	0.1946	-1.0000	0.0924	0.1186	-0.0263	0.2203
35.0000	8.0000	Respond Naturally	FrozenBroccoli	5.0000	5.0000	6.0000	6	-1.0000	1.6304	1.0420	0.0478	0.0000	1.0420	0.1738	-1.0000	0.2122	0.2283	-0.0161	0.4460
35.0000	9.0000	Respond Naturally	WelchsFruitSnacks	5.0000	5.0000	4.0000	1	1.0000	1.2774	0.6384	0.1520	0.0000	0.6384	0.1674	1.0000	0.0249	0.0698	-0.0449	-0.2080
35.0000	10.0000	Respond Naturally	RedPepper	3.0000	3.0000	6.0000	2	-1.0000	1.1927	0.6210	-0.1563	0.0000	0.6210	0.2535	-1.0000	0.1036	0.1156	-0.0119	0.2088
35.0000	11.0000	Decrease Desire	ProMax	3.0000	1.0000	3.0000	2	-1.0000	1.2270	0.5881	-0.1253	0.0000	0.5881	0.1390	-1.0000	0.1539	0.1539	-0.0000	0.2498
35.0000	12.0000	Decrease Desire	EnglishCucumber	4.0000	5.0000	6.0000	2	-1.0000	2.0511	0.5378	0.1382	2.0000	1.2441	0.2801	-1.0000	0.4154	0.4154	-0.0000	1.3052
35.0000	13.0000	Decrease Desire	Beets	3.0000	1.0000	3.0000	5	-1.0000	1.0922	0.5038	-0.0000	0.0000	0.5038	0.2212	-1.0000	0.0524	0.1134	-0.0610	-0.2580
35.0000	14.0000	Decrease Desire	SpeltCakes	4.0000	1.0000	1.0000	5	-1.0000	1.1092	0.5880	0.1892	0.0000	0.5880	0.2276	-1.0000	0.1279	0.1344	-0.0066	0.2252
35.0000	15.0000	Decrease Desire	Tempeh	2.0000	2.0000	5.0000	4	-1.0000	1.3951	0.4539	0.1394	0.0000	0.4539	0.1009	-1.0000	0.0593	0.0624	-0.0030	0.1479
35.0000	16.0000	Decrease Desire	Doritos	5.0000	6.0000	1.0000	5	-1.0000	2.1847	1.0921	0.0175	0.0000	1.0921	0.1791	-1.0000	0.1136	0.1136	-0.0000	0.2157
35.0000	17.0000	Decrease Desire	Celery	2.0000	1.0000	6.0000	2	-1.0000	1.0925	0.5713	-0.0000	0.0000	0.5713	0.1665	-1.0000	0.1031	0.1136	-0.0105	0.2035
35.0000	18.0000	Decrease Desire	SkimMilk	4.0000	4.0000	5.0000	4	-1.0000	2.5047	0.6049	0.1230	2.0000	1.6641	0.2843	-1.0000	0.3208	0.3248	-0.0040	1.2137
35.0000	19.0000	Decrease Desire	Doritos	5.0000	5.0000	3.0000	2	1.0000	1.3613	0.7391	-0.1424	0.0000	0.7391	0.1803	1.0000	0.0756	0.1093	-0.0337	-0.2076
35.0000	20.0000	Decrease Desire	Spinach	4.0000	5.0000	4.0000	2	-1.0000	1.4107	0.9072	0.7674	0.0000	0.9072	0.1960	-1.0000	-0.0096	0.0020	-0.0116	-0.0845
35.0000	21.0000	Decrease Desire	BabyFoodCarrots	3.0000	2.0000	4.0000	3	-1.0000	1.1762	0.7055	0.2454	0.0000	0.7055	0.1995	-1.0000	0.1096	0.1096	-0.0000	0.1621
35.0000	22.0000	Decrease Desire	Pringles	5.0000	5.0000	3.0000	2	1.0000	1.4954	0.8061	-0.0894	0.0000	0.8061	0.3142	1.0000	0.0952	0.1404	-0.0451	0.2527
35.0000	23.0000	Decrease Desire	Orange	5.0000	5.0000	6.0000	5	-1.0000	1.8983	1.1417	0.0178	0.0000	1.1417	0.1390	-1.0000	0.0994	0.0994	-0.0000	0.1415
35.0000	24.0000	Decrease Desire	Aero	3.0000	3.0000	2.0000	1	-1.0000	1.1932	0.6552	0.1570	0.0000	0.6552	0.1600	-1.0000	0.1106	0.1107	-0.0001	0.1819
35.0000	25.0000	Decrease Desire	KashiBars	4.0000	5.0000	4.0000	1	1.0000	1.2103	0.6218	-0.0304	0.0000	0.6218	0.1655	1.0000	0.1956	0.1957	-0.0001	0.3075
35.0000	26.0000	Decrease Desire	Mars	2.0000	3.0000	1.0000	2	-1.0000	1.2606	0.7226	0.2637	0.0000	0.7226	0.1614	-1.0000	0.1031	0.1031	-0.0000	0.1576
35.0000	27.0000	Decrease Desire	Triscuit	3.0000	1.0000	2.0000	5	-1.0000	1.2604	0.6552	0.0238	0.0000	0.6552	0.1868	-1.0000	0.1101	0.1144	-0.0043	0.2008
35.0000	28.0000	Decrease Desire	ClamJuice	1.0000	1.0000	4.0000	3	-1.0000	1.2604	0.5710	0.1692	0.0000	0.5710	0.1620	-1.0000	0.0408	0.0672	-0.0264	0.1375
35.0000	29.0000	Decrease Desire	AllBranCereal	4.0000	2.0000	4.0000	6	-1.0000	1.2602	0.5207	0.1441	0.0000	0.5207	0.2565	-1.0000	0.0805	0.0851	-0.0046	0.1797
35.0000	30.0000	Decrease Desire	FrozenCorn	4.0000	6.0000	6.0000	2	1.0000	1.6306	0.4705	-0.4645	1.0000	0.7059	0.2533	-1.0000	0.3626	0.3626	-0.0000	1.0790
35.0000	31.0000	Respond Naturally	FrozenOkra	2.0000	3.0000	5.0000	2	-1.0000	1.2597	0.6040	0.1862	0.0000	0.6040	0.1574	-1.0000	0.0991	0.0991	-0.0000	0.1717
35.0000	32.0000	Respond Naturally	Avocado	4.0000	5.0000	6.0000	2	1.0000	1.2774	0.3865	-0.2455	1.0000	0.7060	0.2890	-1.0000	0.4109	0.4111	-0.0001	0.9809
35.0000	33.0000	Respond Naturally	FrootLoops	4.0000	1.0000	2.0000	6	-1.0000	1.0583	0.4872	0.1360	0.0000	0.4872	0.1826	-1.0000	0.0879	0.0984	-0.0105	0.1873
35.0000	34.0000	Respond Naturally	Fritos	4.0000	6.0000	2.0000	5	1.0000	1.7815	0.6049	-0.3595	0.0000	0.6049	0.1225	1.0000	0.1830	0.1845	-0.0015	0.4157
35.0000	35.0000	Respond Naturally	SkittlesSour	4.0000	4.0000	2.0000	6	1.0000	1.4449	0.8901	-0.0872	0.0000	0.8901	0.1911	1.0000	0.2136	0.2230	-0.0094	0.3508
35.0000	36.0000	Respond Naturally	AppleChips	3.0000	2.0000	4.0000	5	-1.0000	1.2929	0.7718	0.0993	0.0000	0.7718	0.1537	-1.0000	0.0638	0.0638	-0.0000	0.1017
35.0000	37.0000	Respond Naturally	Nutella	3.0000	2.0000	2.0000	1	-1.0000	1.1431	0.6049	0.5354	0.0000	0.6049	0.1495	-1.0000	0.0352	0.0378	-0.0027	0.0705
35.0000	38.0000	Respond Naturally	GreenGrapes	6.0000	6.0000	6.0000	4	1.0000	1.5290	0.6216	-0.5445	0.0000	0.6216	0.2761	1.0000	0.1723	0.2065	-0.0342	0.4821
35.0000	39.0000	Respond Naturally	Asparagus	2.0000	2.0000	6.0000	6	-1.0000	0.9743	0.4533	-0.0076	0.0000	0.4533	0.2329	-1.0000	0.1722	0.1722	-0.0000	0.3036
35.0000	40.0000	Respond Naturally	Tuna	3.0000	3.0000	3.0000	4	-1.0000	1.1092	0.4871	0.3106	0.0000	0.4871	0.1584	-1.0000	0.0378	0.0670	-0.0292	0.1398
35.0000	41.0000	Decrease Desire	Raspberries	5.0000	2.0000	2.0000	5	-1.0000	1.5294	0.7727	-0.0000	0.0000	0.7727	0.1719	-1.0000	0.1247	0.1247	-0.0000	0.2944
35.0000	42.0000	Decrease Desire	IceCreamVanilla	5.0000	5.0000	3.0000	1	1.0000	1.6635	0.9743	-0.4153	0.0000	0.9743	0.2414	1.0000	0.1412	0.1983	-0.0570	-0.3365
35.0000	43.0000	Decrease Desire	Strawberries	5.0000	3.0000	2.0000	3	-1.0000	1.2262	0.6378	0.5141	0.0000	0.6378	0.1892	-1.0000	-0.0143	0.0029	-0.0171	-0.0675
35.0000	44.0000	Decrease Desire	OikosYogurt	4.0000	5.0000	6.0000	3	1.0000	1.4945	0.8053	-0.7123	0.0000	0.8053	0.2436	1.0000	0.3021	0.3448	-0.0427	0.6092
35.0000	45.0000	Decrease Desire	Twizzlers	2.0000	2.0000	3.0000	2	-1.0000	1.0424	0.1514	0.7432	0.0000	0.1514	0.1722	-1.0000	-0.0702	0.0008	-0.0710	-0.1462
35.0000	46.0000	Decrease Desire	DriedHerring	3.0000	3.0000	4.0000	3	-1.0000	1.0250	0.1514	0.7183	0.0000	0.1514	0.1916	-1.0000	-0.0256	0.0019	-0.0275	-0.0446
35.0000	47.0000	Decrease Desire	TofuDessert	5.0000	5.0000	6.0000	4	-1.0000	1.2437	0.5544	0.6220	0.0000	0.5544	0.2162	-1.0000	0.0492	0.0493	-0.0001	0.0929
35.0000	48.0000	Decrease Desire	Reese	4.0000	3.0000	2.0000	1	-1.0000	1.3778	0.7895	0.5461	0.0000	0.7895	0.2013	-1.0000	0.0883	0.0883	-0.0000	0.1305
35.0000	49.0000	Decrease Desire	Broccoli	5.0000	5.0000	6.0000	4	-1.0000	1.5800	0.7898	0.5517	0.0000	0.7898	0.1153	-1.0000	0.0182	0.0302	-0.0120	-0.0673
35.0000	50.0000	Decrease Desire	WaterChestnuts	2.0000	1.0000	3.0000	3	-1.0000	1.3610	0.7726	0.1296	0.0000	0.7726	0.2436	-1.0000	0.0458	0.0891	-0.0433	-0.2232
35.0000	51.0000	Respond Naturally	FrozenPeaches	4.0000	5.0000	4.0000	2	1.0000	1.1432	0.5714	-0.4658	0.0000	0.5714	0.2248	1.0000	0.0848	0.1063	-0.0215	0.3333
35.0000	52.0000	Respond Naturally	Butternut	3.0000	3.0000	4.0000	3	-1.0000	1.3447	0.7395	-0.5252	0.0000	0.7395	0.2704	-1.0000	0.2946	0.3453	-0.0507	0.6470
35.0000	53.0000	Respond Naturally	RiceKrispiesCereal	3.0000	3.0000	4.0000	3	-1.0000	1.1765	0.5376	-0.1588	0.0000	0.5376	0.1627	-1.0000	0.1200	0.1497	-0.0297	0.2991
35.0000	54.0000	Respond Naturally	YorkPeppermintPatties	1.0000	1.0000	1.0000	4	-1.0000	1.1091	0.5543	0.3079	0.0000	0.5543	0.1738	-1.0000	0.0784	0.0997	-0.0212	0.1860
35.0000	55.0000	Respond Naturally	PCChipCookie	2.0000	1.0000	1.0000	5	-1.0000	1.1090	0.5542	0.5769	0.0000	0.5542	0.2455	-1.0000	0.0526	0.0568	-0.0042	0.1115
35.0000	56.0000	Respond Naturally	OatmealSquares	4.0000	1.0000	3.0000	7	-1.0000	1.1596	0.5377	0.3420	0.0000	0.5377	0.1539	-1.0000	0.1479	0.1479	-0.0000	0.2246
35.0000	57.0000	Respond Naturally	KashiBars	5.0000	3.0000	3.0000	4	-1.0000	1.6135	0.8231	0.4647	0.0000	0.8231	0.1203	-1.0000	0.0171	0.0447	-0.0276	-0.1089
35.0000	58.0000	Respond Naturally	Mackerel	4.0000	3.0000	4.0000	1	-1.0000	1.3280	0.6050	0.5103	0.0000	0.6050	0.1100	-1.0000	0.0485	0.0493	-0.0008	0.0941
35.0000	59.0000	Respond Naturally	WaterChestnuts	2.0000	1.0000	5.0000	5	-1.0000	1.0249	0.5041	0.5773	0.0000	0.5041	0.1780	-1.0000	0.0162	0.0300	-0.0138	-0.0654
35.0000	60.0000	Respond Naturally	BabyFoodCarrots	3.0000	2.0000	4.0000	5	-1.0000	1.0924	0.5040	0.6950	0.0000	0.5040	0.1478	-1.0000	0.0141	0.0180	-0.0039	0.0505
35.0000	61.0000	Decrease Desire	PureFit	4.0000	2.0000	3.0000	4	-1.0000	1.2607	0.6217	0.8969	0.0000	0.6217	0.1542	-1.0000	-0.0093	0.0032	-0.0124	-0.0625
35.0000	62.0000	Decrease Desire	OatBran	4.0000	4.0000	4.0000	4	-1.0000	1.1767	0.4369	0.8823	0.0000	0.4369	0.1767	-1.0000	-0.0936	0.0000	-0.0936	-0.2598
35.0000	63.0000	Decrease Desire	Cheerios	3.0000	3.0000	3.0000	2	-1.0000	1.0585	0.4533	0.8524	0.0000	0.4533	0.2271	-1.0000	-0.0674	0.0000	-0.0674	-0.1138
35.0000	64.0000	Decrease Desire	Cauliflower	5.0000	5.0000	6.0000	2	1.0000	1.6470	0.8904	-0.6458	0.0000	0.8904	0.1702	1.0000	0.2047	0.2415	-0.0368	0.4724
35.0000	65.0000	Decrease Desire	SlimStyles	2.0000	2.0000	5.0000	2	-1.0000	1.3448	0.7563	0.9545	0.0000	0.7563	0.1964	-1.0000	-0.0901	0.0001	-0.0902	-0.1625
35.0000	66.0000	Decrease Desire	GreenPepper	3.0000	2.0000	6.0000	2	-1.0000	1.0584	0.4705	0.5608	0.0000	0.4705	0.1642	-1.0000	0.0262	0.0296	-0.0033	0.1024
35.0000	67.0000	Decrease Desire	ClifBar	3.0000	4.0000	4.0000	2	-1.0000	1.4950	0.8730	0.7548	0.0000	0.8730	0.1333	-1.0000	0.0154	0.0277	-0.0124	0.1278
35.0000	68.0000	Decrease Desire	GreenBeans	4.0000	4.0000	6.0000	4	-1.0000	1.4952	0.4191	0.7530	0.0000	0.4191	0.0952	-1.0000	0.0036	0.0121	-0.0086	0.0629
35.0000	69.0000	Decrease Desire	Starburst	5.0000	3.0000	2.0000	6	-1.0000	1.3617	0.4371	0.8442	0.0000	0.4371	0.1289	-1.0000	-0.0334	0.0000	-0.0334	-0.0831
35.0000	70.0000	Decrease Desire	Bananas	4.0000	6.0000	6.0000	3	1.0000	1.6129	0.8898	-0.7031	0.0000	0.8898	0.2459	1.0000	0.3358	0.3589	-0.0230	0.6409
35.0000	71.0000	Respond Naturally	Caramilk	3.0000	1.0000	1.0000	5	-1.0000	1.2269	0.6385	0.4086	0.0000	0.6385	0.2080	-1.0000	0.1508	0.1508	-0.0000	0.2058
35.0000	72.0000	Respond Naturally	Cheetos	5.0000	5.0000	1.0000	6	1.0000	1.2938	0.6045	-0.8699	0.0000	0.6045	0.1243	1.0000	0.1669	0.1776	-0.0107	0.3519
35.0000	73.0000	Respond Naturally	Prunes	2.0000	2.0000	3.0000	5	-1.0000	1.0590	0.4368	0.4882	0.0000	0.4368	0.1288	-1.0000	0.1149	0.1149	-0.0000	0.1979
35.0000	74.0000	Respond Naturally	WelchsFruitSnacks	5.0000	4.0000	3.0000	3	1.0000	1.4950	0.8560	-0.5777	0.0000	0.8560	0.1752	1.0000	0.3621	0.3621	-0.0000	0.5558
35.0000	75.0000	Respond Naturally	IceCreamVanilla	5.0000	5.0000	2.0000	4	1.0000	1.5123	0.3692	-0.8236	1.0000	0.5542	0.1491	-1.0000	0.2677	0.2677	-0.0000	0.5777
35.0000	76.0000	Respond Naturally	Celery	3.0000	1.0000	6.0000	4	-1.0000	1.0757	0.6050	0.5134	0.0000	0.6050	0.1876	-1.0000	0.0104	0.0186	-0.0082	-0.0807
35.0000	77.0000	Respond Naturally	Smarties	3.0000	2.0000	2.0000	2	-1.0000	1.1596	0.6721	0.5920	0.0000	0.6721	0.1492	-1.0000	0.0460	0.0474	-0.0014	0.0879
35.0000	78.0000	Respond Naturally	MnMPlain	3.0000	4.0000	3.0000	3	-1.0000	1.1596	0.1513	0.9069	0.0000	0.1513	0.1712	-1.0000	-0.0428	0.0004	-0.0432	-0.0752
35.0000	79.0000	Respond Naturally	GreenBeans	4.0000	4.0000	6.0000	2	-1.0000	1.2942	0.5544	0.7675	0.0000	0.5544	0.2316	-1.0000	-0.0215	0.0004	-0.0219	-0.0816
35.0000	80.0000	Respond Naturally	MangoChunks	5.0000	4.0000	4.0000	2	1.0000	1.4454	0.8401	-0.5770	0.0000	0.8401	0.2079	1.0000	0.2716	0.3081	-0.0366	0.4913
35.0000	81.0000	Decrease Desire	Beets	3.0000	2.0000	3.0000	2	-1.0000	1.1261	0.4873	0.2286	0.0000	0.4873	0.2640	-1.0000	0.0291	0.0732	-0.0440	-0.2222
35.0000	82.0000	Decrease Desire	MnMPeanuts	4.0000	4.0000	3.0000	2	1.0000	1.4291	0.8069	-0.7907	0.0000	0.8069	0.3028	1.0000	0.3880	0.4177	-0.0298	1.0491
35.0000	83.0000	Decrease Desire	RomaineLettuce	4.0000	5.0000	6.0000	2	-1.0000	1.2098	0.3696	0.9479	0.0000	0.3696	0.1513	-1.0000	-0.0297	0.0000	-0.0297	-0.0767
35.0000	84.0000	Decrease Desire	Mackerel	4.0000	2.0000	2.0000	3	-1.0000	1.1254	0.4699	0.6683	0.0000	0.4699	0.2171	-1.0000	0.0241	0.0246	-0.0005	0.0466
35.0000	85.0000	Decrease Desire	Spinach	4.0000	5.0000	6.0000	4	-1.0000	1.2768	0.4871	0.3808	0.0000	0.4871	0.2479	-1.0000	0.0337	0.0361	-0.0025	0.0892
35.0000	86.0000	Decrease Desire	DriedApricots	4.0000	3.0000	2.0000	5	-1.0000	1.7132	0.8731	0.6813	0.0000	0.8731	0.1221	-1.0000	0.0277	0.0277	-0.0001	0.0904
35.0000	87.0000	Decrease Desire	CornFlakes	4.0000	2.0000	2.0000	6	-1.0000	1.2768	0.7559	0.6598	0.0000	0.7559	0.1321	-1.0000	0.0267	0.0267	-0.0000	0.0639
35.0000	88.0000	Decrease Desire	Starburst	5.0000	4.0000	2.0000	3	-1.0000	1.7802	0.1509	0.8478	0.0000	0.1509	0.1712	-1.0000	-0.0328	0.0040	-0.0368	-0.0872
35.0000	89.0000	Decrease Desire	Raspberries	4.0000	4.0000	3.0000	4	-1.0000	1.1261	0.4202	0.4899	0.0000	0.4202	0.1083	-1.0000	0.0167	0.0387	-0.0220	0.1043
35.0000	90.0000	Decrease Desire	ClifBar	4.0000	3.0000	2.0000	4	-1.0000	1.7132	1.1417	0.4273	0.0000	1.1417	0.1527	-1.0000	0.0164	0.0473	-0.0309	-0.1872
35.0000	91.0000	Respond Naturally	AllBranBar	5.0000	5.0000	3.0000	3	1.0000	1.2769	0.7725	0.1080	0.0000	0.7725	0.1506	1.0000	0.0854	0.0961	-0.0107	0.1500
35.0000	92.0000	Respond Naturally	CannedArtichoke	2.0000	1.0000	5.0000	2	-1.0000	1.1263	0.4537	0.7482	0.0000	0.4537	0.2329	-1.0000	-0.0318	0.0005	-0.0324	-0.0858
35.0000	93.0000	Respond Naturally	SlicedTurkey	4.0000	4.0000	4.0000	5	-1.0000	1.8640	1.3601	0.4400	0.0000	1.3601	0.1318	-1.0000	0.1625	0.1625	-0.0000	0.2071
35.0000	94.0000	Respond Naturally	MangoChunks	4.0000	5.0000	4.0000	5	1.0000	1.4282	0.6548	-0.1493	0.0000	0.6548	0.1547	1.0000	0.0931	0.1043	-0.0111	0.2373
35.0000	95.0000	Respond Naturally	Mentos	5.0000	5.0000	3.0000	2	1.0000	1.3440	0.6884	-0.2224	0.0000	0.6884	0.2415	1.0000	0.1623	0.1623	-0.0000	0.3232
35.0000	96.0000	Respond Naturally	RitzCrackers	5.0000	3.0000	3.0000	5	1.0000	1.4623	0.7393	0.1053	0.0000	0.7393	0.0957	1.0000	0.0788	0.0797	-0.0009	0.1450
35.0000	97.0000	Respond Naturally	FrozenPeas	1.0000	1.0000	5.0000	6	-1.0000	1.0757	0.4705	0.7600	0.0000	0.4705	0.1769	-1.0000	-0.0125	0.0038	-0.0163	-0.0665
35.0000	98.0000	Respond Naturally	RufflesSourCreamOnion	6.0000	6.0000	3.0000	3	1.0000	1.0757	0.5544	-0.6344	0.0000	0.5544	0.3251	1.0000	0.1078	0.1078	-0.0000	0.2163
35.0000	99.0000	Respond Naturally	FrozenBroccoli	5.0000	5.0000	6.0000	2	1.0000	1.3615	0.5544	0.1647	1.0000	0.7394	0.2221	-1.0000	0.2275	0.2383	-0.0107	0.9970
35.0000	100.0000	Respond Naturally	SkimMilk	4.0000	5.0000	4.0000	1	1.0000	1.3104	0.7724	0.2375	0.0000	0.7724	0.1944	1.0000	0.0932	0.0932	-0.0000	0.1566
35.0000	101.0000	Decrease Desire	HoneyNutCheerios	3.0000	3.0000	4.0000	2	-1.0000	1.3278	0.1848	-0.0000	0.0000	0.1848	0.1705	-1.0000	0.0075	0.0103	-0.0028	0.0360
35.0000	102.0000	Decrease Desire	LaysClassic	6.0000	5.0000	3.0000	3	1.0000	1.1426	0.5375	-0.3546	0.0000	0.5375	0.2908	1.0000	0.1371	0.1371	-0.0000	0.2450
35.0000	103.0000	Decrease Desire	Snickers	3.0000	1.0000	1.0000	2	-1.0000	1.2099	0.7055	0.2310	0.0000	0.7055	0.2150	-1.0000	0.0697	0.0707	-0.0010	0.1367
35.0000	104.0000	Decrease Desire	AppleChips	3.0000	3.0000	4.0000	2	-1.0000	1.1935	0.5040	0.7037	0.0000	0.5040	0.1335	-1.0000	0.0290	0.0290	-0.0000	0.0768
35.0000	105.0000	Decrease Desire	Fritos	5.0000	5.0000	3.0000	2	1.0000	2.6721	1.6800	-0.3395	0.0000	1.6800	0.1506	1.0000	0.2449	0.2566	-0.0118	0.4341
35.0000	106.0000	Decrease Desire	SevenGrain	5.0000	2.0000	3.0000	3	-1.0000	1.4959	0.7057	0.3855	0.0000	0.7057	0.0838	-1.0000	0.0521	0.0521	-0.0000	0.0961
35.0000	107.0000	Decrease Desire	CheeseNips	5.0000	5.0000	2.0000	2	1.0000	1.7312	1.0755	-1.0740	0.0000	1.0755	0.3652	1.0000	0.5591	0.5592	-0.0000	1.3185
35.0000	108.0000	Decrease Desire	VanillaGreekYogurt	4.0000	5.0000	6.0000	2	-1.0000	1.7138	0.9741	0.5393	0.0000	0.9741	0.1013	-1.0000	0.0419	0.0423	-0.0004	0.1201
35.0000	109.0000	Decrease Desire	Mars	2.0000	1.0000	1.0000	4	-1.0000	1.2268	0.5543	0.6658	0.0000	0.5543	0.1731	-1.0000	0.0124	0.0183	-0.0059	0.0627
35.0000	110.0000	Decrease Desire	AlmondMilk	4.0000	5.0000	4.0000	2	1.0000	1.1751	0.6715	-0.6865	0.0000	0.6715	0.2402	1.0000	0.1995	0.1995	-0.0000	0.3334
35.0000	111.0000	Respond Naturally	Bananas	5.0000	6.0000	6.0000	2	1.0000	1.1092	0.6216	0.0126	0.0000	0.6216	0.1989	1.0000	0.1205	0.1205	-0.0000	0.2203
35.0000	112.0000	Respond Naturally	RiceKrispiesCereal	3.0000	1.0000	2.0000	7	-1.0000	1.0592	0.4035	-0.7383	0.0000	0.4035	0.2335	-1.0000	0.4051	0.4567	-0.0516	1.0414
35.0000	113.0000	Respond Naturally	RitzCrackers	5.0000	4.0000	3.0000	2	1.0000	0.9918	0.4706	-0.1224	0.0000	0.4706	0.2460	1.0000	0.1076	0.1077	-0.0001	0.1850
35.0000	114.0000	Respond Naturally	PCChipCookie	3.0000	2.0000	2.0000	2	-1.0000	1.3268	0.6882	0.4344	0.0000	0.6882	0.1495	-1.0000	0.0697	0.0711	-0.0013	0.1250
35.0000	115.0000	Respond Naturally	FrozenBlueberries	4.0000	3.0000	3.0000	3	-1.0000	1.1258	0.5038	0.2218	0.0000	0.5038	0.1538	-1.0000	0.0757	0.0840	-0.0083	0.1661
35.0000	116.0000	Respond Naturally	SlimStyles	2.0000	2.0000	4.0000	6	-1.0000	1.1933	0.6049	0.4930	0.0000	0.6049	0.1510	-1.0000	0.0307	0.0556	-0.0249	0.1167
35.0000	117.0000	Respond Naturally	Triscuit	3.0000	4.0000	4.0000	2	-1.0000	1.1933	0.6217	0.2368	0.0000	0.6217	0.1787	-1.0000	0.1396	0.1417	-0.0020	0.2262
35.0000	118.0000	Respond Naturally	VegetableThins	5.0000	5.0000	3.0000	2	1.0000	2.3027	0.4537	-0.4605	1.0000	0.6219	0.1281	-1.0000	0.5001	0.5292	-0.0292	1.0644
35.0000	119.0000	Respond Naturally	Onion	2.0000	1.0000	6.0000	4	-1.0000	1.1256	0.6549	0.7914	0.0000	0.6549	0.1944	-1.0000	-0.0022	0.0049	-0.0071	-0.0806
35.0000	120.0000	Respond Naturally	BabyFoodSweetPotatos	3.0000	3.0000	4.0000	2	-1.0000	0.9579	0.5544	0.5970	0.0000	0.5544	0.1755	-1.0000	0.0622	0.0626	-0.0003	0.1055
35.0000	121.0000	Respond Naturally	FrozenPeas	1.0000	1.0000	6.0000	2	-1.0000	0.9749	0.4368	-0.1490	0.0000	0.4368	0.2828	-1.0000	0.0216	0.1170	-0.0954	-0.3710
35.0000	122.0000	Respond Naturally	ProMax	2.0000	1.0000	1.0000	4	-1.0000	1.0750	0.4697	0.2282	0.0000	0.4697	0.1201	-1.0000	0.0581	0.0728	-0.0147	0.1474
35.0000	123.0000	Respond Naturally	CheeseNips	5.0000	5.0000	2.0000	5	1.0000	1.4622	0.8402	-0.3178	0.0000	0.8402	0.2190	1.0000	0.2711	0.2848	-0.0136	0.4762
35.0000	124.0000	Respond Naturally	Smartfood	6.0000	6.0000	2.0000	4	1.0000	1.1588	0.4869	-0.3854	1.0000	0.6382	0.3029	-1.0000	0.1913	0.1976	-0.0063	0.6168
35.0000	125.0000	Respond Naturally	CoffeeCrisp	2.0000	2.0000	3.0000	1	-1.0000	1.1593	0.6221	-0.5025	0.0000	0.6221	0.2997	-1.0000	0.2620	0.2620	-0.0000	0.4559
35.0000	126.0000	Respond Naturally	SevenGrain	4.0000	4.0000	3.0000	1	1.0000	1.2941	0.7225	-0.1342	0.0000	0.7225	0.1144	1.0000	0.1849	0.1849	-0.0000	0.3097
35.0000	127.0000	Respond Naturally	PopTartStrawberry	4.0000	3.0000	1.0000	2	-1.0000	1.2432	0.6212	0.5541	0.0000	0.6212	0.1472	-1.0000	0.0702	0.0703	-0.0001	0.1057
35.0000	128.0000	Respond Naturally	GreenApple	4.0000	5.0000	4.0000	2	1.0000	1.9995	1.0586	-0.4968	0.0000	1.0586	0.2100	1.0000	0.2490	0.2498	-0.0007	0.4369
35.0000	129.0000	Respond Naturally	RaisinBran	2.0000	2.0000	4.0000	3	-1.0000	1.1924	0.6044	-0.1788	0.0000	0.6044	0.2536	-1.0000	0.1909	0.2052	-0.0143	0.3673
35.0000	130.0000	Respond Naturally	RomaineLettuce	4.0000	4.0000	6.0000	4	-1.0000	1.0587	0.4368	0.2842	0.0000	0.4368	0.1857	-1.0000	0.0414	0.0631	-0.0218	0.1460
35.0000	131.0000	Decrease Desire	YorkPeppermintPatties	1.0000	2.0000	1.0000	2	-1.0000	0.9916	0.4704	-0.2700	0.0000	0.4704	0.1782	-1.0000	0.2117	0.2202	-0.0085	0.3925
35.0000	132.0000	Decrease Desire	Cheetos	5.0000	5.0000	2.0000	3	1.0000	1.4449	0.8735	-0.4524	0.0000	0.8735	0.2238	1.0000	0.3821	0.3821	-0.0000	0.5616
35.0000	133.0000	Decrease Desire	Broccoli	5.0000	6.0000	6.0000	1	-1.0000	1.3101	0.6044	0.3052	0.0000	0.6044	0.1474	-1.0000	0.0806	0.0806	-0.0000	0.1405
35.0000	134.0000	Decrease Desire	Smarties	2.0000	2.0000	2.0000	5	-1.0000	1.2605	0.7056	0.3705	0.0000	0.7056	0.1606	-1.0000	0.0705	0.0829	-0.0124	0.1549
35.0000	135.0000	Decrease Desire	FrootLoops	4.0000	4.0000	3.0000	2	-1.0000	1.0759	0.4706	0.5596	0.0000	0.4706	0.1618	-1.0000	0.0190	0.0399	-0.0209	0.0993
35.0000	136.0000	Decrease Desire	OatmealSquares	4.0000	4.0000	4.0000	3	-1.0000	1.6129	0.4536	0.7044	0.0000	0.4536	0.1546	-1.0000	0.0069	0.0109	-0.0040	0.0345
35.0000	137.0000	Decrease Desire	EnglishCucumber	4.0000	4.0000	6.0000	5	-1.0000	1.2770	0.4535	0.6400	0.0000	0.4535	0.2065	-1.0000	-0.0173	0.0099	-0.0272	-0.1018
35.0000	138.0000	Decrease Desire	LaysClassic	5.0000	5.0000	3.0000	4	1.0000	1.2270	0.6891	-0.5641	0.0000	0.6891	0.2433	1.0000	0.2305	0.2305	-0.0000	0.3569
35.0000	139.0000	Decrease Desire	Almonds	4.0000	5.0000	4.0000	2	-1.0000	1.2434	0.5709	0.8037	0.0000	0.5709	0.1240	-1.0000	-0.0357	0.0001	-0.0358	-0.0682
35.0000	140.0000	Decrease Desire	FrozenBlueberries	4.0000	4.0000	4.0000	1	-1.0000	1.4456	0.5042	0.4436	0.0000	0.5042	0.1839	-1.0000	0.0271	0.0362	-0.0091	0.1072
35.0000	141.0000	Respond Naturally	Shreddies	5.0000	3.0000	3.0000	2	1.0000	1.4614	0.9066	-0.2174	0.0000	0.9066	0.1943	1.0000	0.1924	0.1925	-0.0001	0.2687
35.0000	142.0000	Respond Naturally	Nutella	1.0000	1.0000	1.0000	4	-1.0000	1.0915	0.5874	0.4618	0.0000	0.5874	0.1825	-1.0000	0.0585	0.0728	-0.0143	0.1277
35.0000	143.0000	Respond Naturally	ClamJuice	1.0000	1.0000	6.0000	1	-1.0000	1.1262	0.5546	0.1699	0.0000	0.5546	0.2055	-1.0000	0.0675	0.0714	-0.0039	0.1297
35.0000	144.0000	Respond Naturally	RaisinBran	1.0000	1.0000	3.0000	7	-1.0000	1.0926	0.5545	0.2403	0.0000	0.5545	0.2048	-1.0000	0.0729	0.0730	-0.0001	0.1273
35.0000	145.0000	Respond Naturally	RufflesSourCreamOnion	6.0000	6.0000	2.0000	5	1.0000	1.4282	0.5878	-0.5036	0.0000	0.5878	0.2401	1.0000	0.3079	0.3079	-0.0000	0.5774
35.0000	146.0000	Respond Naturally	FrozenOkra	2.0000	2.0000	5.0000	5	-1.0000	1.4118	0.5376	0.2176	0.0000	0.5376	0.1204	-1.0000	0.1014	0.1014	-0.0000	0.1827
35.0000	147.0000	Respond Naturally	Caramilk	3.0000	3.0000	3.0000	2	-1.0000	1.1262	0.5208	0.4671	0.0000	0.5208	0.1416	-1.0000	0.0740	0.0740	-0.0000	0.1325
35.0000	148.0000	Respond Naturally	SunChips	5.0000	6.0000	2.0000	4	1.0000	1.3106	0.5375	-0.6213	0.0000	0.5375	0.3612	1.0000	0.1085	0.1566	-0.0481	0.3582
35.0000	149.0000	Respond Naturally	RedPepper	3.0000	3.0000	6.0000	5	-1.0000	1.1428	0.5209	0.3949	0.0000	0.5209	0.1606	-1.0000	0.0395	0.0474	-0.0078	0.0989
35.0000	150.0000	Respond Naturally	Orange	5.0000	5.0000	6.0000	1	1.0000	1.4283	0.8063	-0.0411	0.0000	0.8063	0.2651	1.0000	0.2147	0.2147	-0.0000	0.4002
35.0000	151.0000	Decrease Desire	TofuDessert	4.0000	4.0000	6.0000	2	1.0000	1.4951	0.8737	-0.3075	0.0000	0.8737	0.1695	1.0000	0.1723	0.1743	-0.0020	0.2709
35.0000	152.0000	Decrease Desire	Tuna	4.0000	4.0000	5.0000	2	-1.0000	1.2930	0.8227	0.4550	0.0000	0.8227	0.1422	-1.0000	0.0446	0.0497	-0.0051	0.0810
35.0000	153.0000	Decrease Desire	CornFlakes	4.0000	3.0000	4.0000	3	-1.0000	1.1428	0.5377	0.4678	0.0000	0.5377	0.1645	-1.0000	0.0790	0.0791	-0.0000	0.1387
35.0000	154.0000	Decrease Desire	Almonds	4.0000	4.0000	4.0000	4	-1.0000	1.2940	0.6050	0.3372	0.0000	0.6050	0.0951	-1.0000	0.0701	0.0734	-0.0033	0.1582
35.0000	155.0000	Decrease Desire	Aero	2.0000	1.0000	1.0000	3	-1.0000	1.2437	0.5879	0.4061	0.0000	0.5879	0.1800	-1.0000	0.0515	0.0601	-0.0086	0.1112
35.0000	156.0000	Decrease Desire	BrusselsSprouts	2.0000	2.0000	6.0000	4	-1.0000	1.0592	0.4538	0.5395	0.0000	0.4538	0.1998	-1.0000	0.0026	0.0379	-0.0353	-0.1702
35.0000	157.0000	Decrease Desire	Strawberries	5.0000	4.0000	3.0000	2	-1.0000	1.5952	0.7385	0.2895	0.0000	0.7385	0.1405	-1.0000	0.0858	0.0944	-0.0085	0.1749
35.0000	158.0000	Decrease Desire	GreenPepper	3.0000	2.0000	6.0000	6	-1.0000	1.1597	0.5040	0.4734	0.0000	0.5040	0.1125	-1.0000	0.0640	0.0652	-0.0011	0.1327
35.0000	159.0000	Decrease Desire	VegetableThins	5.0000	5.0000	3.0000	5	1.0000	1.9161	1.2267	-0.2219	0.0000	1.2267	0.1015	1.0000	0.2337	0.2337	-0.0000	0.3285
35.0000	160.0000	Decrease Desire	Tempeh	2.0000	3.0000	5.0000	2	-1.0000	1.1426	0.5375	-0.2710	0.0000	0.5375	0.2015	-1.0000	0.1553	0.1557	-0.0003	0.2797
35.0000	161.0000	Decrease Desire	NatureValleyChocolate	5.0000	5.0000	4.0000	4	1.0000	1.7644	0.9071	-0.6043	0.0000	0.9071	0.2202	1.0000	0.1292	0.1292	-0.0000	0.2444
35.0000	162.0000	Decrease Desire	GreenApple	4.0000	4.0000	6.0000	4	-1.0000	1.3782	0.6890	0.5146	0.0000	0.6890	0.0912	-1.0000	0.0293	0.0293	-0.0000	0.0500
35.0000	163.0000	Decrease Desire	Cauliflower	5.0000	5.0000	6.0000	6	-1.0000	1.3944	0.7222	0.4928	0.0000	0.7222	0.1611	-1.0000	0.0380	0.0575	-0.0195	0.1020
35.0000	164.0000	Decrease Desire	BBQCrisps	5.0000	6.0000	2.0000	6	1.0000	2.3696	1.3608	-0.5016	0.0000	1.3608	0.1179	1.0000	0.3589	0.3589	-0.0000	0.5049
35.0000	165.0000	Decrease Desire	Shreddies	4.0000	4.0000	3.0000	5	-1.0000	1.2271	0.5377	0.5788	0.0000	0.5377	0.1105	-1.0000	0.0335	0.0336	-0.0001	0.0783
35.0000	166.0000	Decrease Desire	CoffeeCrisp	2.0000	1.0000	1.0000	3	-1.0000	0.9238	0.5036	0.0460	0.0000	0.5036	0.2099	-1.0000	0.0794	0.0796	-0.0001	0.1476
35.0000	167.0000	Decrease Desire	PopTartStrawberry	4.0000	1.0000	1.0000	5	-1.0000	1.2268	0.6048	-0.0306	0.0000	0.6048	0.1610	-1.0000	0.0865	0.0918	-0.0053	0.1676
35.0000	168.0000	Decrease Desire	SlicedTurkey	5.0000	4.0000	5.0000	2	1.0000	1.8993	1.0253	-0.0025	0.0000	1.0253	0.1934	1.0000	0.2627	0.2627	-0.0000	0.6676
35.0000	169.0000	Decrease Desire	DriedApricots	4.0000	4.0000	4.0000	2	-1.0000	1.3275	0.8233	0.4307	0.0000	0.8233	0.2198	-1.0000	0.0702	0.0702	-0.0000	0.1126
35.0000	170.0000	Decrease Desire	BrusselsSprouts	2.0000	2.0000	6.0000	2	-1.0000	1.1427	0.5545	0.7916	0.0000	0.5545	0.2153	-1.0000	0.0159	0.0231	-0.0072	0.0528
35.0000	171.0000	Respond Naturally	AllBranBar	5.0000	4.0000	5.0000	1	1.0000	1.4609	0.9574	-0.0067	0.0000	0.9574	0.2055	1.0000	0.0893	0.0893	-0.0000	0.1382
35.0000	172.0000	Respond Naturally	CannedArtichoke	2.0000	1.0000	6.0000	5	-1.0000	0.9910	0.4705	0.4381	0.0000	0.4705	0.1600	-1.0000	0.0286	0.0535	-0.0249	0.1094
35.0000	173.0000	Respond Naturally	IceCreamChocolate	5.0000	4.0000	2.0000	4	1.0000	1.8147	0.5880	-0.7668	0.0000	0.5880	0.2495	1.0000	0.1189	0.1312	-0.0123	0.4029
35.0000	174.0000	Respond Naturally	Smartfood	6.0000	6.0000	3.0000	2	1.0000	1.1429	0.5209	-0.6815	0.0000	0.5209	0.2963	1.0000	0.1973	0.2256	-0.0284	0.4261
35.0000	175.0000	Respond Naturally	SkittlesSour	5.0000	4.0000	3.0000	3	-1.0000	1.5289	1.0079	0.3649	0.0000	1.0079	0.2042	-1.0000	0.0521	0.0523	-0.0003	0.0901
35.0000	176.0000	Respond Naturally	VanillaGreekYogurt	4.0000	4.0000	5.0000	4	-1.0000	1.9490	1.4278	0.3441	0.0000	1.4278	0.1294	-1.0000	0.0798	0.0821	-0.0023	0.1158
35.0000	177.0000	Respond Naturally	PureFit	4.0000	3.0000	4.0000	2	-1.0000	1.6299	0.5877	0.6788	0.0000	0.5877	0.1089	-1.0000	0.0075	0.0101	-0.0026	0.0268
35.0000	178.0000	Respond Naturally	FrozenPeaches	5.0000	4.0000	3.0000	5	1.0000	2.1845	0.7052	-0.3375	1.0000	1.0582	0.2185	-1.0000	0.6029	0.6029	-0.0000	1.2925
35.0000	179.0000	Respond Naturally	Twizzlers	2.0000	2.0000	2.0000	4	-1.0000	1.2602	0.6385	0.0741	0.0000	0.6385	0.1829	-1.0000	0.1672	0.1672	-0.0000	0.2399
35.0000	180.0000	Respond Naturally	FrozenCorn	5.0000	6.0000	6.0000	4	-1.0000	2.3514	1.5612	0.4947	0.0000	1.5612	0.1522	-1.0000	0.0336	0.0360	-0.0024	0.0547
35.0000	181.0000	Respond Naturally	Cheerios	2.0000	2.0000	3.0000	5	-1.0000	1.5292	0.6719	0.3613	0.0000	0.6719	0.1511	-1.0000	0.1122	0.1122	-0.0000	0.1644
35.0000	182.0000	Respond Naturally	SpeltCakes	5.0000	4.0000	3.0000	2	-1.0000	1.1765	0.1513	0.7414	0.0000	0.1513	0.1365	-1.0000	0.0488	0.0488	-0.0000	0.1370
35.0000	183.0000	Respond Naturally	AllBranCereal	4.0000	3.0000	4.0000	2	-1.0000	1.1253	0.5037	0.5345	0.0000	0.5037	0.1261	-1.0000	0.0582	0.0583	-0.0000	0.1160
35.0000	184.0000	Respond Naturally	SunChips	5.0000	5.0000	3.0000	2	1.0000	1.5291	0.9744	-0.4670	0.0000	0.9744	0.1793	1.0000	0.2015	0.2015	-0.0000	0.3488
35.0000	185.0000	Respond Naturally	OatBran	4.0000	4.0000	4.0000	2	-1.0000	1.3276	0.5880	0.3415	0.0000	0.5880	0.2250	-1.0000	0.1087	0.1091	-0.0005	0.2108
35.0000	186.0000	Respond Naturally	HoneyNutCheerios	1.0000	1.0000	2.0000	5	-1.0000	1.0586	0.5205	0.4272	0.0000	0.5205	0.1430	-1.0000	0.0582	0.0582	-0.0000	0.1098
35.0000	187.0000	Respond Naturally	DriedHerring	3.0000	3.0000	4.0000	1	-1.0000	1.2093	0.5874	0.4608	0.0000	0.5874	0.1147	-1.0000	0.0787	0.0787	-0.0000	0.1595
35.0000	188.0000	Respond Naturally	BBQCrisps	5.0000	5.0000	3.0000	2	1.0000	1.1597	0.6049	-0.4108	0.0000	0.6049	0.3293	1.0000	0.2741	0.2741	-0.0000	0.4385
35.0000	189.0000	Respond Naturally	Prunes	2.0000	2.0000	4.0000	2	-1.0000	1.1427	0.4873	0.8476	0.0000	0.4873	0.1577	-1.0000	-0.0295	0.0002	-0.0297	-0.0482
35.0000	190.0000	Respond Naturally	Skittles	5.0000	2.0000	2.0000	6	-1.0000	1.1931	0.4364	-0.2550	0.0000	0.4364	0.1944	-1.0000	0.2242	0.2473	-0.0232	0.5481
35.0000	191.0000	Decrease Desire	AlmondMilk	4.0000	4.0000	4.0000	4	-1.0000	1.4954	0.4032	0.9681	0.0000	0.4032	0.1619	-1.0000	-0.0600	0.0000	-0.0600	-0.1862
35.0000	192.0000	Decrease Desire	GreenGrapes	2.0000	5.0000	5.0000	1	-1.0000	1.4957	0.4536	0.9425	0.0000	0.4536	0.1206	-1.0000	-0.0683	0.0000	-0.0683	-0.1800
35.0000	193.0000	Decrease Desire	OikosYogurt	5.0000	4.0000	6.0000	6	-1.0000	1.6802	0.8063	0.4466	0.0000	0.8063	0.1925	-1.0000	0.0733	0.0733	-0.0000	0.1262
35.0000	194.0000	Decrease Desire	MnMPeanuts	4.0000	4.0000	2.0000	4	-1.0000	1.9822	1.3771	0.7076	0.0000	1.3771	0.2040	-1.0000	-0.0046	0.0037	-0.0083	-0.0534
35.0000	195.0000	Decrease Desire	Snickers	1.0000	1.0000	1.0000	3	-1.0000	0.9748	0.4200	0.5218	0.0000	0.4200	0.1702	-1.0000	0.0544	0.0553	-0.0009	0.0978
35.0000	196.0000	Decrease Desire	Butternut	4.0000	2.0000	4.0000	7	-1.0000	1.4279	0.8731	0.6669	0.0000	0.8731	0.1672	-1.0000	0.0471	0.0471	-0.0000	0.0996
35.0000	197.0000	Decrease Desire	MnMPlain	2.0000	1.0000	1.0000	5	-1.0000	1.3103	0.5208	0.2264	0.0000	0.5208	0.1826	-1.0000	0.0286	0.0747	-0.0461	-0.2075
35.0000	198.0000	Decrease Desire	IceCreamChocolate	5.0000	4.0000	3.0000	1	1.0000	1.3607	0.8229	-0.5463	0.0000	0.8229	0.2084	1.0000	0.3456	0.3456	-0.0000	0.5187
35.0000	199.0000	Decrease Desire	Asparagus	3.0000	4.0000	6.0000	3	-1.0000	1.3106	0.5372	0.2223	0.0000	0.5372	0.2140	-1.0000	0.0617	0.0710	-0.0093	0.1577
35.0000	200.0000	Decrease Desire	Onion	1.0000	1.0000	6.0000	2	-1.0000	0.8739	0.4872	0.6798	0.0000	0.4872	0.1802	-1.0000	0.0359	0.0359	-0.0000	0.0636
