Subject	Trial	Instruction	Food	Liking	Taste	Health	Amount	Choice	ChoiceRT	FirstDevTimeChoice	InitAngleChoice	NumChangeMindChoice	FinalDevTimeChoice	MaxVelocityChoice	DrxFirstDevChoice	TotalAUCChoice	AUCtoNonChosenChoice	AUCtoChosenChoice	MaxDevChoice
33.0000	1.0000	Respond Naturally	TofuDessert	1.0000	1.0000	5.0000	2	-1.0000	1.2098	0.5210	-0.0557	0.0000	0.5210	0.2075	-1.0000	0.1500	0.1500	-0.0000	0.2420
33.0000	2.0000	Respond Naturally	YorkPeppermintPatties	6.0000	6.0000	1.0000	2	1.0000	1.3778	0.5207	-0.0462	0.0000	0.5207	0.1624	1.0000	0.0434	0.0708	-0.0273	0.2112
33.0000	3.0000	Respond Naturally	KashiBars	4.0000	4.0000	4.0000	4	-1.0000	1.3612	0.3865	-0.3464	0.0000	0.3865	0.0944	-1.0000	0.1186	0.1186	-0.0000	0.2640
33.0000	4.0000	Respond Naturally	Mars	1.0000	3.0000	1.0000	4	-1.0000	1.2938	0.6216	-0.1420	1.0000	0.7561	0.1531	1.0000	0.1978	0.1978	-0.0000	0.6284
33.0000	5.0000	Respond Naturally	Smartfood	2.0000	2.0000	1.0000	2	-1.0000	1.0587	0.4536	0.3727	0.0000	0.4536	0.2703	-1.0000	0.0902	0.0902	-0.0000	0.1928
33.0000	6.0000	Respond Naturally	OatmealSquares	2.0000	2.0000	4.0000	3	-1.0000	1.2265	0.5879	0.2450	0.0000	0.5879	0.3413	-1.0000	0.0299	0.0709	-0.0409	-0.2463
33.0000	7.0000	Respond Naturally	CheeseNips	1.0000	1.0000	1.0000	2	-1.0000	1.2262	0.5542	-0.0000	0.0000	0.5542	0.2427	-1.0000	0.1012	0.1353	-0.0341	0.2786
33.0000	8.0000	Respond Naturally	SlimStyles	1.0000	1.0000	1.0000	6	-1.0000	1.2275	0.5380	-0.0000	0.0000	0.5380	0.1882	-1.0000	0.1012	0.1122	-0.0109	0.2445
33.0000	9.0000	Respond Naturally	AppleChips	5.0000	5.0000	5.0000	2	1.0000	1.6300	0.7732	-0.0230	0.0000	0.7732	0.2594	1.0000	0.0744	0.1303	-0.0559	-0.3716
33.0000	10.0000	Respond Naturally	Beets	4.0000	5.0000	6.0000	5	-1.0000	1.6291	0.7051	0.1293	0.0000	0.7051	0.1236	-1.0000	0.1349	0.1377	-0.0028	0.3202
33.0000	11.0000	Decrease Desire	Tuna	4.0000	4.0000	5.0000	4	-1.0000	1.4110	0.2352	0.1819	0.0000	0.2352	0.0934	-1.0000	0.0195	0.0234	-0.0039	0.1038
33.0000	12.0000	Decrease Desire	Cheetos	4.0000	1.0000	1.0000	6	-1.0000	1.5118	0.7224	0.3849	0.0000	0.7224	0.1562	-1.0000	0.0907	0.0907	-0.0000	0.2188
33.0000	13.0000	Decrease Desire	FrozenPeas	2.0000	3.0000	6.0000	2	-1.0000	1.7471	0.5879	0.2025	0.0000	0.5879	0.0998	-1.0000	0.0649	0.0649	-0.0000	0.1332
33.0000	14.0000	Decrease Desire	OatBran	3.0000	3.0000	5.0000	4	-1.0000	1.3773	0.3863	0.1205	0.0000	0.3863	0.1392	-1.0000	0.0727	0.0727	-0.0000	0.1677
33.0000	15.0000	Decrease Desire	Fritos	1.0000	1.0000	1.0000	5	-1.0000	1.1598	0.3360	0.1769	0.0000	0.3360	0.1254	-1.0000	0.1056	0.1056	-0.0000	0.2076
33.0000	16.0000	Decrease Desire	FrozenCorn	6.0000	6.0000	6.0000	4	1.0000	1.6802	0.6383	-0.0427	0.0000	0.6383	0.1323	1.0000	0.0946	0.0953	-0.0007	0.2799
33.0000	17.0000	Decrease Desire	Aero	5.0000	6.0000	1.0000	1	1.0000	1.5625	0.5039	-0.2169	0.0000	0.5039	0.1881	1.0000	0.1247	0.1247	-0.0000	0.2916
33.0000	18.0000	Decrease Desire	BBQCrisps	1.0000	4.0000	1.0000	6	-1.0000	1.1592	0.3191	-0.1759	0.0000	0.3191	0.0855	-1.0000	0.1367	0.1367	-0.0000	0.2342
33.0000	19.0000	Decrease Desire	Fritos	1.0000	1.0000	1.0000	2	-1.0000	1.1264	0.3364	0.3282	0.0000	0.3364	0.0884	-1.0000	0.1003	0.1003	-0.0000	0.2251
33.0000	20.0000	Decrease Desire	AllBranBar	3.0000	3.0000	5.0000	1	-1.0000	2.4703	1.1428	0.3270	0.0000	1.1428	0.0473	-1.0000	0.2134	0.2134	-0.0000	0.3774
33.0000	21.0000	Respond Naturally	EnglishCucumber	6.0000	6.0000	6.0000	5	1.0000	1.4447	0.6215	0.0000	0.0000	0.6215	0.0750	1.0000	0.1494	0.1494	-0.0000	0.2464
33.0000	22.0000	Respond Naturally	Pringles	6.0000	6.0000	1.0000	2	1.0000	1.5461	0.6218	-0.2251	0.0000	0.6218	0.1005	1.0000	0.2375	0.2382	-0.0006	0.4465
33.0000	23.0000	Respond Naturally	SkimMilk	6.0000	6.0000	6.0000	1	1.0000	1.5629	0.6050	0.0364	0.0000	0.6050	0.0863	1.0000	0.1713	0.1713	-0.0000	0.3500
33.0000	24.0000	Respond Naturally	Skittles	4.0000	1.0000	1.0000	6	-1.0000	2.0333	0.7058	0.0724	1.0000	0.9579	0.1027	1.0000	0.2854	0.2854	-0.0000	0.7752
33.0000	25.0000	Respond Naturally	IceCreamChocolate	6.0000	6.0000	1.0000	1	1.0000	1.3611	0.4029	0.0000	0.0000	0.4029	0.1347	1.0000	0.1394	0.1394	-0.0000	0.2713
33.0000	26.0000	Respond Naturally	Cauliflower	1.0000	2.0000	6.0000	2	-1.0000	1.2935	0.2851	0.1411	0.0000	0.2851	0.0620	-1.0000	0.1379	0.1379	-0.0000	0.2339
33.0000	27.0000	Respond Naturally	VegetableThins	4.0000	5.0000	3.0000	5	1.0000	1.4116	0.6554	-0.0199	0.0000	0.6554	0.0976	1.0000	0.1666	0.1666	-0.0000	0.3813
33.0000	28.0000	Respond Naturally	Mentos	2.0000	3.0000	1.0000	5	-1.0000	1.2264	0.4030	0.1123	0.0000	0.4030	0.0885	-1.0000	0.1759	0.1759	-0.0000	0.3368
33.0000	29.0000	Respond Naturally	Aero	6.0000	6.0000	1.0000	3	1.0000	1.3275	0.5210	0.0701	0.0000	0.5210	0.1486	1.0000	0.1777	0.1777	-0.0000	0.3618
33.0000	30.0000	Respond Naturally	GreenGrapes	6.0000	6.0000	6.0000	4	1.0000	1.6470	0.6721	-0.1233	0.0000	0.6721	0.2452	1.0000	0.2018	0.2018	-0.0000	0.5084
33.0000	31.0000	Decrease Desire	FrozenOkra	1.0000	1.0000	6.0000	5	-1.0000	1.6301	0.8235	-0.0158	0.0000	0.8235	0.0528	-1.0000	0.0963	0.0968	-0.0005	0.1767
33.0000	32.0000	Decrease Desire	SevenGrain	1.0000	2.0000	4.0000	3	-1.0000	1.7650	0.6225	0.1946	0.0000	0.6225	0.0615	-1.0000	0.1426	0.1427	-0.0002	0.3306
33.0000	33.0000	Decrease Desire	Raspberries	6.0000	6.0000	6.0000	5	1.0000	2.0668	1.0754	-0.1356	0.0000	1.0754	0.1592	1.0000	0.1182	0.1182	-0.0000	0.2226
33.0000	34.0000	Decrease Desire	HoneyNutCheerios	5.0000	5.0000	3.0000	5	1.0000	2.8055	1.7302	0.0000	0.0000	1.7302	0.0469	1.0000	0.2381	0.2381	-0.0000	0.4566
33.0000	35.0000	Decrease Desire	Avocado	2.0000	2.0000	6.0000	2	-1.0000	1.3774	0.6718	-0.0000	0.0000	0.6718	0.1845	-1.0000	0.0970	0.1127	-0.0157	0.2390
33.0000	36.0000	Decrease Desire	Prunes	1.0000	1.0000	5.0000	2	-1.0000	1.1930	0.5210	-0.0000	0.0000	0.5210	0.1246	-1.0000	0.0889	0.0889	-0.0000	0.2036
33.0000	37.0000	Decrease Desire	RomaineLettuce	5.0000	4.0000	6.0000	2	-1.0000	2.4871	1.0925	-0.0000	0.0000	1.0925	0.0476	-1.0000	0.1327	0.1327	-0.0000	0.2975
33.0000	38.0000	Decrease Desire	FrozenBlueberries	6.0000	6.0000	6.0000	3	1.0000	1.8989	0.7561	-0.2397	0.0000	0.7561	0.0972	1.0000	0.1851	0.1882	-0.0032	0.3325
33.0000	39.0000	Decrease Desire	Onion	1.0000	1.0000	4.0000	2	-1.0000	1.7812	0.8066	-0.1283	0.0000	0.8066	0.0482	-1.0000	0.1013	0.1031	-0.0018	0.2425
33.0000	40.0000	Decrease Desire	OatBran	3.0000	3.0000	5.0000	2	-1.0000	1.8146	0.4199	-0.0000	0.0000	0.4199	0.0564	-1.0000	0.1308	0.1319	-0.0010	0.2843
33.0000	41.0000	Decrease Desire	FrootLoops	6.0000	5.0000	3.0000	2	-1.0000	2.7560	1.1931	-0.0980	0.0000	1.1931	0.0707	-1.0000	0.2487	0.2487	-0.0000	0.5070
33.0000	42.0000	Decrease Desire	PCChipCookie	6.0000	6.0000	1.0000	5	1.0000	2.3861	0.9746	0.0000	0.0000	0.9746	0.1043	1.0000	0.0544	0.0544	-0.0000	0.1578
33.0000	43.0000	Decrease Desire	AppleChips	4.0000	5.0000	4.0000	5	1.0000	4.6544	3.7140	-0.0886	0.0000	3.7140	0.2055	1.0000	0.4776	0.4776	-0.0000	1.3779
33.0000	44.0000	Decrease Desire	Tuna	4.0000	3.0000	5.0000	2	-1.0000	2.1844	0.8571	-0.0797	0.0000	0.8571	0.0569	-1.0000	0.1352	0.1404	-0.0052	0.3628
33.0000	45.0000	Decrease Desire	MangoChunks	1.0000	3.0000	6.0000	5	-1.0000	1.6967	0.6049	-0.0000	0.0000	0.6049	0.0793	-1.0000	0.1753	0.1753	-0.0000	0.3520
33.0000	46.0000	Decrease Desire	Smartfood	2.0000	2.0000	1.0000	4	-1.0000	2.6888	1.0424	0.2971	0.0000	1.0424	0.0607	-1.0000	0.1243	0.1243	-0.0000	0.2169
33.0000	47.0000	Decrease Desire	WaterChestnuts	2.0000	3.0000	4.0000	5	-1.0000	1.5960	0.7392	0.3268	0.0000	0.7392	0.2049	-1.0000	0.0611	0.0613	-0.0002	0.1466
33.0000	48.0000	Decrease Desire	SkittlesSour	6.0000	6.0000	1.0000	3	-1.0000	3.8820	1.6804	0.2277	0.0000	1.6804	0.0537	-1.0000	0.0491	0.0616	-0.0125	0.1814
33.0000	49.0000	Decrease Desire	VanillaGreekYogurt	6.0000	6.0000	5.0000	4	1.0000	6.0641	2.4016	-0.3258	1.0000	2.9562	0.1335	-1.0000	0.4912	0.4912	-0.0000	1.3003
33.0000	50.0000	Decrease Desire	FrootLoops	6.0000	4.0000	3.0000	6	-1.0000	2.6044	1.1763	0.3063	0.0000	1.1763	0.0736	-1.0000	0.1201	0.1206	-0.0005	0.1900
33.0000	51.0000	Respond Naturally	CoffeeCrisp	6.0000	6.0000	1.0000	1	1.0000	1.8653	0.5546	-0.2635	0.0000	0.5546	0.1287	1.0000	0.1114	0.1114	-0.0000	0.2554
33.0000	52.0000	Respond Naturally	Triscuit	6.0000	4.0000	4.0000	2	1.0000	1.4953	0.7559	-0.0051	0.0000	0.7559	0.1306	1.0000	0.1523	0.1523	-0.0000	0.3391
33.0000	53.0000	Respond Naturally	Cheetos	4.0000	2.0000	1.0000	3	-1.0000	1.3116	0.4875	0.1969	0.0000	0.4875	0.0843	-1.0000	0.1846	0.1852	-0.0006	0.3823
33.0000	54.0000	Respond Naturally	FrozenOkra	1.0000	2.0000	6.0000	2	-1.0000	1.2260	0.4364	0.0818	0.0000	0.4364	0.1916	-1.0000	0.1214	0.1215	-0.0001	0.2917
33.0000	55.0000	Respond Naturally	MangoChunks	1.0000	3.0000	6.0000	2	-1.0000	1.7138	0.6053	0.3758	0.0000	0.6053	0.0502	-1.0000	0.0988	0.0988	-0.0000	0.2101
33.0000	56.0000	Respond Naturally	Broccoli	4.0000	2.0000	6.0000	4	-1.0000	2.1170	0.7732	0.0811	0.0000	0.7732	0.1665	-1.0000	0.1555	0.1665	-0.0109	0.2999
33.0000	57.0000	Respond Naturally	Reese	6.0000	6.0000	1.0000	1	1.0000	1.3614	0.5715	0.0150	0.0000	0.5715	0.1486	1.0000	0.1277	0.1281	-0.0004	0.2648
33.0000	58.0000	Respond Naturally	Beets	5.0000	4.0000	6.0000	2	1.0000	1.9991	1.1759	-0.1375	0.0000	1.1759	0.1523	1.0000	0.2255	0.2255	-0.0000	0.4844
33.0000	59.0000	Respond Naturally	ClamJuice	1.0000	1.0000	5.0000	3	-1.0000	1.5793	0.5041	0.2572	0.0000	0.5041	0.1284	-1.0000	0.0414	0.0444	-0.0030	0.1591
33.0000	60.0000	Respond Naturally	Shreddies	5.0000	4.0000	4.0000	5	-1.0000	1.7809	0.8568	0.4685	0.0000	0.8568	0.1013	-1.0000	0.0620	0.0809	-0.0189	0.2164
33.0000	61.0000	Respond Naturally	DriedApricots	1.0000	4.0000	4.0000	2	-1.0000	1.2433	0.4869	0.1377	0.0000	0.4869	0.0742	-1.0000	0.1196	0.1213	-0.0017	0.2259
33.0000	62.0000	Respond Naturally	SevenGrain	2.0000	3.0000	4.0000	1	-1.0000	1.4117	0.4704	0.2716	0.0000	0.4704	0.0538	-1.0000	0.1152	0.1152	-0.0000	0.1943
33.0000	63.0000	Respond Naturally	BabyFoodCarrots	1.0000	2.0000	5.0000	5	-1.0000	1.3945	0.7559	0.6796	0.0000	0.7559	0.1811	-1.0000	0.0428	0.0441	-0.0014	0.2713
33.0000	64.0000	Respond Naturally	BabyFoodCarrots	1.0000	2.0000	5.0000	3	-1.0000	1.1091	0.4201	0.5208	0.0000	0.4201	0.0750	-1.0000	0.0701	0.0706	-0.0005	0.1643
33.0000	65.0000	Respond Naturally	RiceKrispiesCereal	3.0000	5.0000	3.0000	3	-1.0000	1.6463	0.3359	0.3451	0.0000	0.3359	0.0611	-1.0000	0.0619	0.0666	-0.0046	0.1503
33.0000	66.0000	Respond Naturally	CheeseNips	1.0000	1.0000	1.0000	5	-1.0000	1.0920	0.1510	0.9642	0.0000	0.1510	0.0809	-1.0000	-0.0806	0.0000	-0.0806	-0.1720
33.0000	67.0000	Respond Naturally	Mars	2.0000	3.0000	1.0000	2	-1.0000	1.1595	0.4370	1.2162	0.0000	0.4370	0.1464	-1.0000	-0.0981	0.0013	-0.0994	-0.2026
33.0000	68.0000	Respond Naturally	Bananas	6.0000	6.0000	6.0000	3	1.0000	1.3271	0.4701	-0.1713	0.0000	0.4701	0.1400	1.0000	0.1385	0.1460	-0.0074	0.3358
33.0000	69.0000	Respond Naturally	OikosYogurt	6.0000	6.0000	5.0000	6	1.0000	2.5537	1.2433	-0.0352	0.0000	1.2433	0.1113	1.0000	0.1250	0.1250	-0.0000	0.2321
33.0000	70.0000	Respond Naturally	WelchsFruitSnacks	1.0000	1.0000	3.0000	1	-1.0000	1.3600	0.7218	0.1400	0.0000	0.7218	0.2471	-1.0000	0.0914	0.0914	-0.0000	0.1729
33.0000	71.0000	Decrease Desire	MnMPlain	6.0000	6.0000	1.0000	5	-1.0000	5.1571	2.8720	0.2279	0.0000	2.8720	0.1003	-1.0000	0.1678	0.1679	-0.0002	0.2635
33.0000	72.0000	Decrease Desire	RomaineLettuce	4.0000	5.0000	6.0000	4	-1.0000	2.8900	1.1090	0.0602	0.0000	1.1090	0.0426	-1.0000	0.0676	0.0696	-0.0020	0.1757
33.0000	73.0000	Decrease Desire	EnglishCucumber	6.0000	6.0000	6.0000	2	1.0000	4.2656	2.0316	-0.3884	0.0000	2.0316	0.0759	1.0000	0.1542	0.1542	-0.0000	0.3315
33.0000	74.0000	Decrease Desire	Orange	6.0000	6.0000	6.0000	1	1.0000	4.1500	1.8144	0.0000	0.0000	1.8144	0.0375	1.0000	0.1638	0.1638	-0.0000	0.2319
33.0000	75.0000	Decrease Desire	Spinach	4.0000	4.0000	6.0000	2	-1.0000	3.2597	1.6803	-0.3177	0.0000	1.6803	0.0986	-1.0000	0.0928	0.0928	-0.0000	0.1583
33.0000	76.0000	Decrease Desire	WelchsFruitSnacks	1.0000	1.0000	2.0000	3	-1.0000	2.0166	0.4705	0.0895	0.0000	0.4705	0.0694	-1.0000	0.0167	0.0245	-0.0078	0.1040
33.0000	77.0000	Decrease Desire	FrozenPeas	3.0000	3.0000	6.0000	6	-1.0000	1.9824	0.8397	0.1434	0.0000	0.8397	0.1426	-1.0000	0.0739	0.0798	-0.0059	0.1889
33.0000	78.0000	Decrease Desire	Mackerel	1.0000	1.0000	4.0000	3	-1.0000	1.7140	0.8738	-0.1191	0.0000	0.8738	0.0588	-1.0000	0.1114	0.1114	-0.0000	0.1966
33.0000	79.0000	Decrease Desire	GreenPepper	4.0000	1.0000	6.0000	6	-1.0000	2.1341	0.9748	0.0848	0.0000	0.9748	0.0381	-1.0000	0.1325	0.1325	-0.0000	0.2536
33.0000	80.0000	Decrease Desire	BrusselsSprouts	4.0000	5.0000	6.0000	4	-1.0000	2.5199	0.7391	0.4937	0.0000	0.7391	0.1510	-1.0000	-0.0205	0.0379	-0.0584	-0.1289
33.0000	81.0000	Respond Naturally	Triscuit	5.0000	4.0000	4.0000	5	-1.0000	2.2832	1.4267	0.0054	0.0000	1.4267	0.1557	-1.0000	0.2229	0.2283	-0.0054	0.3495
33.0000	82.0000	Respond Naturally	OatmealSquares	1.0000	2.0000	2.0000	7	-1.0000	1.0759	0.4034	0.0707	0.0000	0.4034	0.0884	-1.0000	0.1130	0.1130	-0.0000	0.2098
33.0000	83.0000	Respond Naturally	SunChips	1.0000	1.0000	1.0000	4	-1.0000	1.1261	0.4201	-0.0355	0.0000	0.4201	0.0920	-1.0000	0.1156	0.1156	-0.0000	0.2347
33.0000	84.0000	Respond Naturally	Mackerel	1.0000	1.0000	4.0000	1	-1.0000	1.1257	0.5375	0.3990	0.0000	0.5375	0.0958	-1.0000	0.0722	0.0722	-0.0000	0.1340
33.0000	85.0000	Respond Naturally	Smarties	6.0000	2.0000	1.0000	5	-1.0000	1.3446	0.4706	0.1581	0.0000	0.4706	0.1025	-1.0000	0.1482	0.1482	-0.0001	0.2940
33.0000	86.0000	Respond Naturally	Mentos	3.0000	3.0000	1.0000	2	-1.0000	1.2270	0.3867	0.1443	0.0000	0.3867	0.0823	-1.0000	0.1074	0.1078	-0.0003	0.2213
33.0000	87.0000	Respond Naturally	GreenBeans	3.0000	4.0000	6.0000	4	-1.0000	1.1095	0.1513	0.4505	0.0000	0.1513	0.1025	-1.0000	0.0690	0.0697	-0.0007	0.1316
33.0000	88.0000	Respond Naturally	SkittlesSour	6.0000	4.0000	1.0000	6	-1.0000	3.2410	0.1512	0.4536	0.0000	0.1512	0.1096	-1.0000	0.0660	0.0699	-0.0039	0.1657
33.0000	89.0000	Respond Naturally	RaisinBran	1.0000	3.0000	4.0000	7	-1.0000	1.4615	0.8398	0.8765	0.0000	0.8398	0.1466	-1.0000	0.0494	0.0589	-0.0095	0.1233
33.0000	90.0000	Respond Naturally	Broccoli	3.0000	3.0000	6.0000	1	1.0000	2.5027	0.9071	-0.1774	0.0000	0.9071	0.1056	1.0000	0.2187	0.2187	-0.0000	0.4522
33.0000	91.0000	Decrease Desire	GreenGrapes	3.0000	6.0000	6.0000	1	1.0000	4.6022	3.2914	-0.3388	0.0000	3.2914	0.0686	1.0000	0.2088	0.2090	-0.0002	0.2910
33.0000	92.0000	Decrease Desire	CoffeeCrisp	6.0000	6.0000	1.0000	3	-1.0000	2.4867	1.2266	0.2583	0.0000	1.2266	0.1476	-1.0000	0.0955	0.1099	-0.0144	0.2798
33.0000	93.0000	Decrease Desire	Raspberries	6.0000	6.0000	6.0000	4	-1.0000	5.0389	0.6887	0.3124	0.0000	0.6887	0.0527	-1.0000	0.0897	0.0924	-0.0027	0.1963
33.0000	94.0000	Decrease Desire	SlicedTurkey	2.0000	2.0000	3.0000	2	-1.0000	1.4449	0.8063	0.1955	0.0000	0.8063	0.1516	-1.0000	0.0834	0.0834	-0.0000	0.1302
33.0000	95.0000	Decrease Desire	Strawberries	6.0000	6.0000	6.0000	2	1.0000	2.5035	1.3774	-0.4025	0.0000	1.3774	0.0651	1.0000	0.2160	0.2160	-0.0000	0.4588
33.0000	96.0000	Decrease Desire	SlimStyles	1.0000	1.0000	1.0000	2	-1.0000	1.3949	0.4706	0.2229	0.0000	0.4706	0.1539	-1.0000	0.0296	0.0441	-0.0145	0.1404
33.0000	97.0000	Decrease Desire	AllBranCereal	1.0000	2.0000	5.0000	6	-1.0000	1.5622	0.6215	0.4061	0.0000	0.6215	0.1754	-1.0000	0.1180	0.1180	-0.0000	0.3715
33.0000	98.0000	Decrease Desire	TofuDessert	1.0000	1.0000	5.0000	4	-1.0000	1.3950	0.3866	0.6743	0.0000	0.3866	0.1883	-1.0000	-0.0484	0.0151	-0.0635	-0.3491
33.0000	99.0000	Decrease Desire	Reese	6.0000	6.0000	1.0000	4	-1.0000	5.9285	2.1499	0.2499	0.0000	2.1499	0.1314	-1.0000	0.1126	0.1134	-0.0008	0.2412
33.0000	100.0000	Decrease Desire	BrusselsSprouts	5.0000	4.0000	6.0000	2	-1.0000	3.0578	0.4538	0.0364	0.0000	0.4538	0.0860	-1.0000	0.0460	0.0473	-0.0012	0.1685
33.0000	101.0000	Respond Naturally	Doritos	6.0000	5.0000	1.0000	2	1.0000	1.8985	0.9070	0.0218	0.0000	0.9070	0.0649	1.0000	0.1975	0.1975	-0.0000	0.3384
33.0000	102.0000	Respond Naturally	CannedArtichoke	2.0000	2.0000	5.0000	5	-1.0000	1.2600	0.6887	-0.0785	0.0000	0.6887	0.1530	-1.0000	0.1682	0.1682	-0.0000	0.3028
33.0000	103.0000	Respond Naturally	Pringles	6.0000	6.0000	1.0000	5	-1.0000	2.0497	1.2598	0.2717	0.0000	1.2598	0.3102	-1.0000	0.2127	0.2318	-0.0191	0.4355
33.0000	104.0000	Respond Naturally	MnMPeanuts	6.0000	6.0000	1.0000	4	-1.0000	2.5696	1.9479	-0.0431	0.0000	1.9479	0.0979	-1.0000	0.1819	0.1822	-0.0003	0.2681
33.0000	105.0000	Respond Naturally	IceCreamChocolate	6.0000	6.0000	1.0000	4	1.0000	1.5464	0.8405	-0.2095	0.0000	0.8405	0.1371	1.0000	0.2034	0.2034	-0.0001	0.3944
33.0000	106.0000	Respond Naturally	KashiBars	3.0000	3.0000	4.0000	1	-1.0000	1.1926	0.6887	0.1467	0.0000	0.6887	0.1419	-1.0000	0.1075	0.1075	-0.0001	0.2005
33.0000	107.0000	Respond Naturally	GreenPepper	2.0000	3.0000	6.0000	2	-1.0000	1.5283	0.6212	0.3535	0.0000	0.6212	0.1622	-1.0000	0.0512	0.0593	-0.0081	0.1432
33.0000	108.0000	Respond Naturally	AlmondMilk	2.0000	2.0000	4.0000	4	-1.0000	1.1090	0.4200	0.4284	0.0000	0.4200	0.1543	-1.0000	0.0957	0.0957	-0.0000	0.1788
33.0000	109.0000	Respond Naturally	GreenApple	6.0000	6.0000	6.0000	2	1.0000	1.1765	0.5043	0.1832	0.0000	0.5043	0.0996	1.0000	0.0652	0.0652	-0.0000	0.1438
33.0000	110.0000	Respond Naturally	PopTartStrawberry	5.0000	6.0000	1.0000	2	1.0000	8.3294	1.7809	0.0168	1.0000	4.5009	0.0524	-1.0000	0.2734	0.2734	-0.0000	0.4765
33.0000	111.0000	Decrease Desire	RitzCrackers	5.0000	6.0000	1.0000	2	-1.0000	3.9134	2.7875	0.0060	0.0000	2.7875	0.1129	-1.0000	0.1793	0.1793	-0.0000	0.2699
33.0000	112.0000	Decrease Desire	Prunes	1.0000	1.0000	5.0000	5	-1.0000	1.7976	0.9238	-0.2671	0.0000	0.9238	0.0825	-1.0000	0.0945	0.0945	-0.0000	0.1918
33.0000	113.0000	Decrease Desire	Cauliflower	2.0000	3.0000	6.0000	6	-1.0000	3.3264	1.4612	0.4081	0.0000	1.4612	0.0422	-1.0000	0.0625	0.0631	-0.0006	0.1334
33.0000	114.0000	Decrease Desire	Snickers	2.0000	2.0000	1.0000	2	-1.0000	1.8816	0.9068	0.7219	0.0000	0.9068	0.0754	-1.0000	-0.0114	0.0120	-0.0234	-0.1110
33.0000	115.0000	Decrease Desire	DriedHerring	1.0000	1.0000	4.0000	1	-1.0000	2.5711	1.4793	0.7611	0.0000	1.4793	0.1201	-1.0000	-0.0005	0.0107	-0.0112	-0.0804
33.0000	116.0000	Decrease Desire	AlmondMilk	2.0000	2.0000	4.0000	2	-1.0000	2.3860	0.1850	0.9563	0.0000	0.1850	0.0575	-1.0000	-0.0098	0.0088	-0.0186	-0.0603
33.0000	117.0000	Decrease Desire	OikosYogurt	6.0000	6.0000	5.0000	3	-1.0000	3.1738	2.2663	1.1230	0.0000	2.2663	0.0766	-1.0000	-0.0237	0.0146	-0.0382	0.1072
33.0000	118.0000	Decrease Desire	BabyFoodSweetPotatos	1.0000	2.0000	5.0000	2	-1.0000	1.6463	0.7388	0.9565	0.0000	0.7388	0.0764	-1.0000	-0.0320	0.0006	-0.0326	-0.0634
33.0000	119.0000	Decrease Desire	Asparagus	6.0000	6.0000	6.0000	3	-1.0000	4.5348	2.3508	0.2154	0.0000	2.3508	0.0665	-1.0000	0.0412	0.0479	-0.0067	0.1224
33.0000	120.0000	Decrease Desire	RaisinBran	1.0000	2.0000	5.0000	3	-1.0000	1.9149	0.9571	0.3781	0.0000	0.9571	0.0627	-1.0000	0.0846	0.0861	-0.0015	0.1337
33.0000	121.0000	Respond Naturally	Butternut	2.0000	3.0000	6.0000	7	-1.0000	1.7805	0.6217	0.2727	0.0000	0.6217	0.0709	-1.0000	0.1592	0.1646	-0.0055	0.3043
33.0000	122.0000	Respond Naturally	Tempeh	1.0000	1.0000	2.0000	4	-1.0000	1.1254	0.6048	0.0694	0.0000	0.6048	0.1016	-1.0000	0.2165	0.2165	-0.0000	0.3491
33.0000	123.0000	Respond Naturally	Strawberries	6.0000	6.0000	6.0000	3	-1.0000	1.8481	1.0080	0.0171	0.0000	1.0080	0.0849	-1.0000	0.2601	0.2601	-0.0000	0.4611
33.0000	124.0000	Respond Naturally	DriedApricots	1.0000	4.0000	4.0000	5	-1.0000	1.0421	0.3362	0.1185	0.0000	0.3362	0.1052	-1.0000	0.1242	0.1256	-0.0014	0.2343
33.0000	125.0000	Respond Naturally	SpeltCakes	1.0000	1.0000	4.0000	2	-1.0000	1.1763	0.2689	0.1982	0.0000	0.2689	0.0901	-1.0000	0.1091	0.1092	-0.0001	0.1947
33.0000	126.0000	Respond Naturally	FrozenPeaches	6.0000	6.0000	6.0000	5	1.0000	1.8815	0.6715	-0.6474	0.0000	0.6715	0.1476	1.0000	0.1377	0.1764	-0.0387	0.4722
33.0000	127.0000	Respond Naturally	Twizzlers	5.0000	4.0000	1.0000	2	1.0000	1.8648	1.1253	0.2512	0.0000	1.1253	0.1541	1.0000	0.2433	0.2437	-0.0004	0.4968
33.0000	128.0000	Respond Naturally	SpeltCakes	1.0000	1.0000	4.0000	5	-1.0000	1.0762	0.4205	-0.0000	0.0000	0.4205	0.2317	-1.0000	0.0230	0.0621	-0.0391	-0.2331
33.0000	129.0000	Respond Naturally	IceCreamVanilla	6.0000	6.0000	1.0000	1	1.0000	2.0672	1.1428	-0.2112	0.0000	1.1428	0.0852	1.0000	0.3274	0.3274	-0.0000	0.6322
33.0000	130.0000	Respond Naturally	PCChipCookie	6.0000	6.0000	1.0000	2	1.0000	1.8815	0.5042	0.0000	0.0000	0.5042	0.1422	1.0000	0.0738	0.0738	-0.0000	0.2112
33.0000	131.0000	Decrease Desire	Caramilk	6.0000	6.0000	1.0000	2	-1.0000	4.4849	1.9484	-0.0000	1.0000	2.6375	0.0995	-1.0000	0.0925	0.0925	-0.0000	0.2836
33.0000	132.0000	Decrease Desire	Starburst	5.0000	2.0000	1.0000	3	-1.0000	1.9822	0.4537	0.1655	0.0000	0.4537	0.0659	-1.0000	0.0486	0.0486	-0.0000	0.1335
33.0000	133.0000	Decrease Desire	Cheerios	5.0000	5.0000	4.0000	5	-1.0000	1.9664	0.8744	-0.1253	0.0000	0.8744	0.0574	-1.0000	0.0738	0.0738	-0.0000	0.1799
33.0000	134.0000	Decrease Desire	Tempeh	1.0000	1.0000	2.0000	2	-1.0000	1.4446	0.3528	0.0931	0.0000	0.3528	0.0865	-1.0000	0.0508	0.0508	-0.0000	0.1482
33.0000	135.0000	Decrease Desire	HoneyNutCheerios	4.0000	3.0000	3.0000	2	-1.0000	2.1004	0.8568	0.0276	0.0000	0.8568	0.0478	-1.0000	0.0703	0.0745	-0.0042	0.1681
33.0000	136.0000	Decrease Desire	PureFit	2.0000	1.0000	1.0000	2	-1.0000	1.6961	1.0408	0.4434	0.0000	1.0408	0.1240	-1.0000	0.0991	0.0991	-0.0000	0.1546
33.0000	137.0000	Decrease Desire	Snickers	1.0000	2.0000	1.0000	3	-1.0000	1.2773	0.3530	0.1320	0.0000	0.3530	0.0992	-1.0000	0.0774	0.0774	-0.0000	0.1745
33.0000	138.0000	Decrease Desire	Cheerios	5.0000	5.0000	4.0000	2	-1.0000	2.6549	0.7732	-0.3087	0.0000	0.7732	0.0564	-1.0000	0.0610	0.0610	-0.0000	0.1838
33.0000	139.0000	Decrease Desire	FrozenBroccoli	4.0000	3.0000	6.0000	2	-1.0000	3.1420	1.9828	0.0734	0.0000	1.9828	0.1067	-1.0000	0.0461	0.0676	-0.0216	0.2017
33.0000	140.0000	Decrease Desire	Celery	6.0000	6.0000	6.0000	2	-1.0000	2.0999	1.2263	-0.3620	0.0000	1.2263	0.1180	-1.0000	0.0889	0.0889	-0.0000	0.1769
33.0000	141.0000	Decrease Desire	Celery	6.0000	3.0000	6.0000	4	-1.0000	2.1336	0.4536	0.3535	0.0000	0.4536	0.1222	-1.0000	0.0523	0.0573	-0.0050	0.1510
33.0000	142.0000	Decrease Desire	YorkPeppermintPatties	6.0000	6.0000	1.0000	4	-1.0000	5.2925	2.1343	0.2109	0.0000	2.1343	0.0486	-1.0000	0.1055	0.1098	-0.0044	0.2332
33.0000	143.0000	Decrease Desire	RufflesSourCreamOnion	6.0000	6.0000	1.0000	5	-1.0000	3.2765	1.3942	0.3140	0.0000	1.3942	0.0529	-1.0000	0.0404	0.0536	-0.0131	0.1397
33.0000	144.0000	Decrease Desire	Butternut	3.0000	3.0000	6.0000	3	-1.0000	3.0245	1.4281	0.0041	0.0000	1.4281	0.0500	-1.0000	0.1260	0.1260	-0.0000	0.2024
33.0000	145.0000	Decrease Desire	SunChips	1.0000	1.0000	1.0000	2	-1.0000	2.2345	0.3190	-0.0000	0.0000	0.3190	0.0813	-1.0000	-0.0296	0.0329	-0.0625	-0.2006
33.0000	146.0000	Decrease Desire	FrozenCorn	6.0000	6.0000	6.0000	2	-1.0000	8.4817	7.0371	-0.0000	0.0000	7.0371	0.0500	-1.0000	0.1736	0.1736	-0.0000	0.3150
33.0000	147.0000	Decrease Desire	Asparagus	6.0000	6.0000	6.0000	6	-1.0000	4.8551	0.9748	0.4816	0.0000	0.9748	0.1093	-1.0000	0.0472	0.0669	-0.0197	0.2376
33.0000	148.0000	Decrease Desire	FrozenBlueberries	6.0000	6.0000	6.0000	1	1.0000	5.6260	1.0082	-0.1711	0.0000	1.0082	0.0905	1.0000	0.0526	0.0526	-0.0000	0.1963
33.0000	149.0000	Decrease Desire	Caramilk	5.0000	6.0000	1.0000	5	-1.0000	6.3829	4.2158	-0.1851	0.0000	4.2158	0.2090	-1.0000	0.1376	0.1409	-0.0033	0.2561
33.0000	150.0000	Decrease Desire	LaysClassic	6.0000	6.0000	1.0000	4	1.0000	9.9918	4.8543	0.0000	0.0000	4.8543	0.0535	1.0000	0.1024	0.1092	-0.0069	0.3458
33.0000	151.0000	Respond Naturally	MnMPlain	6.0000	6.0000	1.0000	3	1.0000	1.2431	0.5374	-0.1953	0.0000	0.5374	0.1394	1.0000	0.1267	0.1284	-0.0017	0.2596
33.0000	152.0000	Respond Naturally	NatureValleyChocolate	6.0000	5.0000	3.0000	4	-1.0000	1.5966	0.7564	0.1035	0.0000	0.7564	0.0551	-1.0000	0.1817	0.1817	-0.0000	0.3336
33.0000	153.0000	Respond Naturally	CornFlakes	2.0000	4.0000	3.0000	3	-1.0000	1.3105	0.3023	0.3010	0.0000	0.3023	0.1726	-1.0000	0.0669	0.0728	-0.0058	0.1843
33.0000	154.0000	Respond Naturally	ProMax	2.0000	1.0000	1.0000	2	-1.0000	1.3272	0.2518	0.0462	0.0000	0.2518	0.2313	-1.0000	0.0861	0.0861	-0.0000	0.1748
33.0000	155.0000	Respond Naturally	Skittles	3.0000	3.0000	1.0000	3	-1.0000	2.7391	1.9830	-0.0194	0.0000	1.9830	0.0578	-1.0000	0.2773	0.2773	-0.0000	0.5041
33.0000	156.0000	Respond Naturally	Nutella	2.0000	3.0000	4.0000	4	-1.0000	1.1762	0.4201	0.4248	0.0000	0.4201	0.0956	-1.0000	0.1545	0.1545	-0.0000	0.2998
33.0000	157.0000	Respond Naturally	SlicedTurkey	2.0000	2.0000	3.0000	5	-1.0000	1.5294	0.2858	0.1675	0.0000	0.2858	0.1303	-1.0000	0.1012	0.1012	-0.0000	0.2179
33.0000	158.0000	Respond Naturally	Starburst	5.0000	3.0000	1.0000	6	-1.0000	1.1595	0.3360	0.4718	0.0000	0.3360	0.1495	-1.0000	0.0723	0.0781	-0.0059	0.1591
33.0000	159.0000	Respond Naturally	LaysClassic	6.0000	6.0000	1.0000	3	1.0000	2.3526	0.9581	0.2390	0.0000	0.9581	0.0766	1.0000	0.1707	0.1771	-0.0064	0.4034
33.0000	160.0000	Respond Naturally	SkimMilk	6.0000	6.0000	5.0000	4	-1.0000	2.1343	0.5548	0.0908	0.0000	0.5548	0.0461	-1.0000	0.0461	0.0514	-0.0053	0.1360
33.0000	161.0000	Respond Naturally	ClamJuice	1.0000	1.0000	4.0000	1	-1.0000	1.9657	0.6047	0.1674	0.0000	0.6047	0.1128	-1.0000	0.0783	0.0783	-0.0000	0.1916
33.0000	162.0000	Respond Naturally	Avocado	2.0000	3.0000	6.0000	5	-1.0000	1.3781	0.4203	0.3868	0.0000	0.4203	0.1365	-1.0000	0.0619	0.0623	-0.0004	0.1307
33.0000	163.0000	Respond Naturally	VanillaGreekYogurt	6.0000	6.0000	5.0000	2	1.0000	2.5206	1.6974	-0.3807	0.0000	1.6974	0.0412	1.0000	0.2134	0.2134	-0.0000	0.3530
33.0000	164.0000	Respond Naturally	RedPepper	3.0000	3.0000	6.0000	2	-1.0000	1.5288	0.8062	-0.0748	0.0000	0.8062	0.1503	-1.0000	0.1308	0.1365	-0.0057	0.2955
33.0000	165.0000	Respond Naturally	FrozenBroccoli	4.0000	3.0000	6.0000	6	-1.0000	1.4958	0.4203	0.1455	0.0000	0.4203	0.1586	-1.0000	-0.0392	0.0282	-0.0674	-0.2430
33.0000	166.0000	Respond Naturally	AllBranCereal	1.0000	2.0000	4.0000	2	-1.0000	1.2434	0.4031	-0.1905	0.0000	0.4031	0.0699	-1.0000	0.1109	0.1109	-0.0000	0.2352
33.0000	167.0000	Respond Naturally	IceCreamVanilla	6.0000	6.0000	1.0000	4	1.0000	2.9236	1.8821	0.1109	0.0000	1.8821	0.0774	1.0000	0.2444	0.2444	-0.0000	0.6643
33.0000	168.0000	Respond Naturally	Orange	6.0000	6.0000	6.0000	5	-1.0000	2.3355	0.7896	-0.1047	0.0000	0.7896	0.0922	-1.0000	0.1343	0.1441	-0.0097	0.2855
33.0000	169.0000	Respond Naturally	Bananas	6.0000	6.0000	6.0000	2	1.0000	1.3949	0.7732	-0.2048	0.0000	0.7732	0.1387	1.0000	0.2382	0.2382	-0.0000	0.4239
33.0000	170.0000	Respond Naturally	Almonds	2.0000	2.0000	4.0000	2	-1.0000	1.2605	0.5044	-0.2177	0.0000	0.5044	0.1504	-1.0000	0.1580	0.1615	-0.0036	0.3412
33.0000	171.0000	Decrease Desire	Smarties	5.0000	4.0000	1.0000	2	-1.0000	4.0653	1.2425	-0.2679	0.0000	1.2425	0.0672	-1.0000	0.1780	0.1787	-0.0007	0.3122
33.0000	172.0000	Decrease Desire	VegetableThins	4.0000	5.0000	3.0000	2	-1.0000	2.4366	1.3276	0.4785	0.0000	1.3276	0.1101	-1.0000	0.1580	0.1614	-0.0033	0.2777
33.0000	173.0000	Decrease Desire	FrozenPeaches	6.0000	6.0000	6.0000	2	1.0000	6.2145	2.2684	0.1511	0.0000	2.2684	0.0323	1.0000	0.1813	0.1813	-0.0000	0.3234
33.0000	174.0000	Decrease Desire	NatureValleyChocolate	6.0000	5.0000	3.0000	1	-1.0000	2.1171	0.8404	0.0890	0.0000	0.8404	0.1790	-1.0000	0.1805	0.1805	-0.0000	0.2899
33.0000	175.0000	Decrease Desire	RitzCrackers	5.0000	5.0000	2.0000	5	-1.0000	3.4929	1.6122	-0.2000	0.0000	1.6122	0.2375	-1.0000	0.1304	0.1304	-0.0000	0.3262
33.0000	176.0000	Decrease Desire	Shreddies	5.0000	4.0000	4.0000	2	-1.0000	4.7032	3.9136	0.0416	0.0000	3.9136	0.1002	-1.0000	0.0756	0.0777	-0.0021	0.1274
33.0000	177.0000	Decrease Desire	Onion	1.0000	1.0000	4.0000	4	-1.0000	1.9997	0.7562	0.1121	0.0000	0.7562	0.0587	-1.0000	0.1291	0.1291	-0.0000	0.2566
33.0000	178.0000	Decrease Desire	PureFit	1.0000	1.0000	1.0000	4	-1.0000	2.2352	0.6554	0.5255	0.0000	0.6554	0.0935	-1.0000	0.0676	0.0789	-0.0113	0.1468
33.0000	179.0000	Decrease Desire	ClifBar	5.0000	6.0000	4.0000	2	1.0000	9.9928	5.0388	-0.2598	0.0000	5.0388	0.1371	1.0000	0.4617	0.4617	-0.0000	1.0709
33.0000	180.0000	Decrease Desire	GreenApple	6.0000	6.0000	6.0000	4	1.0000	6.6676	2.2514	0.4102	0.0000	2.2514	0.0452	1.0000	0.1346	0.1346	-0.0000	0.3807
33.0000	181.0000	Respond Naturally	Almonds	2.0000	2.0000	3.0000	4	-1.0000	1.1765	0.4369	0.0930	0.0000	0.4369	0.1081	-1.0000	0.1244	0.1258	-0.0014	0.2409
33.0000	182.0000	Respond Naturally	Spinach	4.0000	3.0000	6.0000	4	-1.0000	1.3770	0.7554	-0.0000	0.0000	0.7554	0.1602	-1.0000	0.1681	0.1681	-0.0000	0.2579
33.0000	183.0000	Respond Naturally	Doritos	6.0000	5.0000	1.0000	5	1.0000	1.5293	0.5545	-0.0058	0.0000	0.5545	0.0872	1.0000	0.2542	0.2542	-0.0000	0.4219
33.0000	184.0000	Respond Naturally	RiceKrispiesCereal	4.0000	4.0000	3.0000	7	-1.0000	1.1422	0.4870	-0.0028	0.0000	0.4870	0.2027	-1.0000	0.1506	0.1507	-0.0001	0.2915
33.0000	185.0000	Respond Naturally	MnMPeanuts	6.0000	6.0000	1.0000	2	1.0000	1.4620	0.5714	0.0000	0.0000	0.5714	0.0610	1.0000	0.1465	0.1467	-0.0002	0.3052
33.0000	186.0000	Respond Naturally	GreenBeans	3.0000	3.0000	6.0000	2	-1.0000	2.1848	1.0421	0.4150	0.0000	1.0421	0.0846	-1.0000	0.1714	0.1714	-0.0000	0.2708
33.0000	187.0000	Respond Naturally	WaterChestnuts	2.0000	3.0000	4.0000	3	-1.0000	1.2434	0.3527	-0.1059	0.0000	0.3527	0.1104	-1.0000	0.1581	0.1581	-0.0000	0.2843
33.0000	188.0000	Respond Naturally	RufflesSourCreamOnion	6.0000	6.0000	1.0000	3	1.0000	1.7646	0.6053	0.0000	0.0000	0.6053	0.1254	1.0000	0.0617	0.0876	-0.0258	0.2966
33.0000	189.0000	Respond Naturally	Twizzlers	4.0000	4.0000	1.0000	4	-1.0000	1.9833	1.1263	0.2157	0.0000	1.1263	0.1386	-1.0000	0.2286	0.2286	-0.0000	0.3961
33.0000	190.0000	Respond Naturally	RedPepper	1.0000	3.0000	6.0000	5	-1.0000	1.3109	0.3192	-0.0556	0.0000	0.3192	0.0674	-1.0000	0.1387	0.1387	-0.0000	0.2539
33.0000	191.0000	Decrease Desire	ProMax	2.0000	1.0000	1.0000	4	-1.0000	2.5039	0.8739	0.2748	0.0000	0.8739	0.0528	-1.0000	0.0925	0.0946	-0.0021	0.2170
33.0000	192.0000	Decrease Desire	Nutella	3.0000	2.0000	3.0000	1	-1.0000	2.2854	1.0758	0.4642	0.0000	1.0758	0.0464	-1.0000	0.0668	0.0668	-0.0000	0.1412
33.0000	193.0000	Decrease Desire	PopTartStrawberry	6.0000	6.0000	1.0000	5	-1.0000	2.6723	0.9245	0.0710	0.0000	0.9245	0.0603	-1.0000	0.0680	0.0905	-0.0224	0.2268
33.0000	194.0000	Decrease Desire	ClifBar	5.0000	6.0000	4.0000	4	-1.0000	5.8802	0.8741	0.4908	0.0000	0.8741	0.0311	-1.0000	0.0556	0.0578	-0.0022	0.1326
33.0000	195.0000	Decrease Desire	AllBranBar	2.0000	4.0000	4.0000	3	-1.0000	2.1509	0.9410	0.1727	0.0000	0.9410	0.1113	-1.0000	0.1019	0.1072	-0.0053	0.1978
33.0000	196.0000	Decrease Desire	CornFlakes	2.0000	3.0000	4.0000	6	-1.0000	2.1005	0.7898	0.2933	0.0000	0.7898	0.0422	-1.0000	0.0358	0.0548	-0.0190	0.1580
33.0000	197.0000	Decrease Desire	BBQCrisps	1.0000	2.0000	1.0000	2	-1.0000	1.9157	1.1594	0.3962	0.0000	1.1594	0.0699	-1.0000	0.0966	0.0966	-0.0000	0.1429
33.0000	198.0000	Decrease Desire	CannedArtichoke	1.0000	2.0000	4.0000	2	-1.0000	2.2350	1.0251	0.5318	0.0000	1.0251	0.0576	-1.0000	0.0395	0.0524	-0.0129	0.1417
33.0000	199.0000	Decrease Desire	BabyFoodSweetPotatos	3.0000	2.0000	5.0000	5	-1.0000	1.7297	0.9570	-0.1609	0.0000	0.9570	0.1899	-1.0000	0.1422	0.1422	-0.0000	0.2642
33.0000	200.0000	Decrease Desire	DriedHerring	1.0000	1.0000	4.0000	3	-1.0000	1.0755	0.3529	0.2183	0.0000	0.3529	0.0865	-1.0000	0.0989	0.0991	-0.0002	0.1889
