Subject	Block	Trial	Attribute	Food	Rating	RT
125.0000	1.0000	1.0000	Liking	OikosYogurt_6_1c.jpg	5.0000	5.9920
125.0000	1.0000	2.0000	Liking	KashiBars_1_0.5bar.jpg	2.0000	5.6101
125.0000	1.0000	3.0000	Liking	Pringles_2_3Chips.jpg	6.0000	3.0425
125.0000	1.0000	4.0000	Liking	MangoChunks_2_3.jpg	6.0000	1.3770
125.0000	1.0000	5.0000	Liking	VanillaGreekYogurt_4_1cup.jpg	5.0000	2.3242
125.0000	1.0000	6.0000	Liking	BrusselsSprouts_4_1Box.jpg	1.0000	1.5776
125.0000	1.0000	7.0000	Liking	WaterChestnuts_5_0.5can.jpg	1.0000	5.7170
125.0000	1.0000	8.0000	Liking	FrootLoops_2_2T.jpg	6.0000	1.7812
125.0000	1.0000	9.0000	Liking	GreenPepper_6_1pepper.jpg	1.0000	1.0305
125.0000	1.0000	10.0000	Liking	Doritos_5_20chips.jpg	6.0000	0.6532
125.0000	1.0000	11.0000	Liking	Orange_1_0.25orange.jpg	6.0000	1.0213
125.0000	1.0000	12.0000	Liking	CannedArtichoke_2_2.jpg	1.0000	1.1665
125.0000	1.0000	13.0000	Liking	SunChips_2_3Chips.jpg	6.0000	1.0527
125.0000	1.0000	14.0000	Liking	TofuDessert_2_2Tbsp.jpg	1.0000	0.9327
125.0000	1.0000	15.0000	Liking	DriedHerring_1_1fish.jpg	1.0000	0.8094
125.0000	1.0000	16.0000	Liking	GreenBeans_2_9beans.jpg	2.0000	2.2881
125.0000	1.0000	17.0000	Liking	MnMPlain_3_1tbsp.jpg	6.0000	0.7188
125.0000	1.0000	18.0000	Liking	DriedApricots_5_0.75cup.jpg	3.0000	1.8988
125.0000	1.0000	19.0000	Liking	YorkPeppermintPatties_4_12.jpg	5.0000	6.7181
125.0000	1.0000	20.0000	Liking	FrozenPeaches_2_3Slices.jpg	4.0000	1.2509
125.0000	1.0000	21.0000	Liking	VegetableThins_2_5Chips.jpg	4.0000	1.3470
125.0000	1.0000	22.0000	Liking	YorkPeppermintPatties_2_3.jpg	2.0000	1.3095
125.0000	1.0000	23.0000	Liking	Tuna_4_1can.jpg	1.0000	1.6515
125.0000	1.0000	24.0000	Liking	Aero_1_1pc.jpg	6.0000	0.8357
125.0000	1.0000	25.0000	Liking	FrootLoops_6_2Cups.jpg	6.0000	0.8551
125.0000	1.0000	26.0000	Liking	Snickers_2_1Bar.jpg	6.0000	0.5590
125.0000	1.0000	27.0000	Liking	RiceKrispiesCereal_7_2cups.jpg	3.0000	2.0906
125.0000	1.0000	28.0000	Liking	Asparagus_6_FullPack.jpg	1.0000	1.1266
125.0000	1.0000	29.0000	Liking	Smarties_2_0.5box.jpg	6.0000	0.7639
125.0000	1.0000	30.0000	Liking	Fritos_5_1c.jpg	6.0000	0.8826
125.0000	1.0000	31.0000	Liking	LaysClassic_3_8Chips.jpg	6.0000	0.4825
125.0000	1.0000	32.0000	Liking	ClamJuice_1_1T.jpg	1.0000	0.6970
125.0000	1.0000	33.0000	Liking	Avocado_5_1avacado.jpg	2.0000	1.3586
125.0000	1.0000	34.0000	Liking	Almonds_4_40.jpg	3.0000	1.5867
125.0000	1.0000	35.0000	Liking	CannedArtichoke_5_1can.jpg	1.0000	1.3014
125.0000	1.0000	36.0000	Liking	CornFlakes_3_2tbsps.jpg	2.0000	1.5246
125.0000	1.0000	37.0000	Liking	Spinach_2_.5c.jpg	1.0000	0.8966
125.0000	1.0000	38.0000	Liking	Butternut_3_0.3cup.jpg	1.0000	2.1340
125.0000	1.0000	39.0000	Liking	Nutella_1_0.5spoon.jpg	5.0000	1.2828
125.0000	1.0000	40.0000	Liking	Onion_2_1ring.jpg	3.0000	1.4816
125.0000	1.0000	41.0000	Liking	VegetableThins_5_25Chips.jpg	4.0000	1.6723
125.0000	1.0000	42.0000	Liking	SunChips_4_20Chips.jpg	6.0000	1.6582
125.0000	1.0000	43.0000	Liking	EnglishCucumber_2_2pc.jpg	4.0000	1.2984
125.0000	1.0000	44.0000	Liking	GreenGrapes_1_1.jpg	2.0000	2.0243
125.0000	1.0000	45.0000	Liking	ClifBar_2_0.5bar.jpg	2.0000	1.3857
125.0000	1.0000	46.0000	Liking	IceCreamVanilla_4_3scoops.jpg	6.0000	1.2204
125.0000	1.0000	47.0000	Liking	SpeltCakes_2_0.5.jpg	3.0000	2.0051
125.0000	1.0000	48.0000	Liking	MnMPeanuts_2_4.jpg	6.0000	0.6552
125.0000	1.0000	49.0000	Liking	Cauliflower_2_3chunks.jpg	1.0000	0.8044
125.0000	1.0000	50.0000	Liking	Mars_4_2Bars.jpg	6.0000	0.7346
125.0000	1.0000	51.0000	Liking	Tempeh_2_1Tbsp.jpg	1.0000	0.7152
125.0000	1.0000	52.0000	Liking	Smartfood_4_100Chips.jpg	6.0000	0.5457
125.0000	1.0000	53.0000	Liking	OatmealSquares_7_2Cups.jpg	2.0000	1.0440
125.0000	1.0000	54.0000	Liking	Cheetos_3_10pc.jpg	6.0000	0.5567
125.0000	1.0000	55.0000	Liking	Broccoli_4_1.5c.jpg	1.0000	0.6645
125.0000	1.0000	56.0000	Liking	PopTartStrawberry_2_0.5tart.jpg	6.0000	1.6799
125.0000	1.0000	57.0000	Liking	Prunes_5_1c.jpg	1.0000	0.7740
125.0000	1.0000	58.0000	Liking	ProMax_4_1bar.jpg	3.0000	1.5761
125.0000	1.0000	59.0000	Liking	Skittles_3_14pieces.jpg	6.0000	0.7074
125.0000	1.0000	60.0000	Liking	Tempeh_4_.5pack.jpg	1.0000	0.6414
125.0000	1.0000	61.0000	Liking	Shreddies_5_2c.jpg	6.0000	0.5747
125.0000	1.0000	62.0000	Liking	Orange_5_2orange.jpg	6.0000	0.7782
125.0000	1.0000	63.0000	Liking	OatmealSquares_3_2tbsp.jpg	2.0000	0.8274
125.0000	1.0000	64.0000	Liking	Butternut_7_2cups.jpg	1.0000	1.0035
125.0000	1.0000	65.0000	Liking	FrozenBroccoli_6_0.5bag.jpg	1.0000	0.5062
125.0000	1.0000	66.0000	Liking	Onion_4_0.25.jpg	1.0000	1.2642
125.0000	1.0000	67.0000	Liking	PopTartStrawberry_5_3tarts.jpg	6.0000	1.0476
125.0000	1.0000	68.0000	Liking	Bananas_2_0.5.jpg	3.0000	1.2236
125.0000	1.0000	69.0000	Liking	CheeseNips_5_1c.jpg	4.0000	1.8489
125.0000	1.0000	70.0000	Liking	Caramilk_5_2bars.jpg	6.0000	0.9117
125.0000	1.0000	71.0000	Liking	IceCreamChocolate_4_3scoops.jpg	6.0000	0.6458
125.0000	1.0000	72.0000	Liking	FrozenPeas_6_0.5bag.jpg	1.0000	0.7571
125.0000	1.0000	73.0000	Liking	SevenGrain_3_5.jpg	2.0000	0.8811
125.0000	1.0000	74.0000	Liking	IceCreamVanilla_1_2tsp.jpg	6.0000	0.6236
125.0000	1.0000	75.0000	Liking	HoneyNutCheerios_5_2cup.jpg	4.0000	1.7891
125.0000	1.0000	76.0000	Liking	Beets_5_1can.jpg	1.0000	1.6316
125.0000	1.0000	77.0000	Liking	RomaineLettuce_2_3leaves.jpg	1.0000	3.6639
125.0000	1.0000	78.0000	Liking	Cheerios_5_2c.jpg	3.0000	1.3407
125.0000	1.0000	79.0000	Liking	VanillaGreekYogurt_2_1spoon.jpg	3.0000	1.3846
125.0000	1.0000	80.0000	Liking	WelchsFruitSnacks_3_4bags.jpg	6.0000	1.2747
125.0000	1.0000	81.0000	Liking	BabyFoodCarrots_3_2Tbsp.jpg	1.0000	0.8253
125.0000	1.0000	82.0000	Liking	Prunes_2_3.jpg	1.0000	0.8328
125.0000	1.0000	83.0000	Liking	Raspberries_5_.5bag.jpg	2.0000	2.3354
125.0000	1.0000	84.0000	Liking	Raspberries_4_.5c.jpg	2.0000	0.5702
125.0000	1.0000	85.0000	Liking	Mars_2_0.5Bar.jpg	6.0000	0.6607
125.0000	1.0000	86.0000	Liking	HoneyNutCheerios_2_2tbsp.jpg	2.0000	0.6569
125.0000	1.0000	87.0000	Liking	AllBranBar_1_.25bar.jpg	2.0000	0.7359
125.0000	1.0000	88.0000	Liking	Nutella_4_3spoons.jpg	4.0000	1.3881
125.0000	1.0000	89.0000	Liking	BrusselsSprouts_2_3.jpg	1.0000	0.5982
125.0000	1.0000	90.0000	Liking	CheeseNips_2_5nips.jpg	3.0000	1.1516
125.0000	1.0000	91.0000	Liking	RufflesSourCreamOnion_3_5chips.jpg	6.0000	0.6622
125.0000	1.0000	92.0000	Liking	AppleChips_2_3chips.jpg	1.0000	1.6676
125.0000	1.0000	93.0000	Liking	Mentos_2_3pc.jpg	6.0000	0.6824
125.0000	1.0000	94.0000	Liking	Shreddies_2_1T.jpg	1.0000	0.5336
125.0000	1.0000	95.0000	Liking	CoffeeCrisp_3_1Bars.jpg	6.0000	0.7057
125.0000	1.0000	96.0000	Liking	RedPepper_5_1pepper.jpg	1.0000	0.7571
125.0000	1.0000	97.0000	Liking	MnMPeanuts_4_45.jpg	6.0000	0.4643
125.0000	1.0000	98.0000	Liking	GreenPepper_2_2pc.jpg	1.0000	0.6065
125.0000	1.0000	99.0000	Liking	Caramilk_2_2pc.jpg	6.0000	0.5997
125.0000	1.0000	100.0000	Liking	FrozenCorn_2_0.5cup.jpg	1.0000	0.8811
125.0000	1.0000	101.0000	Liking	NatureValleyChocolate_1_0.25bar.jpg	1.0000	0.7751
125.0000	1.0000	102.0000	Liking	FrozenPeas_2_2tbsp.jpg	1.0000	0.6017
125.0000	1.0000	103.0000	Liking	Mackerel_1_1fish.jpg	1.0000	0.6032
125.0000	1.0000	104.0000	Liking	FrozenBroccoli_2_3chunks.jpg	1.0000	0.5219
125.0000	1.0000	105.0000	Liking	SkittlesSour_6_0.5pack.jpg	6.0000	0.5107
125.0000	1.0000	106.0000	Liking	Mentos_5_1tube.jpg	6.0000	0.4605
125.0000	1.0000	107.0000	Liking	SlimStyles_6_2c.jpg	1.0000	0.8840
125.0000	1.0000	108.0000	Liking	ProMax_2_0.25bar.jpg	2.0000	1.4734
125.0000	1.0000	109.0000	Liking	PureFit_2_0.5Bars.jpg	2.0000	1.2400
125.0000	1.0000	110.0000	Liking	Snickers_3_2Bars.jpg	6.0000	0.5281
125.0000	1.0000	111.0000	Liking	TofuDessert_4_1pck.jpg	1.0000	0.9964
125.0000	1.0000	112.0000	Liking	Fritos_2_5chips.jpg	6.0000	1.0174
125.0000	1.0000	113.0000	Liking	Doritos_2_3chips.jpg	6.0000	0.5201
125.0000	1.0000	114.0000	Liking	AppleChips_5_1c..jpg	1.0000	0.6588
125.0000	1.0000	115.0000	Liking	BabyFoodSweetPotatos_2_2T.jpg	1.0000	0.5547
125.0000	1.0000	116.0000	Liking	AlmondMilk_2_0.25glass.jpg	1.0000	0.5427
125.0000	1.0000	117.0000	Liking	Mackerel_3_4fish.jpg	1.0000	0.5468
125.0000	1.0000	118.0000	Liking	Celery_2_1stalk.jpg	1.0000	1.1908
125.0000	1.0000	119.0000	Liking	SpeltCakes_5_4.jpg	1.0000	0.9596
125.0000	1.0000	120.0000	Liking	Twizzlers_4_8.jpg	6.0000	0.9229
125.0000	1.0000	121.0000	Liking	PureFit_4_2Bars.jpg	1.0000	1.4876
125.0000	1.0000	122.0000	Liking	RaisinBran_3_2tbsp.jpg	1.0000	0.9287
125.0000	1.0000	123.0000	Liking	Cheetos_6_2c.jpg	6.0000	0.5097
125.0000	1.0000	124.0000	Liking	Celery_4_0.5bunch.jpg	1.0000	0.6830
125.0000	1.0000	125.0000	Liking	Skittles_6_0.75pack.jpg	6.0000	1.5930
125.0000	1.0000	126.0000	Liking	SkittlesSour_3_8pieces.jpg	6.0000	0.6511
125.0000	1.0000	127.0000	Liking	Asparagus_3_7.jpg	1.0000	0.6331
125.0000	1.0000	128.0000	Liking	FrozenOkra_5_0.5box.jpg	6.0000	0.8396
125.0000	1.0000	129.0000	Liking	Strawberries_3_0.5bag.jpg	3.0000	2.9656
125.0000	1.0000	130.0000	Liking	OatBran_2_2T.jpg	1.0000	0.6645
125.0000	1.0000	131.0000	Liking	KashiBars_4_3bars.jpg	3.0000	0.7112
125.0000	1.0000	132.0000	Liking	ClifBar_4_2bars.jpg	1.0000	0.5486
125.0000	1.0000	133.0000	Liking	RaisinBran_7_2cup.jpg	3.0000	0.6833
125.0000	1.0000	134.0000	Liking	AllBranBar_3_1bar.jpg	1.0000	0.6013
125.0000	1.0000	135.0000	Liking	AlmondMilk_4_1glass.jpg	1.0000	0.5472
125.0000	1.0000	136.0000	Liking	GreenBeans_4_.5pck.jpg	1.0000	0.8367
125.0000	1.0000	137.0000	Liking	Strawberries_2_0.5c.jpg	3.0000	0.9859
125.0000	1.0000	138.0000	Liking	AllBranCereal_6_1cup.jpg	1.0000	0.4474
125.0000	1.0000	139.0000	Liking	AllBranCereal_2_1tbsp.jpg	1.0000	0.4906
125.0000	1.0000	140.0000	Liking	SlimStyles_2_2Tbsp.jpg	1.0000	0.6167
125.0000	1.0000	141.0000	Liking	Pringles_5_40Chips.jpg	6.0000	0.8314
125.0000	1.0000	142.0000	Liking	LaysClassic_4_16Chips.jpg	6.0000	0.4407
125.0000	1.0000	143.0000	Liking	GreenApple_4_1.jpg	6.0000	0.8486
125.0000	1.0000	144.0000	Liking	RiceKrispiesCereal_3_2tbsp.jpg	3.0000	1.4867
125.0000	1.0000	145.0000	Liking	GreenGrapes_4_40.jpg	3.0000	0.7089
125.0000	1.0000	146.0000	Liking	SkimMilk_1_1Tbsp.jpg	1.0000	0.7535
125.0000	1.0000	147.0000	Liking	Smartfood_2_8Chips.jpg	6.0000	0.6223
125.0000	1.0000	148.0000	Liking	BabyFoodCarrots_5_1jar.jpg	1.0000	0.7994
125.0000	1.0000	149.0000	Liking	Avocado_2_2pc.jpg	3.0000	0.8483
125.0000	1.0000	150.0000	Liking	OatBran_4_1bowl.jpg	1.0000	0.7676
125.0000	1.0000	151.0000	Liking	Broccoli_1_1pc.jpg	1.0000	1.1302
125.0000	1.0000	152.0000	Liking	Aero_3_1bar.jpg	6.0000	0.5509
125.0000	1.0000	153.0000	Liking	WelchsFruitSnacks_1_1bag.jpg	6.0000	0.6662
125.0000	1.0000	154.0000	Liking	BBQCrisps_6_1cup.jpg	6.0000	1.2803
125.0000	1.0000	155.0000	Liking	Spinach_4_.5box.jpg	1.0000	0.9343
125.0000	1.0000	156.0000	Liking	BabyFoodSweetPotatos_5_1jar.jpg	1.0000	0.6264
125.0000	1.0000	157.0000	Liking	EnglishCucumber_5_0.5cuc.JPG	3.0000	0.9791
125.0000	1.0000	158.0000	Liking	SlicedTurkey_2_0.5slice.jpg	1.0000	0.7898
125.0000	1.0000	159.0000	Liking	RedPepper_2_2pc.jpg	1.0000	0.7097
125.0000	1.0000	160.0000	Liking	FrozenOkra_2_2pc.jpg	1.0000	0.8745
125.0000	1.0000	161.0000	Liking	SlicedTurkey_5_4slices.jpg	1.0000	1.0251
125.0000	1.0000	162.0000	Liking	Starburst_6_18pieces.jpg	6.0000	0.8658
125.0000	1.0000	163.0000	Liking	Triscuit_5_30crackers.jpg	1.0000	0.8966
125.0000	1.0000	164.0000	Liking	PCChipCookie_2_0.5cookie.jpg	6.0000	0.6939
125.0000	1.0000	165.0000	Liking	WaterChestnuts_3_8pc.jpg	1.0000	0.9638
125.0000	1.0000	166.0000	Liking	RitzCrackers_2_3Crackers.jpg	6.0000	0.4633
125.0000	1.0000	167.0000	Liking	Beets_2_5pc.jpg	1.0000	0.6145
125.0000	1.0000	168.0000	Liking	RufflesSourCreamOnion_5_20chips.jpg	6.0000	0.4832
125.0000	1.0000	169.0000	Liking	Cheerios_2_2T.jpg	3.0000	0.5586
125.0000	1.0000	170.0000	Liking	CoffeeCrisp_1_0.25bar.jpg	6.0000	1.0260
125.0000	1.0000	171.0000	Liking	Triscuit_2_2crackers.jpg	2.0000	1.2828
125.0000	1.0000	172.0000	Liking	Tuna_2_1T.jpg	1.0000	0.6486
125.0000	1.0000	173.0000	Liking	FrozenBlueberries_3_1cup.jpg	1.0000	0.6941
125.0000	1.0000	174.0000	Liking	RomaineLettuce_4_1head.jpg	1.0000	0.5641
125.0000	1.0000	175.0000	Liking	BBQCrisps_2_5.jpg	2.0000	1.2860
125.0000	1.0000	176.0000	Liking	Starburst_3_5pieces.jpg	6.0000	0.9247
125.0000	1.0000	177.0000	Liking	SkimMilk_4_1glass.jpg	1.0000	0.6496
125.0000	1.0000	178.0000	Liking	Almonds_2_10.jpg	2.0000	0.8409
125.0000	1.0000	179.0000	Liking	Twizzlers_2_2.jpg	6.0000	0.6729
125.0000	1.0000	180.0000	Liking	MnMPlain_5_1bag.jpg	6.0000	0.5674
125.0000	1.0000	181.0000	Liking	CornFlakes_6_2cups.jpg	1.0000	0.6516
125.0000	1.0000	182.0000	Liking	Cauliflower_6_0.5bag.jpg	1.0000	0.8889
125.0000	1.0000	183.0000	Liking	FrozenBlueberries_1_1tbsp.jpg	1.0000	0.5822
125.0000	1.0000	184.0000	Liking	Smarties_5_3boxes.jpg	6.0000	0.5283
125.0000	1.0000	185.0000	Liking	OikosYogurt_3_2spoonfuls.jpg	1.0000	0.6529
125.0000	1.0000	186.0000	Liking	Reese_1_1Cup.jpg	6.0000	0.5404
125.0000	1.0000	187.0000	Liking	SevenGrain_1_1.jpg	1.0000	0.6410
125.0000	1.0000	188.0000	Liking	DriedApricots_2_2.jpg	3.0000	0.6883
125.0000	1.0000	189.0000	Liking	NatureValleyChocolate_4_2bars.jpg	3.0000	0.9503
125.0000	1.0000	190.0000	Liking	ClamJuice_3_0.25c.jpg	1.0000	0.9296
125.0000	1.0000	191.0000	Liking	DriedHerring_3_4fish.jpg	1.0000	0.6864
125.0000	1.0000	192.0000	Liking	Bananas_3_1.jpg	2.0000	0.9652
125.0000	1.0000	193.0000	Liking	GreenApple_2_1slice.jpg	5.0000	0.7758
125.0000	1.0000	194.0000	Liking	MangoChunks_5_1cup.jpg	6.0000	0.8158
125.0000	1.0000	195.0000	Liking	RitzCrackers_5_15Crackers.jpg	5.0000	0.7284
125.0000	1.0000	196.0000	Liking	FrozenCorn_4_2cups.jpg	5.0000	0.5731
125.0000	1.0000	197.0000	Liking	FrozenPeaches_5_1.5Cups.jpg	5.0000	0.9590
125.0000	1.0000	198.0000	Liking	PCChipCookie_5_4cookie.jpg	6.0000	0.6260
125.0000	1.0000	199.0000	Liking	IceCreamChocolate_1_1tsp.jpg	6.0000	0.5786
125.0000	1.0000	200.0000	Liking	Reese_4_5Cup.jpg	6.0000	0.4133
125.0000	2.0000	201.0000	Taste	GreenPepper_2_2pc.jpg	2.0000	2.9313
125.0000	2.0000	202.0000	Taste	NatureValleyChocolate_1_0.25bar.jpg	2.0000	1.0474
125.0000	2.0000	203.0000	Taste	Aero_1_1pc.jpg	6.0000	0.6313
125.0000	2.0000	204.0000	Taste	Cheetos_3_10pc.jpg	6.0000	0.3995
125.0000	2.0000	205.0000	Taste	KashiBars_4_3bars.jpg	2.0000	0.7288
125.0000	2.0000	206.0000	Taste	KashiBars_1_0.5bar.jpg	1.0000	0.7095
125.0000	2.0000	207.0000	Taste	MangoChunks_5_1cup.jpg	6.0000	1.5628
125.0000	2.0000	208.0000	Taste	SunChips_4_20Chips.jpg	6.0000	0.9223
125.0000	2.0000	209.0000	Taste	SkimMilk_1_1Tbsp.jpg	1.0000	0.5347
125.0000	2.0000	210.0000	Taste	FrozenPeaches_5_1.5Cups.jpg	6.0000	0.4748
125.0000	2.0000	211.0000	Taste	Reese_1_1Cup.jpg	6.0000	0.4176
125.0000	2.0000	212.0000	Taste	RiceKrispiesCereal_7_2cups.jpg	5.0000	1.4351
125.0000	2.0000	213.0000	Taste	LaysClassic_4_16Chips.jpg	6.0000	1.4064
125.0000	2.0000	214.0000	Taste	Asparagus_3_7.jpg	1.0000	0.9891
125.0000	2.0000	215.0000	Taste	PCChipCookie_5_4cookie.jpg	6.0000	0.5269
125.0000	2.0000	216.0000	Taste	Prunes_5_1c.jpg	1.0000	0.7397
125.0000	2.0000	217.0000	Taste	VanillaGreekYogurt_2_1spoon.jpg	3.0000	1.5518
125.0000	2.0000	218.0000	Taste	Orange_1_0.25orange.jpg	4.0000	1.1071
125.0000	2.0000	219.0000	Taste	Avocado_5_1avacado.jpg	3.0000	1.2323
125.0000	2.0000	220.0000	Taste	Prunes_2_3.jpg	1.0000	2.5444
125.0000	2.0000	221.0000	Taste	Starburst_3_5pieces.jpg	6.0000	0.8766
125.0000	2.0000	222.0000	Taste	VegetableThins_2_5Chips.jpg	2.0000	1.0272
125.0000	2.0000	223.0000	Taste	FrozenPeas_2_2tbsp.jpg	4.0000	1.0200
125.0000	2.0000	224.0000	Taste	AlmondMilk_4_1glass.jpg	1.0000	0.7245
125.0000	2.0000	225.0000	Taste	RaisinBran_3_2tbsp.jpg	1.0000	1.4773
125.0000	2.0000	226.0000	Taste	Mackerel_3_4fish.jpg	1.0000	0.5000
125.0000	2.0000	227.0000	Taste	Butternut_7_2cups.jpg	1.0000	0.9853
125.0000	2.0000	228.0000	Taste	HoneyNutCheerios_2_2tbsp.jpg	2.0000	1.2721
125.0000	2.0000	229.0000	Taste	BrusselsSprouts_2_3.jpg	1.0000	0.5346
125.0000	2.0000	230.0000	Taste	GreenPepper_6_1pepper.jpg	1.0000	0.6268
125.0000	2.0000	231.0000	Taste	OatmealSquares_7_2Cups.jpg	1.0000	1.0741
125.0000	2.0000	232.0000	Taste	OikosYogurt_3_2spoonfuls.jpg	2.0000	0.9282
125.0000	2.0000	233.0000	Taste	BabyFoodSweetPotatos_2_2T.jpg	1.0000	0.5403
125.0000	2.0000	234.0000	Taste	FrozenPeaches_2_3Slices.jpg	4.0000	1.1035
125.0000	2.0000	235.0000	Taste	RitzCrackers_5_15Crackers.jpg	5.0000	0.9169
125.0000	2.0000	236.0000	Taste	SkittlesSour_3_8pieces.jpg	6.0000	0.5534
125.0000	2.0000	237.0000	Taste	Triscuit_2_2crackers.jpg	5.0000	0.5729
125.0000	2.0000	238.0000	Taste	FrootLoops_6_2Cups.jpg	6.0000	0.5143
125.0000	2.0000	239.0000	Taste	Celery_2_1stalk.jpg	1.0000	0.6228
125.0000	2.0000	240.0000	Taste	FrozenBroccoli_2_3chunks.jpg	1.0000	0.5802
125.0000	2.0000	241.0000	Taste	Spinach_2_.5c.jpg	1.0000	0.5268
125.0000	2.0000	242.0000	Taste	Onion_2_1ring.jpg	1.0000	0.4589
125.0000	2.0000	243.0000	Taste	RitzCrackers_2_3Crackers.jpg	2.0000	1.6105
125.0000	2.0000	244.0000	Taste	Almonds_4_40.jpg	4.0000	1.4598
125.0000	2.0000	245.0000	Taste	AppleChips_5_1c..jpg	1.0000	0.7212
125.0000	2.0000	246.0000	Taste	Nutella_1_0.5spoon.jpg	6.0000	0.6059
125.0000	2.0000	247.0000	Taste	FrozenBlueberries_1_1tbsp.jpg	1.0000	0.6778
125.0000	2.0000	248.0000	Taste	CannedArtichoke_5_1can.jpg	1.0000	0.7799
125.0000	2.0000	249.0000	Taste	PopTartStrawberry_5_3tarts.jpg	6.0000	0.6225
125.0000	2.0000	250.0000	Taste	YorkPeppermintPatties_4_12.jpg	6.0000	0.6612
125.0000	2.0000	251.0000	Taste	Doritos_2_3chips.jpg	6.0000	0.4745
125.0000	2.0000	252.0000	Taste	Broccoli_1_1pc.jpg	1.0000	0.5844
125.0000	2.0000	253.0000	Taste	GreenApple_4_1.jpg	5.0000	0.5946
125.0000	2.0000	254.0000	Taste	CoffeeCrisp_1_0.25bar.jpg	6.0000	0.4917
125.0000	2.0000	255.0000	Taste	GreenApple_2_1slice.jpg	5.0000	0.5371
125.0000	2.0000	256.0000	Taste	Twizzlers_2_2.jpg	6.0000	0.6532
125.0000	2.0000	257.0000	Taste	IceCreamVanilla_1_2tsp.jpg	6.0000	0.5878
125.0000	2.0000	258.0000	Taste	OatBran_2_2T.jpg	1.0000	0.5972
125.0000	2.0000	259.0000	Taste	DriedHerring_1_1fish.jpg	1.0000	0.5427
125.0000	2.0000	260.0000	Taste	DriedHerring_3_4fish.jpg	1.0000	0.4268
125.0000	2.0000	261.0000	Taste	SlicedTurkey_2_0.5slice.jpg	1.0000	0.5553
125.0000	2.0000	262.0000	Taste	SlimStyles_2_2Tbsp.jpg	1.0000	0.7098
125.0000	2.0000	263.0000	Taste	PureFit_2_0.5Bars.jpg	1.0000	0.5948
125.0000	2.0000	264.0000	Taste	Mars_4_2Bars.jpg	5.0000	0.5729
125.0000	2.0000	265.0000	Taste	RedPepper_5_1pepper.jpg	1.0000	0.6542
125.0000	2.0000	266.0000	Taste	Beets_5_1can.jpg	1.0000	1.1415
125.0000	2.0000	267.0000	Taste	FrootLoops_2_2T.jpg	6.0000	0.5503
125.0000	2.0000	268.0000	Taste	SkittlesSour_6_0.5pack.jpg	6.0000	0.4889
125.0000	2.0000	269.0000	Taste	Skittles_6_0.75pack.jpg	6.0000	0.3901
125.0000	2.0000	270.0000	Taste	WelchsFruitSnacks_1_1bag.jpg	6.0000	0.5754
125.0000	2.0000	271.0000	Taste	IceCreamChocolate_1_1tsp.jpg	6.0000	0.4743
125.0000	2.0000	272.0000	Taste	DriedApricots_5_0.75cup.jpg	5.0000	1.1603
125.0000	2.0000	273.0000	Taste	Mentos_2_3pc.jpg	6.0000	0.6030
125.0000	2.0000	274.0000	Taste	Tuna_4_1can.jpg	1.0000	0.5397
125.0000	2.0000	275.0000	Taste	SlimStyles_6_2c.jpg	1.0000	0.7111
125.0000	2.0000	276.0000	Taste	GreenBeans_2_9beans.jpg	1.0000	0.5289
125.0000	2.0000	277.0000	Taste	Butternut_3_0.3cup.jpg	1.0000	0.6376
125.0000	2.0000	278.0000	Taste	ClifBar_4_2bars.jpg	1.0000	0.6451
125.0000	2.0000	279.0000	Taste	ClifBar_2_0.5bar.jpg	2.0000	0.6844
125.0000	2.0000	280.0000	Taste	CheeseNips_2_5nips.jpg	1.0000	0.5697
125.0000	2.0000	281.0000	Taste	Reese_4_5Cup.jpg	6.0000	0.6202
125.0000	2.0000	282.0000	Taste	Strawberries_2_0.5c.jpg	1.0000	0.5478
125.0000	2.0000	283.0000	Taste	SevenGrain_1_1.jpg	2.0000	0.9190
125.0000	2.0000	284.0000	Taste	AllBranCereal_6_1cup.jpg	6.0000	0.5919
125.0000	2.0000	285.0000	Taste	BrusselsSprouts_4_1Box.jpg	1.0000	0.5051
125.0000	2.0000	286.0000	Taste	TofuDessert_2_2Tbsp.jpg	2.0000	0.8777
125.0000	2.0000	287.0000	Taste	Tempeh_4_.5pack.jpg	1.0000	0.5798
125.0000	2.0000	288.0000	Taste	SlicedTurkey_5_4slices.jpg	1.0000	0.5019
125.0000	2.0000	289.0000	Taste	CoffeeCrisp_3_1Bars.jpg	6.0000	0.4345
125.0000	2.0000	290.0000	Taste	WelchsFruitSnacks_3_4bags.jpg	6.0000	0.4980
125.0000	2.0000	291.0000	Taste	Orange_5_2orange.jpg	6.0000	0.4546
125.0000	2.0000	292.0000	Taste	FrozenCorn_4_2cups.jpg	1.0000	0.5813
125.0000	2.0000	293.0000	Taste	LaysClassic_3_8Chips.jpg	6.0000	0.4099
125.0000	2.0000	294.0000	Taste	ClamJuice_3_0.25c.jpg	1.0000	0.5226
125.0000	2.0000	295.0000	Taste	Fritos_5_1c.jpg	6.0000	0.9853
125.0000	2.0000	296.0000	Taste	Mackerel_1_1fish.jpg	1.0000	0.5387
125.0000	2.0000	297.0000	Taste	GreenGrapes_4_40.jpg	6.0000	0.7501
125.0000	2.0000	298.0000	Taste	RedPepper_2_2pc.jpg	1.0000	0.7448
125.0000	2.0000	299.0000	Taste	ProMax_2_0.25bar.jpg	2.0000	0.6920
125.0000	2.0000	300.0000	Taste	SpeltCakes_2_0.5.jpg	5.0000	0.7612
125.0000	2.0000	301.0000	Taste	Pringles_5_40Chips.jpg	1.0000	0.5962
125.0000	2.0000	302.0000	Taste	FrozenOkra_2_2pc.jpg	1.0000	0.6855
125.0000	2.0000	303.0000	Taste	AppleChips_2_3chips.jpg	1.0000	0.7041
125.0000	2.0000	304.0000	Taste	SevenGrain_3_5.jpg	1.0000	0.7006
125.0000	2.0000	305.0000	Taste	PureFit_4_2Bars.jpg	6.0000	0.3696
125.0000	2.0000	306.0000	Taste	ProMax_4_1bar.jpg	6.0000	0.3783
125.0000	2.0000	307.0000	Taste	Snickers_2_1Bar.jpg	6.0000	0.3803
125.0000	2.0000	308.0000	Taste	Twizzlers_4_8.jpg	6.0000	0.4383
125.0000	2.0000	309.0000	Taste	VanillaGreekYogurt_4_1cup.jpg	6.0000	0.4776
125.0000	2.0000	310.0000	Taste	AllBranBar_3_1bar.jpg	1.0000	0.5715
125.0000	2.0000	311.0000	Taste	Nutella_4_3spoons.jpg	6.0000	0.5176
125.0000	2.0000	312.0000	Taste	Skittles_3_14pieces.jpg	6.0000	0.4657
125.0000	2.0000	313.0000	Taste	Bananas_2_0.5.jpg	6.0000	0.4877
125.0000	2.0000	314.0000	Taste	CheeseNips_5_1c.jpg	6.0000	0.4689
125.0000	2.0000	315.0000	Taste	Avocado_2_2pc.jpg	6.0000	0.5151
125.0000	2.0000	316.0000	Taste	RaisinBran_7_2cup.jpg	1.0000	0.6590
125.0000	2.0000	317.0000	Taste	Cheerios_5_2c.jpg	2.0000	0.4551
125.0000	2.0000	318.0000	Taste	EnglishCucumber_5_0.5cuc.JPG	5.0000	0.4697
125.0000	2.0000	319.0000	Taste	FrozenPeas_6_0.5bag.jpg	1.0000	0.4679
125.0000	2.0000	320.0000	Taste	Tuna_2_1T.jpg	1.0000	0.5616
125.0000	2.0000	321.0000	Taste	Pringles_2_3Chips.jpg	6.0000	0.5391
125.0000	2.0000	322.0000	Taste	Celery_4_0.5bunch.jpg	5.0000	0.5904
125.0000	2.0000	323.0000	Taste	Cheetos_6_2c.jpg	6.0000	0.5039
125.0000	2.0000	324.0000	Taste	WaterChestnuts_5_0.5can.jpg	1.0000	0.5084
125.0000	2.0000	325.0000	Taste	Asparagus_6_FullPack.jpg	5.0000	0.5198
125.0000	2.0000	326.0000	Taste	IceCreamVanilla_4_3scoops.jpg	6.0000	0.5558
125.0000	2.0000	327.0000	Taste	TofuDessert_4_1pck.jpg	1.0000	0.5106
125.0000	2.0000	328.0000	Taste	SunChips_2_3Chips.jpg	6.0000	0.4546
125.0000	2.0000	329.0000	Taste	ClamJuice_1_1T.jpg	1.0000	0.4613
125.0000	2.0000	330.0000	Taste	YorkPeppermintPatties_2_3.jpg	1.0000	0.7547
125.0000	2.0000	331.0000	Taste	Smarties_2_0.5box.jpg	6.0000	0.4294
125.0000	2.0000	332.0000	Taste	PopTartStrawberry_2_0.5tart.jpg	6.0000	0.4933
125.0000	2.0000	333.0000	Taste	NatureValleyChocolate_4_2bars.jpg	1.0000	0.5464
125.0000	2.0000	334.0000	Taste	SkimMilk_4_1glass.jpg	1.0000	0.5101
125.0000	2.0000	335.0000	Taste	CornFlakes_3_2tbsps.jpg	1.0000	0.4687
125.0000	2.0000	336.0000	Taste	Aero_3_1bar.jpg	6.0000	0.4986
125.0000	2.0000	337.0000	Taste	RomaineLettuce_2_3leaves.jpg	2.0000	0.9915
125.0000	2.0000	338.0000	Taste	BBQCrisps_6_1cup.jpg	1.0000	0.5762
125.0000	2.0000	339.0000	Taste	Tempeh_2_1Tbsp.jpg	1.0000	0.5781
125.0000	2.0000	340.0000	Taste	OatBran_4_1bowl.jpg	2.0000	0.5162
125.0000	2.0000	341.0000	Taste	GreenBeans_4_.5pck.jpg	2.0000	0.9508
125.0000	2.0000	342.0000	Taste	Spinach_4_.5box.jpg	1.0000	0.5136
125.0000	2.0000	343.0000	Taste	VegetableThins_5_25Chips.jpg	2.0000	0.7342
125.0000	2.0000	344.0000	Taste	Cauliflower_6_0.5bag.jpg	2.0000	0.7602
125.0000	2.0000	345.0000	Taste	RufflesSourCreamOnion_3_5chips.jpg	6.0000	0.4956
125.0000	2.0000	346.0000	Taste	MangoChunks_2_3.jpg	6.0000	0.5410
125.0000	2.0000	347.0000	Taste	IceCreamChocolate_4_3scoops.jpg	6.0000	0.4803
125.0000	2.0000	348.0000	Taste	RufflesSourCreamOnion_5_20chips.jpg	6.0000	0.3630
125.0000	2.0000	349.0000	Taste	MnMPeanuts_4_45.jpg	6.0000	0.3824
125.0000	2.0000	350.0000	Taste	Smarties_5_3boxes.jpg	6.0000	0.3684
125.0000	2.0000	351.0000	Taste	FrozenCorn_2_0.5cup.jpg	5.0000	1.5464
125.0000	2.0000	352.0000	Taste	Beets_2_5pc.jpg	1.0000	0.5817
125.0000	2.0000	353.0000	Taste	Mentos_5_1tube.jpg	6.0000	0.4789
125.0000	2.0000	354.0000	Taste	MnMPeanuts_2_4.jpg	6.0000	0.8931
125.0000	2.0000	355.0000	Taste	DriedApricots_2_2.jpg	1.0000	0.8505
125.0000	2.0000	356.0000	Taste	HoneyNutCheerios_5_2cup.jpg	6.0000	0.4305
125.0000	2.0000	357.0000	Taste	Triscuit_5_30crackers.jpg	1.0000	0.6624
125.0000	2.0000	358.0000	Taste	BabyFoodCarrots_3_2Tbsp.jpg	2.0000	0.6452
125.0000	2.0000	359.0000	Taste	Smartfood_2_8Chips.jpg	1.0000	0.4146
125.0000	2.0000	360.0000	Taste	FrozenBroccoli_6_0.5bag.jpg	1.0000	0.5236
125.0000	2.0000	361.0000	Taste	Smartfood_4_100Chips.jpg	6.0000	0.3772
125.0000	2.0000	362.0000	Taste	Cauliflower_2_3chunks.jpg	2.0000	0.7379
125.0000	2.0000	363.0000	Taste	Caramilk_2_2pc.jpg	6.0000	0.7171
125.0000	2.0000	364.0000	Taste	Strawberries_3_0.5bag.jpg	1.0000	0.6005
125.0000	2.0000	365.0000	Taste	PCChipCookie_2_0.5cookie.jpg	1.0000	0.4492
125.0000	2.0000	366.0000	Taste	Raspberries_4_.5c.jpg	1.0000	0.7686
125.0000	2.0000	367.0000	Taste	Broccoli_4_1.5c.jpg	1.0000	0.5786
125.0000	2.0000	368.0000	Taste	OikosYogurt_6_1c.jpg	2.0000	1.0047
125.0000	2.0000	369.0000	Taste	GreenGrapes_1_1.jpg	1.0000	1.3731
125.0000	2.0000	370.0000	Taste	MnMPlain_3_1tbsp.jpg	6.0000	0.4793
125.0000	2.0000	371.0000	Taste	EnglishCucumber_2_2pc.jpg	1.0000	0.6535
125.0000	2.0000	372.0000	Taste	RiceKrispiesCereal_3_2tbsp.jpg	2.0000	0.9166
125.0000	2.0000	373.0000	Taste	Almonds_2_10.jpg	5.0000	0.7926
125.0000	2.0000	374.0000	Taste	AllBranBar_1_.25bar.jpg	4.0000	0.9869
125.0000	2.0000	375.0000	Taste	Raspberries_5_.5bag.jpg	4.0000	0.9089
125.0000	2.0000	376.0000	Taste	Doritos_5_20chips.jpg	6.0000	0.6396
125.0000	2.0000	377.0000	Taste	SpeltCakes_5_4.jpg	4.0000	1.3829
125.0000	2.0000	378.0000	Taste	OatmealSquares_3_2tbsp.jpg	1.0000	0.6542
125.0000	2.0000	379.0000	Taste	BabyFoodSweetPotatos_5_1jar.jpg	2.0000	0.6367
125.0000	2.0000	380.0000	Taste	Fritos_2_5chips.jpg	6.0000	0.6070
125.0000	2.0000	381.0000	Taste	MnMPlain_5_1bag.jpg	6.0000	0.6400
125.0000	2.0000	382.0000	Taste	AllBranCereal_2_1tbsp.jpg	2.0000	0.6023
125.0000	2.0000	383.0000	Taste	Shreddies_2_1T.jpg	2.0000	0.6011
125.0000	2.0000	384.0000	Taste	CornFlakes_6_2cups.jpg	2.0000	0.5065
125.0000	2.0000	385.0000	Taste	RomaineLettuce_4_1head.jpg	2.0000	0.5349
125.0000	2.0000	386.0000	Taste	Snickers_3_2Bars.jpg	6.0000	0.5550
125.0000	2.0000	387.0000	Taste	BBQCrisps_2_5.jpg	5.0000	1.1897
125.0000	2.0000	388.0000	Taste	FrozenOkra_5_0.5box.jpg	2.0000	0.5591
125.0000	2.0000	389.0000	Taste	Shreddies_5_2c.jpg	5.0000	0.7199
125.0000	2.0000	390.0000	Taste	WaterChestnuts_3_8pc.jpg	2.0000	0.9157
125.0000	2.0000	391.0000	Taste	AlmondMilk_2_0.25glass.jpg	1.0000	0.5678
125.0000	2.0000	392.0000	Taste	FrozenBlueberries_3_1cup.jpg	2.0000	1.0890
125.0000	2.0000	393.0000	Taste	Bananas_3_1.jpg	5.0000	1.0539
125.0000	2.0000	394.0000	Taste	Caramilk_5_2bars.jpg	6.0000	0.4853
125.0000	2.0000	395.0000	Taste	Onion_4_0.25.jpg	2.0000	0.8905
125.0000	2.0000	396.0000	Taste	BabyFoodCarrots_5_1jar.jpg	1.0000	0.6719
125.0000	2.0000	397.0000	Taste	Starburst_6_18pieces.jpg	6.0000	0.5260
125.0000	2.0000	398.0000	Taste	CannedArtichoke_2_2.jpg	1.0000	0.5781
125.0000	2.0000	399.0000	Taste	Mars_2_0.5Bar.jpg	6.0000	0.5239
125.0000	2.0000	400.0000	Taste	Cheerios_2_2T.jpg	2.0000	0.6126
125.0000	2.0000	401.0000	Health	VegetableThins_2_5Chips.jpg	2.0000	1.7914
125.0000	2.0000	402.0000	Health	Tempeh_4_.5pack.jpg	1.0000	1.0009
125.0000	2.0000	403.0000	Health	SunChips_4_20Chips.jpg	1.0000	0.6141
125.0000	2.0000	404.0000	Health	HoneyNutCheerios_5_2cup.jpg	1.0000	0.7968
125.0000	2.0000	405.0000	Health	IceCreamChocolate_1_1tsp.jpg	1.0000	0.7102
125.0000	2.0000	406.0000	Health	OatBran_2_2T.jpg	2.0000	1.2741
125.0000	2.0000	407.0000	Health	Onion_2_1ring.jpg	5.0000	1.1683
125.0000	2.0000	408.0000	Health	MangoChunks_5_1cup.jpg	5.0000	0.7943
125.0000	2.0000	409.0000	Health	CannedArtichoke_5_1can.jpg	4.0000	1.2197
125.0000	2.0000	410.0000	Health	Shreddies_2_1T.jpg	1.0000	0.9929
125.0000	2.0000	411.0000	Health	Bananas_3_1.jpg	6.0000	0.5784
125.0000	2.0000	412.0000	Health	Doritos_2_3chips.jpg	1.0000	0.8423
125.0000	2.0000	413.0000	Health	SlicedTurkey_2_0.5slice.jpg	4.0000	1.9769
125.0000	2.0000	414.0000	Health	TofuDessert_4_1pck.jpg	4.0000	1.6665
125.0000	2.0000	415.0000	Health	Reese_4_5Cup.jpg	1.0000	1.5685
125.0000	2.0000	416.0000	Health	Snickers_3_2Bars.jpg	1.0000	0.7463
125.0000	2.0000	417.0000	Health	FrootLoops_2_2T.jpg	1.0000	1.0244
125.0000	2.0000	418.0000	Health	MnMPeanuts_4_45.jpg	1.0000	0.8165
125.0000	2.0000	419.0000	Health	RufflesSourCreamOnion_3_5chips.jpg	1.0000	0.4932
125.0000	2.0000	420.0000	Health	NatureValleyChocolate_1_0.25bar.jpg	3.0000	1.6106
125.0000	2.0000	421.0000	Health	SpeltCakes_5_4.jpg	3.0000	0.7386
125.0000	2.0000	422.0000	Health	Fritos_5_1c.jpg	1.0000	0.9377
125.0000	2.0000	423.0000	Health	Smartfood_4_100Chips.jpg	1.0000	0.6952
125.0000	2.0000	424.0000	Health	Spinach_2_.5c.jpg	6.0000	1.0039
125.0000	2.0000	425.0000	Health	GreenGrapes_1_1.jpg	6.0000	0.6367
125.0000	2.0000	426.0000	Health	OikosYogurt_3_2spoonfuls.jpg	6.0000	0.6355
125.0000	2.0000	427.0000	Health	RedPepper_2_2pc.jpg	5.0000	0.6269
125.0000	2.0000	428.0000	Health	LaysClassic_3_8Chips.jpg	1.0000	0.5822
125.0000	2.0000	429.0000	Health	BrusselsSprouts_4_1Box.jpg	5.0000	0.7755
125.0000	2.0000	430.0000	Health	Pringles_5_40Chips.jpg	1.0000	0.6416
125.0000	2.0000	431.0000	Health	Fritos_2_5chips.jpg	2.0000	0.9015
125.0000	2.0000	432.0000	Health	VanillaGreekYogurt_4_1cup.jpg	5.0000	0.8423
125.0000	2.0000	433.0000	Health	Strawberries_2_0.5c.jpg	4.0000	1.4803
125.0000	2.0000	434.0000	Health	RufflesSourCreamOnion_5_20chips.jpg	1.0000	1.6423
125.0000	2.0000	435.0000	Health	Mackerel_1_1fish.jpg	3.0000	3.2656
125.0000	2.0000	436.0000	Health	SlimStyles_6_2c.jpg	3.0000	1.4964
125.0000	2.0000	437.0000	Health	Snickers_2_1Bar.jpg	6.0000	0.6291
125.0000	2.0000	438.0000	Health	RomaineLettuce_4_1head.jpg	6.0000	0.8050
125.0000	2.0000	439.0000	Health	Mentos_5_1tube.jpg	2.0000	1.3423
125.0000	2.0000	440.0000	Health	Asparagus_3_7.jpg	5.0000	1.1592
125.0000	2.0000	441.0000	Health	DriedApricots_2_2.jpg	5.0000	1.1944
125.0000	2.0000	442.0000	Health	LaysClassic_4_16Chips.jpg	1.0000	0.6305
125.0000	2.0000	443.0000	Health	PopTartStrawberry_2_0.5tart.jpg	1.0000	0.7025
125.0000	2.0000	444.0000	Health	SunChips_2_3Chips.jpg	1.0000	0.4553
125.0000	2.0000	445.0000	Health	EnglishCucumber_5_0.5cuc.JPG	5.0000	1.6211
125.0000	2.0000	446.0000	Health	MangoChunks_2_3.jpg	5.0000	1.9487
125.0000	2.0000	447.0000	Health	OatBran_4_1bowl.jpg	4.0000	1.6155
125.0000	2.0000	448.0000	Health	Starburst_6_18pieces.jpg	6.0000	0.5505
125.0000	2.0000	449.0000	Health	SkittlesSour_6_0.5pack.jpg	1.0000	5.0012
125.0000	2.0000	450.0000	Health	Caramilk_2_2pc.jpg	1.0000	0.5222
125.0000	2.0000	451.0000	Health	PCChipCookie_5_4cookie.jpg	1.0000	0.5021
125.0000	2.0000	452.0000	Health	PopTartStrawberry_5_3tarts.jpg	1.0000	0.4589
125.0000	2.0000	453.0000	Health	SkimMilk_4_1glass.jpg	3.0000	1.0494
125.0000	2.0000	454.0000	Health	RitzCrackers_5_15Crackers.jpg	1.0000	0.4800
125.0000	2.0000	455.0000	Health	Aero_3_1bar.jpg	6.0000	0.6621
125.0000	2.0000	456.0000	Health	TofuDessert_2_2Tbsp.jpg	1.0000	0.5483
125.0000	2.0000	457.0000	Health	ProMax_2_0.25bar.jpg	1.0000	0.6464
125.0000	2.0000	458.0000	Health	Smartfood_2_8Chips.jpg	5.0000	1.1502
125.0000	2.0000	459.0000	Health	SkimMilk_1_1Tbsp.jpg	3.0000	1.3049
125.0000	2.0000	460.0000	Health	AppleChips_2_3chips.jpg	3.0000	0.8908
125.0000	2.0000	461.0000	Health	ClifBar_2_0.5bar.jpg	2.0000	0.7917
125.0000	2.0000	462.0000	Health	RiceKrispiesCereal_7_2cups.jpg	2.0000	0.7771
125.0000	2.0000	463.0000	Health	Broccoli_4_1.5c.jpg	5.0000	0.8671
125.0000	2.0000	464.0000	Health	AlmondMilk_2_0.25glass.jpg	2.0000	0.8005
125.0000	2.0000	465.0000	Health	BabyFoodSweetPotatos_2_2T.jpg	2.0000	0.6565
125.0000	2.0000	466.0000	Health	Caramilk_5_2bars.jpg	2.0000	0.5424
125.0000	2.0000	467.0000	Health	CannedArtichoke_2_2.jpg	6.0000	0.9692
125.0000	2.0000	468.0000	Health	Prunes_5_1c.jpg	6.0000	0.6032
125.0000	2.0000	469.0000	Health	Skittles_6_0.75pack.jpg	2.0000	0.4677
125.0000	2.0000	470.0000	Health	GreenBeans_4_.5pck.jpg	6.0000	0.2804
125.0000	2.0000	471.0000	Health	Twizzlers_2_2.jpg	2.0000	0.4786
125.0000	2.0000	472.0000	Health	WaterChestnuts_3_8pc.jpg	2.0000	0.9320
125.0000	2.0000	473.0000	Health	Butternut_7_2cups.jpg	6.0000	0.9913
125.0000	2.0000	474.0000	Health	AppleChips_5_1c..jpg	5.0000	1.0546
125.0000	2.0000	475.0000	Health	Shreddies_5_2c.jpg	2.0000	0.5554
125.0000	2.0000	476.0000	Health	Raspberries_4_.5c.jpg	5.0000	0.6447
125.0000	2.0000	477.0000	Health	YorkPeppermintPatties_2_3.jpg	2.0000	0.5219
125.0000	2.0000	478.0000	Health	CoffeeCrisp_1_0.25bar.jpg	6.0000	0.5421
125.0000	2.0000	479.0000	Health	SlicedTurkey_5_4slices.jpg	2.0000	1.1855
125.0000	2.0000	480.0000	Health	OatmealSquares_7_2Cups.jpg	2.0000	0.8815
125.0000	2.0000	481.0000	Health	FrozenOkra_5_0.5box.jpg	6.0000	0.7581
125.0000	2.0000	482.0000	Health	CornFlakes_6_2cups.jpg	2.0000	0.6014
125.0000	2.0000	483.0000	Health	Orange_5_2orange.jpg	6.0000	0.5375
125.0000	2.0000	484.0000	Health	GreenPepper_2_2pc.jpg	6.0000	0.6435
125.0000	2.0000	485.0000	Health	IceCreamVanilla_1_2tsp.jpg	2.0000	0.5860
125.0000	2.0000	486.0000	Health	GreenApple_2_1slice.jpg	5.0000	0.9469
125.0000	2.0000	487.0000	Health	Tuna_4_1can.jpg	5.0000	1.2063
125.0000	2.0000	488.0000	Health	AllBranCereal_6_1cup.jpg	2.0000	0.5862
125.0000	2.0000	489.0000	Health	FrozenPeaches_2_3Slices.jpg	5.0000	0.5397
125.0000	2.0000	490.0000	Health	Almonds_4_40.jpg	5.0000	0.6144
125.0000	2.0000	491.0000	Health	MnMPlain_5_1bag.jpg	2.0000	0.5422
125.0000	2.0000	492.0000	Health	ClamJuice_1_1T.jpg	2.0000	0.6975
125.0000	2.0000	493.0000	Health	RitzCrackers_2_3Crackers.jpg	2.0000	0.8703
125.0000	2.0000	494.0000	Health	ClamJuice_3_0.25c.jpg	2.0000	0.5076
125.0000	2.0000	495.0000	Health	OikosYogurt_6_1c.jpg	2.0000	0.6396
125.0000	2.0000	496.0000	Health	RaisinBran_3_2tbsp.jpg	2.0000	0.6745
125.0000	2.0000	497.0000	Health	MnMPlain_3_1tbsp.jpg	2.0000	0.6004
125.0000	2.0000	498.0000	Health	GreenPepper_6_1pepper.jpg	2.0000	0.4642
125.0000	2.0000	499.0000	Health	OatmealSquares_3_2tbsp.jpg	2.0000	0.4259
125.0000	2.0000	500.0000	Health	BabyFoodCarrots_5_1jar.jpg	2.0000	0.5859
125.0000	2.0000	501.0000	Health	Asparagus_6_FullPack.jpg	6.0000	0.4893
125.0000	2.0000	502.0000	Health	BabyFoodSweetPotatos_5_1jar.jpg	2.0000	0.4705
125.0000	2.0000	503.0000	Health	Aero_1_1pc.jpg	2.0000	0.6286
125.0000	2.0000	504.0000	Health	Mackerel_3_4fish.jpg	2.0000	0.6918
125.0000	2.0000	505.0000	Health	AlmondMilk_4_1glass.jpg	2.0000	0.5366
125.0000	2.0000	506.0000	Health	Orange_1_0.25orange.jpg	6.0000	0.7327
125.0000	2.0000	507.0000	Health	CheeseNips_5_1c.jpg	2.0000	0.5353
125.0000	2.0000	508.0000	Health	Avocado_5_1avacado.jpg	6.0000	0.4419
125.0000	2.0000	509.0000	Health	PCChipCookie_2_0.5cookie.jpg	2.0000	1.3454
125.0000	2.0000	510.0000	Health	Bananas_2_0.5.jpg	5.0000	0.9160
125.0000	2.0000	511.0000	Health	Tuna_2_1T.jpg	5.0000	0.7274
125.0000	2.0000	512.0000	Health	KashiBars_4_3bars.jpg	2.0000	0.5948
125.0000	2.0000	513.0000	Health	HoneyNutCheerios_2_2tbsp.jpg	2.0000	0.6168
125.0000	2.0000	514.0000	Health	EnglishCucumber_2_2pc.jpg	6.0000	0.4561
125.0000	2.0000	515.0000	Health	GreenGrapes_4_40.jpg	6.0000	0.4148
125.0000	2.0000	516.0000	Health	FrozenBlueberries_1_1tbsp.jpg	6.0000	0.4622
125.0000	2.0000	517.0000	Health	Doritos_5_20chips.jpg	2.0000	0.5469
125.0000	2.0000	518.0000	Health	FrozenBroccoli_6_0.5bag.jpg	6.0000	0.3882
125.0000	2.0000	519.0000	Health	Prunes_2_3.jpg	6.0000	0.6049
125.0000	2.0000	520.0000	Health	Triscuit_5_30crackers.jpg	2.0000	0.8767
125.0000	2.0000	521.0000	Health	CornFlakes_3_2tbsps.jpg	6.0000	0.7644
125.0000	2.0000	522.0000	Health	AllBranBar_3_1bar.jpg	5.0000	0.4062
125.0000	2.0000	523.0000	Health	VegetableThins_5_25Chips.jpg	6.0000	0.2309
125.0000	2.0000	524.0000	Health	Cheetos_3_10pc.jpg	2.0000	0.2055
125.0000	2.0000	525.0000	Health	Cauliflower_2_3chunks.jpg	5.0000	0.1884
125.0000	2.0000	526.0000	Health	Avocado_2_2pc.jpg	2.0000	0.2057
125.0000	2.0000	527.0000	Health	Broccoli_1_1pc.jpg	6.0000	0.2855
125.0000	2.0000	528.0000	Health	Onion_4_0.25.jpg	6.0000	0.4430
125.0000	2.0000	529.0000	Health	Skittles_3_14pieces.jpg	2.0000	0.6097
125.0000	2.0000	530.0000	Health	DriedApricots_5_0.75cup.jpg	6.0000	0.4984
125.0000	2.0000	531.0000	Health	Strawberries_3_0.5bag.jpg	2.0000	0.3330
125.0000	2.0000	532.0000	Health	MnMPeanuts_2_4.jpg	2.0000	0.5050
125.0000	2.0000	533.0000	Health	Smarties_5_3boxes.jpg	6.0000	0.3490
125.0000	2.0000	534.0000	Health	Spinach_4_.5box.jpg	6.0000	0.5102
125.0000	2.0000	535.0000	Health	RaisinBran_7_2cup.jpg	2.0000	0.9817
125.0000	2.0000	536.0000	Health	Celery_2_1stalk.jpg	6.0000	0.4631
125.0000	2.0000	537.0000	Health	FrozenCorn_4_2cups.jpg	6.0000	0.7097
125.0000	2.0000	538.0000	Health	AllBranCereal_2_1tbsp.jpg	2.0000	0.6137
125.0000	2.0000	539.0000	Health	Mars_4_2Bars.jpg	6.0000	0.5017
125.0000	2.0000	540.0000	Health	WelchsFruitSnacks_3_4bags.jpg	6.0000	0.5297
125.0000	2.0000	541.0000	Health	GreenApple_4_1.jpg	6.0000	0.4852
125.0000	2.0000	542.0000	Health	SlimStyles_2_2Tbsp.jpg	5.0000	0.9146
125.0000	2.0000	543.0000	Health	Twizzlers_4_8.jpg	2.0000	0.7184
125.0000	2.0000	544.0000	Health	Beets_2_5pc.jpg	5.0000	1.2345
125.0000	2.0000	545.0000	Health	Mentos_2_3pc.jpg	2.0000	0.6972
125.0000	2.0000	546.0000	Health	Starburst_3_5pieces.jpg	2.0000	0.6625
125.0000	2.0000	547.0000	Health	SkittlesSour_3_8pieces.jpg	2.0000	0.4855
125.0000	2.0000	548.0000	Health	FrozenPeaches_5_1.5Cups.jpg	6.0000	0.5700
125.0000	2.0000	549.0000	Health	NatureValleyChocolate_4_2bars.jpg	5.0000	0.6193
125.0000	2.0000	550.0000	Health	PureFit_2_0.5Bars.jpg	2.0000	0.8835
125.0000	2.0000	551.0000	Health	FrozenOkra_2_2pc.jpg	6.0000	0.5675
125.0000	2.0000	552.0000	Health	FrozenCorn_2_0.5cup.jpg	6.0000	0.5615
125.0000	2.0000	553.0000	Health	WaterChestnuts_5_0.5can.jpg	5.0000	0.7561
125.0000	2.0000	554.0000	Health	FrozenBlueberries_3_1cup.jpg	6.0000	0.5007
125.0000	2.0000	555.0000	Health	GreenBeans_2_9beans.jpg	6.0000	0.6553
125.0000	2.0000	556.0000	Health	VanillaGreekYogurt_2_1spoon.jpg	2.0000	0.8135
125.0000	2.0000	557.0000	Health	SevenGrain_1_1.jpg	2.0000	1.2456
125.0000	2.0000	558.0000	Health	BBQCrisps_6_1cup.jpg	2.0000	0.6288
125.0000	2.0000	559.0000	Health	RiceKrispiesCereal_3_2tbsp.jpg	2.0000	0.6768
125.0000	2.0000	560.0000	Health	Tempeh_2_1Tbsp.jpg	2.0000	0.5709
125.0000	2.0000	561.0000	Health	YorkPeppermintPatties_4_12.jpg	2.0000	0.6017
125.0000	2.0000	562.0000	Health	FrozenPeas_6_0.5bag.jpg	5.0000	0.4570
125.0000	2.0000	563.0000	Health	RomaineLettuce_2_3leaves.jpg	6.0000	0.4629
125.0000	2.0000	564.0000	Health	Cheerios_2_2T.jpg	2.0000	0.6743
125.0000	2.0000	565.0000	Health	BabyFoodCarrots_3_2Tbsp.jpg	2.0000	0.6238
125.0000	2.0000	566.0000	Health	BBQCrisps_2_5.jpg	2.0000	0.5032
125.0000	2.0000	567.0000	Health	PureFit_4_2Bars.jpg	2.0000	0.4591
125.0000	2.0000	568.0000	Health	FrozenBroccoli_2_3chunks.jpg	6.0000	0.5190
125.0000	2.0000	569.0000	Health	ClifBar_4_2bars.jpg	2.0000	0.5544
125.0000	2.0000	570.0000	Health	Pringles_2_3Chips.jpg	2.0000	0.6290
125.0000	2.0000	571.0000	Health	WelchsFruitSnacks_1_1bag.jpg	2.0000	0.8445
125.0000	2.0000	572.0000	Health	Triscuit_2_2crackers.jpg	2.0000	0.9151
125.0000	2.0000	573.0000	Health	Reese_1_1Cup.jpg	2.0000	0.5826
125.0000	2.0000	574.0000	Health	BrusselsSprouts_2_3.jpg	5.0000	0.6791
125.0000	2.0000	575.0000	Health	Nutella_1_0.5spoon.jpg	2.0000	0.4452
125.0000	2.0000	576.0000	Health	RedPepper_5_1pepper.jpg	5.0000	0.6999
125.0000	2.0000	577.0000	Health	Beets_5_1can.jpg	5.0000	0.5679
125.0000	2.0000	578.0000	Health	Celery_4_0.5bunch.jpg	6.0000	0.3932
125.0000	2.0000	579.0000	Health	DriedHerring_3_4fish.jpg	2.0000	0.5460
125.0000	2.0000	580.0000	Health	Raspberries_5_.5bag.jpg	5.0000	0.3887
125.0000	2.0000	581.0000	Health	Nutella_4_3spoons.jpg	6.0000	0.3654
125.0000	2.0000	582.0000	Health	Smarties_2_0.5box.jpg	2.0000	0.4712
125.0000	2.0000	583.0000	Health	ProMax_4_1bar.jpg	2.0000	0.4120
125.0000	2.0000	584.0000	Health	Almonds_2_10.jpg	2.0000	0.4040
125.0000	2.0000	585.0000	Health	CheeseNips_2_5nips.jpg	2.0000	0.3800
125.0000	2.0000	586.0000	Health	Mars_2_0.5Bar.jpg	2.0000	0.5574
125.0000	2.0000	587.0000	Health	Cauliflower_6_0.5bag.jpg	6.0000	0.6142
125.0000	2.0000	588.0000	Health	CoffeeCrisp_3_1Bars.jpg	2.0000	0.3822
125.0000	2.0000	589.0000	Health	Cheerios_5_2c.jpg	2.0000	0.5175
125.0000	2.0000	590.0000	Health	SpeltCakes_2_0.5.jpg	2.0000	0.7447
125.0000	2.0000	591.0000	Health	SevenGrain_3_5.jpg	2.0000	0.6512
125.0000	2.0000	592.0000	Health	FrozenPeas_2_2tbsp.jpg	2.0000	0.6656
125.0000	2.0000	593.0000	Health	Butternut_3_0.3cup.jpg	6.0000	0.5994
125.0000	2.0000	594.0000	Health	IceCreamVanilla_4_3scoops.jpg	2.0000	0.5194
125.0000	2.0000	595.0000	Health	KashiBars_1_0.5bar.jpg	6.0000	0.4590
125.0000	2.0000	596.0000	Health	AllBranBar_1_.25bar.jpg	6.0000	0.4487
125.0000	2.0000	597.0000	Health	IceCreamChocolate_4_3scoops.jpg	2.0000	0.5997
125.0000	2.0000	598.0000	Health	Cheetos_6_2c.jpg	6.0000	0.4076
125.0000	2.0000	599.0000	Health	DriedHerring_1_1fish.jpg	2.0000	0.5516
125.0000	2.0000	600.0000	Health	FrootLoops_6_2Cups.jpg	2.0000	0.4537
