Subject	Trial	Instruction	Food	Liking	Taste	Health	Amount	Choice	ChoiceRT	FirstDevTimeChoice	InitAngleChoice	NumChangeMindChoice	FinalDevTimeChoice	MaxVelocityChoice	DrxFirstDevChoice	TotalAUCChoice	AUCtoNonChosenChoice	AUCtoChosenChoice	MaxDevChoice
119.0000	1.0000	Decrease Desire	OatBran	4.0000	4.0000	4.0000	2	1.0000	5.0567	0.7567	0.0000	1.0000	1.5801	0.1003	-1.0000	0.2487	0.2487	-0.0000	0.9115
119.0000	2.0000	Decrease Desire	Nutella	3.0000	3.0000	1.0000	4	-1.0000	2.3355	0.5385	-0.0654	0.0000	0.5385	0.1224	-1.0000	0.1459	0.1459	-0.0000	0.6102
119.0000	3.0000	Decrease Desire	WelchsFruitSnacks	5.0000	6.0000	1.0000	1	1.0000	5.4767	1.3112	0.1079	0.0000	1.3112	0.0801	1.0000	0.2331	0.2331	-0.0000	0.6148
119.0000	4.0000	Decrease Desire	Asparagus	1.0000	1.0000	6.0000	6	-1.0000	1.1938	0.4544	-0.1058	0.0000	0.4544	0.2401	-1.0000	0.2289	0.2338	-0.0050	0.5549
119.0000	5.0000	Decrease Desire	Celery	4.0000	5.0000	6.0000	4	-1.0000	2.3866	0.5047	-0.1382	2.0000	1.4624	0.1527	-1.0000	0.4611	0.4652	-0.0041	0.9940
119.0000	6.0000	Decrease Desire	ProMax	3.0000	3.0000	3.0000	4	-1.0000	3.7468	1.6972	-0.0000	0.0000	1.6972	0.1489	-1.0000	0.2185	0.2187	-0.0002	0.5043
119.0000	7.0000	Decrease Desire	Doritos	6.0000	6.0000	2.0000	2	1.0000	1.6978	0.4879	0.2064	1.0000	0.8743	0.0817	-1.0000	0.3844	0.3844	-0.0000	0.8037
119.0000	8.0000	Decrease Desire	PopTartStrawberry	4.0000	5.0000	1.0000	5	-1.0000	2.1345	0.6222	-0.1522	0.0000	0.6222	0.1654	-1.0000	0.1517	0.1664	-0.0147	0.6038
119.0000	9.0000	Decrease Desire	AllBranCereal	3.0000	1.0000	3.0000	6	-1.0000	1.7814	0.5215	-0.1472	0.0000	0.5215	0.1726	-1.0000	0.1766	0.1766	-0.0000	0.5450
119.0000	10.0000	Decrease Desire	SpeltCakes	3.0000	3.0000	3.0000	2	-1.0000	1.3954	0.2019	-0.0077	0.0000	0.2019	0.1134	-1.0000	0.2031	0.2031	-0.0000	0.4581
119.0000	11.0000	Respond Naturally	Mackerel	1.0000	1.0000	5.0000	3	-1.0000	1.0591	0.4205	-0.1410	0.0000	0.4205	0.2557	-1.0000	0.2069	0.2135	-0.0066	0.4927
119.0000	12.0000	Respond Naturally	Mars	6.0000	6.0000	2.0000	4	1.0000	1.2271	0.4541	0.1068	0.0000	0.4541	0.1286	1.0000	0.1919	0.1987	-0.0068	0.5095
119.0000	13.0000	Respond Naturally	BabyFoodCarrots	1.0000	1.0000	5.0000	3	-1.0000	0.9748	0.5380	-0.0000	0.0000	0.5380	0.1548	-1.0000	0.3082	0.3087	-0.0005	0.6177
119.0000	14.0000	Respond Naturally	AlmondMilk	1.0000	1.0000	4.0000	2	-1.0000	1.6470	0.5887	-0.1421	0.0000	0.5887	0.1490	-1.0000	0.1830	0.1830	-0.0000	0.5591
119.0000	15.0000	Respond Naturally	FrozenOkra	1.0000	1.0000	5.0000	2	-1.0000	2.5204	0.5548	-0.1198	0.0000	0.5548	0.0818	-1.0000	0.1524	0.1613	-0.0089	0.5898
119.0000	16.0000	Respond Naturally	BabyFoodSweetPotatos	1.0000	1.0000	4.0000	2	-1.0000	1.2272	0.4205	-0.0663	0.0000	0.4205	0.1448	-1.0000	0.2250	0.2264	-0.0014	0.5890
119.0000	17.0000	Respond Naturally	MangoChunks	6.0000	6.0000	5.0000	2	1.0000	1.6472	0.1009	0.1258	1.0000	0.7398	0.1343	-1.0000	0.4231	0.4231	-0.0000	0.9562
119.0000	18.0000	Respond Naturally	Skittles	6.0000	6.0000	1.0000	3	1.0000	1.1432	0.4038	0.0321	1.0000	0.7399	0.3078	-1.0000	0.3496	0.3496	-0.0000	0.6517
119.0000	19.0000	Respond Naturally	WaterChestnuts	1.0000	1.0000	4.0000	3	-1.0000	1.0424	0.2355	-0.1354	1.0000	0.5382	0.2080	1.0000	0.3581	0.3581	-0.0000	0.7725
119.0000	20.0000	Respond Naturally	Shreddies	2.0000	2.0000	4.0000	2	-1.0000	1.2777	0.1009	-0.0000	0.0000	0.1009	0.2164	-1.0000	0.2664	0.2852	-0.0188	0.6667
119.0000	21.0000	Respond Naturally	LaysClassic	6.0000	6.0000	1.0000	4	1.0000	1.1934	0.3699	0.0646	1.0000	0.6893	0.4161	-1.0000	0.5122	0.5122	-0.0000	1.4077
119.0000	22.0000	Respond Naturally	PopTartStrawberry	4.0000	4.0000	1.0000	2	1.0000	2.1344	0.2690	0.1050	2.0000	1.3444	0.2102	1.0000	0.6449	0.6522	-0.0073	1.3404
119.0000	23.0000	Respond Naturally	EnglishCucumber	5.0000	4.0000	5.0000	5	-1.0000	1.9830	0.3364	-0.1222	2.0000	1.6973	0.1732	-1.0000	0.1999	0.1999	-0.0000	0.5379
119.0000	24.0000	Respond Naturally	Bananas	4.0000	6.0000	6.0000	3	-1.0000	2.2186	0.4709	-0.1948	1.0000	1.2943	0.2448	1.0000	0.5080	0.5081	-0.0001	0.9528
119.0000	25.0000	Respond Naturally	GreenApple	6.0000	6.0000	5.0000	4	1.0000	1.1096	0.3701	0.1071	0.0000	0.3701	0.1078	1.0000	0.3135	0.3135	-0.0000	0.5216
119.0000	26.0000	Respond Naturally	DriedHerring	1.0000	1.0000	5.0000	1	-1.0000	2.5869	0.6050	0.0028	0.0000	0.6050	0.1397	-1.0000	0.1361	0.1361	-0.0000	0.4952
119.0000	27.0000	Respond Naturally	GreenGrapes	5.0000	6.0000	5.0000	1	-1.0000	4.6700	0.1007	0.1796	2.0000	3.9306	0.2945	-1.0000	0.7239	0.7532	-0.0293	1.2092
119.0000	28.0000	Respond Naturally	CheeseNips	4.0000	5.0000	2.0000	5	-1.0000	1.2437	0.5380	0.0195	0.0000	0.5380	0.1056	-1.0000	0.1477	0.1477	-0.0000	0.3005
119.0000	29.0000	Respond Naturally	Cheerios	5.0000	5.0000	4.0000	2	-1.0000	1.6807	0.5381	0.0581	0.0000	0.5381	0.1269	-1.0000	0.1538	0.1589	-0.0051	0.3200
119.0000	30.0000	Respond Naturally	RiceKrispiesCereal	5.0000	5.0000	2.0000	7	-1.0000	1.1595	0.6890	-0.1117	0.0000	0.6890	0.1380	-1.0000	0.3844	0.3844	-0.0000	0.6197
119.0000	31.0000	Decrease Desire	Caramilk	6.0000	6.0000	1.0000	5	-1.0000	4.7700	0.7561	-0.0595	0.0000	0.7561	0.1072	-1.0000	0.1056	0.1056	-0.0000	0.4843
119.0000	32.0000	Decrease Desire	Butternut	1.0000	1.0000	5.0000	7	-1.0000	1.7644	1.1426	-0.0685	0.0000	1.1426	0.1179	-1.0000	0.3726	0.3726	-0.0000	0.5582
119.0000	33.0000	Decrease Desire	Tuna	1.0000	2.0000	5.0000	4	-1.0000	1.3283	0.4543	-0.0897	0.0000	0.4543	0.0922	-1.0000	0.2147	0.2156	-0.0009	0.4853
119.0000	34.0000	Decrease Desire	Prunes	4.0000	5.0000	5.0000	2	1.0000	2.7898	0.4707	0.0000	2.0000	1.5631	0.4161	1.0000	0.4957	0.5166	-0.0210	1.2123
119.0000	35.0000	Decrease Desire	Avocado	1.0000	1.0000	6.0000	5	-1.0000	0.8741	0.5212	-0.1016	0.0000	0.5212	0.2607	-1.0000	0.3682	0.3682	-0.0000	0.6342
119.0000	36.0000	Decrease Desire	WaterChestnuts	1.0000	1.0000	5.0000	5	-1.0000	0.9584	0.4541	-0.0016	0.0000	0.4541	0.2635	-1.0000	0.2484	0.2484	-0.0000	0.4282
119.0000	37.0000	Decrease Desire	RufflesSourCreamOnion	6.0000	6.0000	2.0000	5	1.0000	0.9750	0.4876	-0.1543	0.0000	0.4876	0.3141	1.0000	0.1936	0.1944	-0.0007	0.3902
119.0000	38.0000	Decrease Desire	FrozenPeas	2.0000	2.0000	6.0000	6	-1.0000	1.1262	0.1007	0.1120	0.0000	0.1007	0.1670	-1.0000	0.1298	0.1431	-0.0133	0.3138
119.0000	39.0000	Decrease Desire	Triscuit	3.0000	3.0000	3.0000	5	-1.0000	1.2269	0.4037	0.0177	0.0000	0.4037	0.1709	-1.0000	0.1150	0.1160	-0.0010	0.4314
119.0000	40.0000	Decrease Desire	IceCreamChocolate	4.0000	6.0000	2.0000	1	1.0000	3.1754	0.6894	0.2673	1.0000	0.8911	0.1936	-1.0000	0.1631	0.1631	-0.0000	0.7995
119.0000	41.0000	Respond Naturally	CoffeeCrisp	6.0000	6.0000	2.0000	3	1.0000	0.8405	0.3867	-0.0074	0.0000	0.3867	0.1845	1.0000	0.3186	0.3186	-0.0000	0.6215
119.0000	42.0000	Respond Naturally	KashiBars	2.0000	3.0000	4.0000	1	-1.0000	0.8406	0.4372	-0.1303	0.0000	0.4372	0.1983	-1.0000	0.2999	0.2999	-0.0000	0.5460
119.0000	43.0000	Respond Naturally	SpeltCakes	3.0000	4.0000	3.0000	5	-1.0000	0.8069	0.4036	-0.1320	0.0000	0.4036	0.2170	-1.0000	0.2972	0.2972	-0.0000	0.5079
119.0000	44.0000	Respond Naturally	Strawberries	5.0000	5.0000	6.0000	2	1.0000	2.5538	0.4705	-0.0832	1.0000	0.5881	0.1982	-1.0000	0.1662	0.1662	-0.0000	0.9441
119.0000	45.0000	Respond Naturally	Mentos	5.0000	6.0000	1.0000	2	1.0000	0.9414	0.4037	0.1072	0.0000	0.4037	0.2022	1.0000	0.2225	0.2361	-0.0136	0.5275
119.0000	46.0000	Respond Naturally	YorkPeppermintPatties	3.0000	4.0000	2.0000	4	-1.0000	0.8405	0.4371	-0.0629	0.0000	0.4371	0.1813	-1.0000	0.2912	0.2915	-0.0003	0.5814
119.0000	47.0000	Respond Naturally	Reese	1.0000	1.0000	2.0000	4	-1.0000	1.2104	0.3197	-0.1583	2.0000	0.6727	0.3987	-1.0000	0.4617	0.4617	-0.0000	1.6391
119.0000	48.0000	Respond Naturally	Broccoli	6.0000	6.0000	6.0000	1	-1.0000	3.3276	0.4203	-0.1999	6.0000	2.7900	0.4352	-1.0000	0.6724	0.6816	-0.0092	1.3756
119.0000	49.0000	Respond Naturally	Smarties	6.0000	5.0000	1.0000	5	-1.0000	2.2683	0.6385	-0.0421	1.0000	1.7137	0.2905	1.0000	0.6981	0.6981	-0.0000	1.1403
119.0000	50.0000	Respond Naturally	Cheetos	5.0000	6.0000	1.0000	6	1.0000	0.8743	0.4374	-0.1361	0.0000	0.4374	0.1239	1.0000	0.3018	0.3018	-0.0000	0.5916
119.0000	51.0000	Decrease Desire	SlicedTurkey	5.0000	6.0000	5.0000	5	1.0000	1.3609	0.5374	-0.0069	1.0000	0.7558	0.2168	-1.0000	0.4479	0.4566	-0.0087	1.1401
119.0000	52.0000	Decrease Desire	SunChips	3.0000	3.0000	3.0000	2	-1.0000	1.0086	0.4876	-0.0939	0.0000	0.4876	0.2143	-1.0000	0.2927	0.2927	-0.0000	0.6054
119.0000	53.0000	Decrease Desire	GreenBeans	1.0000	2.0000	6.0000	2	-1.0000	1.5293	0.5379	-0.1137	0.0000	0.5379	0.1048	-1.0000	0.3312	0.3312	-0.0000	0.7103
119.0000	54.0000	Decrease Desire	GreenGrapes	6.0000	6.0000	5.0000	4	1.0000	1.2439	0.4373	-0.0560	0.0000	0.4373	0.1668	1.0000	0.3618	0.3618	-0.0000	0.6354
119.0000	55.0000	Decrease Desire	RomaineLettuce	4.0000	6.0000	5.0000	4	-1.0000	1.6128	0.3868	-0.1075	0.0000	0.3868	0.1669	-1.0000	0.1718	0.1725	-0.0007	0.6252
119.0000	56.0000	Decrease Desire	FrozenBlueberries	4.0000	5.0000	5.0000	3	-1.0000	1.3785	0.6725	-0.0645	0.0000	0.6725	0.1333	-1.0000	0.3300	0.3300	-0.0000	0.5705
119.0000	57.0000	Decrease Desire	FrozenPeaches	5.0000	5.0000	5.0000	5	-1.0000	2.5200	0.4708	-0.0248	0.0000	0.4708	0.1923	-1.0000	0.1668	0.1668	-0.0000	0.5934
119.0000	58.0000	Decrease Desire	EnglishCucumber	5.0000	6.0000	5.0000	2	-1.0000	1.2271	0.2692	-0.0462	1.0000	0.8070	0.4065	1.0000	0.6455	0.6455	-0.0000	1.3272
119.0000	59.0000	Decrease Desire	TofuDessert	1.0000	2.0000	3.0000	2	-1.0000	0.9749	0.5043	-0.1371	0.0000	0.5043	0.1337	-1.0000	0.3125	0.3125	-0.0000	0.5289
119.0000	60.0000	Decrease Desire	HoneyNutCheerios	5.0000	5.0000	4.0000	2	1.0000	1.7313	0.1682	0.0000	1.0000	0.6725	0.1785	-1.0000	0.5353	0.5353	-0.0000	1.2117
119.0000	61.0000	Decrease Desire	MnMPlain	4.0000	4.0000	2.0000	5	-1.0000	0.9410	0.5377	-0.0000	0.0000	0.5377	0.1984	-1.0000	0.1541	0.1584	-0.0044	0.3042
119.0000	62.0000	Decrease Desire	RaisinBran	2.0000	3.0000	3.0000	3	-1.0000	0.8740	0.4202	-0.1102	0.0000	0.4202	0.2691	-1.0000	0.3192	0.3192	-0.0000	0.5727
119.0000	63.0000	Decrease Desire	IceCreamVanilla	5.0000	6.0000	3.0000	1	-1.0000	2.1342	0.4875	-0.0000	2.0000	1.7141	0.4095	-1.0000	0.3628	0.3628	-0.0001	1.1179
119.0000	64.0000	Decrease Desire	Butternut	1.0000	1.0000	5.0000	3	-1.0000	0.8908	0.5379	0.0584	0.0000	0.5379	0.2049	-1.0000	0.4402	0.4409	-0.0007	0.6962
119.0000	65.0000	Decrease Desire	FrozenBroccoli	5.0000	6.0000	6.0000	6	-1.0000	1.2945	0.4709	-0.0000	1.0000	0.6390	0.2315	1.0000	0.3207	0.3207	-0.0000	0.7480
119.0000	66.0000	Decrease Desire	PCChipCookie	4.0000	6.0000	2.0000	2	1.0000	1.1934	0.4709	-0.1323	0.0000	0.4709	0.1229	1.0000	0.1201	0.1201	-0.0000	0.3325
119.0000	67.0000	Decrease Desire	AllBranBar	3.0000	4.0000	4.0000	3	-1.0000	0.9077	0.4370	0.0513	0.0000	0.4370	0.1192	-1.0000	0.2001	0.2001	-0.0000	0.3428
119.0000	68.0000	Decrease Desire	HoneyNutCheerios	4.0000	4.0000	4.0000	5	-1.0000	0.8572	0.5043	-0.0842	0.0000	0.5043	0.1946	-1.0000	0.4764	0.4764	-0.0000	0.7324
119.0000	69.0000	Decrease Desire	Orange	5.0000	6.0000	5.0000	5	-1.0000	1.7819	0.3533	-0.0000	2.0000	1.1264	0.4058	-1.0000	0.4420	0.4420	-0.0000	1.4357
119.0000	70.0000	Decrease Desire	Twizzlers	4.0000	5.0000	1.0000	2	1.0000	1.4619	0.5208	0.1064	1.0000	0.8737	0.2809	-1.0000	0.5129	0.5132	-0.0003	1.4251
119.0000	71.0000	Respond Naturally	Nutella	3.0000	3.0000	2.0000	1	-1.0000	1.2431	0.6383	-0.0000	0.0000	0.6383	0.2833	-1.0000	0.1615	0.1705	-0.0089	0.3491
119.0000	72.0000	Respond Naturally	RufflesSourCreamOnion	6.0000	6.0000	1.0000	3	1.0000	0.9747	0.3024	0.0000	0.0000	0.3024	0.1693	1.0000	0.1151	0.1180	-0.0028	0.3603
119.0000	73.0000	Respond Naturally	Almonds	5.0000	5.0000	5.0000	4	1.0000	1.7481	0.1851	0.1474	2.0000	1.1599	0.2169	1.0000	0.3612	0.3744	-0.0133	1.2410
119.0000	74.0000	Respond Naturally	Starburst	6.0000	6.0000	1.0000	6	1.0000	0.8064	0.4534	0.1446	0.0000	0.4534	0.1839	1.0000	0.2836	0.2836	-0.0000	0.4663
119.0000	75.0000	Respond Naturally	Fritos	5.0000	5.0000	2.0000	2	1.0000	1.2104	0.1683	0.0944	0.0000	0.1683	0.0794	1.0000	0.1261	0.1261	-0.0000	0.3790
119.0000	76.0000	Respond Naturally	FrozenCorn	5.0000	6.0000	4.0000	4	-1.0000	3.3441	0.4539	-0.1254	1.0000	0.9411	0.2018	1.0000	0.6611	0.6611	-0.0000	1.0718
119.0000	77.0000	Respond Naturally	AllBranBar	3.0000	2.0000	4.0000	1	1.0000	0.0839	0.0000	0.5339	0.0000	0.0000	0.9055	1.0000	-0.0059	0.0516	-0.0576	0.2248
119.0000	78.0000	Respond Naturally	ClamJuice	1.0000	1.0000	5.0000	3	-1.0000	1.1428	0.5209	-0.0878	1.0000	0.7394	0.3956	1.0000	0.5459	0.5476	-0.0017	1.4915
119.0000	79.0000	Respond Naturally	Tempeh	1.0000	3.0000	3.0000	2	-1.0000	0.7902	0.3364	-0.0341	0.0000	0.3364	0.1603	-1.0000	0.2186	0.2186	-0.0000	0.4459
119.0000	80.0000	Respond Naturally	RitzCrackers	5.0000	5.0000	3.0000	2	1.0000	3.6794	0.7727	-0.0014	2.0000	1.8651	0.4594	1.0000	0.8621	0.8621	-0.0000	1.5107
119.0000	81.0000	Respond Naturally	RaisinBran	2.0000	3.0000	4.0000	7	-1.0000	0.8905	0.4199	-0.1985	0.0000	0.4199	0.1549	-1.0000	0.1561	0.1737	-0.0176	0.3633
119.0000	82.0000	Respond Naturally	IceCreamChocolate	4.0000	6.0000	1.0000	4	1.0000	0.9918	0.3362	0.0448	1.0000	0.5379	0.1907	-1.0000	0.3617	0.3756	-0.0139	0.8781
119.0000	83.0000	Respond Naturally	SlimStyles	3.0000	3.0000	4.0000	6	-1.0000	0.9580	0.3361	-0.1837	0.0000	0.3361	0.2474	-1.0000	0.2866	0.2866	-0.0000	0.6021
119.0000	84.0000	Respond Naturally	SunChips	3.0000	3.0000	3.0000	4	-1.0000	1.3779	0.4034	-0.0000	0.0000	0.4034	0.2305	-1.0000	0.0935	0.1628	-0.0694	0.5302
119.0000	85.0000	Respond Naturally	DriedApricots	3.0000	4.0000	4.0000	2	-1.0000	0.0839	0.0000	0.7310	0.0000	0.0000	1.0368	1.0000	-0.0870	0.0203	-0.1073	-0.3528
119.0000	86.0000	Respond Naturally	DriedHerring	1.0000	1.0000	5.0000	3	-1.0000	1.0924	0.5377	0.0637	1.0000	0.7395	0.2905	1.0000	0.3976	0.3992	-0.0016	0.7906
119.0000	87.0000	Respond Naturally	Strawberries	6.0000	4.0000	5.0000	3	-1.0000	1.1764	0.4202	-0.0000	0.0000	0.4202	0.1800	-1.0000	0.2805	0.2805	-0.0000	0.4491
119.0000	88.0000	Respond Naturally	RedPepper	2.0000	3.0000	5.0000	5	-1.0000	0.8238	0.4204	0.0286	0.0000	0.4204	0.2008	-1.0000	0.2029	0.2083	-0.0054	0.4043
119.0000	89.0000	Respond Naturally	MnMPeanuts	4.0000	4.0000	2.0000	4	-1.0000	2.7208	0.3864	-0.0510	0.0000	0.3864	0.2432	-1.0000	0.0823	0.0854	-0.0031	0.5714
119.0000	90.0000	Respond Naturally	Bananas	5.0000	5.0000	6.0000	2	1.0000	1.2776	0.4204	-0.0129	1.0000	0.5885	0.3123	-1.0000	0.3862	0.3910	-0.0047	1.2631
119.0000	91.0000	Decrease Desire	LaysClassic	6.0000	6.0000	1.0000	3	-1.0000	1.7306	0.4871	-0.0000	1.0000	0.7055	0.3075	1.0000	0.4881	0.4914	-0.0033	1.3750
119.0000	92.0000	Decrease Desire	NatureValleyChocolate	5.0000	5.0000	3.0000	4	1.0000	1.2942	0.4035	0.0000	1.0000	0.8572	0.2430	-1.0000	0.5821	0.5821	-0.0000	1.3019
119.0000	93.0000	Decrease Desire	SkittlesSour	6.0000	6.0000	1.0000	3	1.0000	8.1511	0.4711	0.0149	22.0000	6.8741	0.3960	1.0000	0.4493	0.4512	-0.0019	1.1532
119.0000	94.0000	Decrease Desire	SkimMilk	1.0000	1.0000	5.0000	4	-1.0000	0.8909	0.3531	-0.0000	0.0000	0.3531	0.1216	-1.0000	0.2992	0.2992	-0.0000	0.4413
119.0000	95.0000	Decrease Desire	VanillaGreekYogurt	6.0000	6.0000	4.0000	4	1.0000	1.4122	0.4373	0.0000	1.0000	0.7735	0.2500	-1.0000	0.3403	0.3581	-0.0178	1.0597
119.0000	96.0000	Decrease Desire	CheeseNips	4.0000	4.0000	2.0000	2	-1.0000	2.2853	0.7058	0.0702	2.0000	1.9156	0.3262	-1.0000	0.3617	0.3625	-0.0008	0.5748
119.0000	97.0000	Decrease Desire	BrusselsSprouts	1.0000	1.0000	6.0000	2	-1.0000	0.8911	0.4373	0.0204	0.0000	0.4373	0.1571	-1.0000	0.2539	0.2539	-0.0000	0.4301
119.0000	98.0000	Decrease Desire	PureFit	3.0000	2.0000	3.0000	2	-1.0000	1.0924	0.7562	-0.0000	0.0000	0.7562	0.2238	-1.0000	0.4074	0.4079	-0.0005	0.5364
119.0000	99.0000	Decrease Desire	SlicedTurkey	6.0000	5.0000	4.0000	2	1.0000	0.9414	0.3364	0.0557	0.0000	0.3364	0.1817	1.0000	0.2232	0.2256	-0.0024	0.4011
119.0000	100.0000	Decrease Desire	AlmondMilk	1.0000	1.0000	5.0000	4	-1.0000	0.2019	0.1178	-1.2062	0.0000	0.1178	1.3046	1.0000	0.5174	0.5226	-0.0052	1.1515
119.0000	101.0000	Decrease Desire	Aero	6.0000	6.0000	2.0000	3	-1.0000	5.2937	0.2355	0.0983	14.0000	4.2186	0.4869	-1.0000	0.4991	0.5161	-0.0170	1.8682
119.0000	102.0000	Decrease Desire	GreenPepper	3.0000	3.0000	5.0000	6	-1.0000	1.1428	0.4371	-0.0044	0.0000	0.4371	0.3809	-1.0000	0.1810	0.1810	-0.0000	0.4101
119.0000	103.0000	Decrease Desire	Aero	5.0000	6.0000	2.0000	1	1.0000	2.6553	0.3700	0.1654	3.0000	1.9159	0.1659	-1.0000	0.6656	0.6658	-0.0002	1.1481
119.0000	104.0000	Decrease Desire	AppleChips	2.0000	2.0000	5.0000	5	-1.0000	0.9750	0.3701	0.0010	0.0000	0.3701	0.2547	-1.0000	0.1922	0.1922	-0.0000	0.4101
119.0000	105.0000	Decrease Desire	ProMax	3.0000	3.0000	3.0000	2	-1.0000	1.0587	0.1510	-0.0973	0.0000	0.1510	0.2144	-1.0000	0.1116	0.1154	-0.0038	0.3001
119.0000	106.0000	Decrease Desire	OikosYogurt	5.0000	6.0000	4.0000	3	1.0000	2.3697	0.3028	0.0996	3.0000	1.9497	0.3937	-1.0000	0.4353	0.4353	-0.0000	1.0172
119.0000	107.0000	Decrease Desire	SkittlesSour	6.0000	6.0000	1.0000	6	1.0000	3.7817	0.4036	-0.0397	8.0000	2.4540	0.3786	1.0000	0.4935	0.5110	-0.0175	1.1331
119.0000	108.0000	Decrease Desire	FrozenPeaches	5.0000	6.0000	5.0000	2	1.0000	3.2259	0.4537	-0.0321	3.0000	2.5368	0.2358	-1.0000	0.6446	0.6482	-0.0036	1.3207
119.0000	109.0000	Decrease Desire	Fritos	5.0000	5.0000	2.0000	5	-1.0000	1.1933	0.7899	-0.0651	0.0000	0.7899	0.1789	-1.0000	0.2809	0.2809	-0.0000	0.3980
119.0000	110.0000	Decrease Desire	SevenGrain	2.0000	2.0000	4.0000	3	-1.0000	2.5040	0.4706	-0.0000	3.0000	1.6638	0.3359	1.0000	0.6115	0.6115	-0.0000	1.3057
119.0000	111.0000	Respond Naturally	YorkPeppermintPatties	4.0000	4.0000	2.0000	2	-1.0000	0.8573	0.4034	-0.0000	0.0000	0.4034	0.1528	-1.0000	0.1936	0.1936	-0.0000	0.3170
119.0000	112.0000	Respond Naturally	Prunes	4.0000	5.0000	4.0000	5	-1.0000	1.1767	0.5380	0.0105	0.0000	0.5380	0.1675	-1.0000	0.2961	0.2961	-0.0000	0.5958
119.0000	113.0000	Respond Naturally	Cauliflower	2.0000	1.0000	6.0000	6	-1.0000	0.9746	0.4201	-0.1861	0.0000	0.4201	0.2737	-1.0000	0.3087	0.3219	-0.0132	0.6617
119.0000	114.0000	Respond Naturally	WelchsFruitSnacks	5.0000	6.0000	1.0000	3	1.0000	0.9076	0.2017	0.0769	0.0000	0.2017	0.1571	1.0000	0.2665	0.2666	-0.0001	0.4428
119.0000	115.0000	Respond Naturally	OatmealSquares	3.0000	3.0000	4.0000	3	-1.0000	0.7062	0.2187	0.0114	0.0000	0.2187	0.1973	-1.0000	0.2074	0.2090	-0.0016	0.4489
119.0000	116.0000	Respond Naturally	Spinach	1.0000	1.0000	6.0000	2	-1.0000	0.8403	0.3698	-0.0000	0.0000	0.3698	0.2282	-1.0000	0.1207	0.1686	-0.0479	0.3709
119.0000	117.0000	Respond Naturally	Pringles	6.0000	6.0000	1.0000	5	1.0000	1.0254	0.4203	0.0202	1.0000	0.5380	0.1693	-1.0000	0.2919	0.3056	-0.0137	0.8464
119.0000	118.0000	Respond Naturally	FrozenBroccoli	5.0000	6.0000	6.0000	2	1.0000	2.3350	0.4033	0.0000	1.0000	1.3607	0.3586	-1.0000	0.7217	0.7217	-0.0000	1.4480
119.0000	119.0000	Respond Naturally	Cheerios	5.0000	5.0000	4.0000	5	-1.0000	0.8570	0.3865	0.0960	0.0000	0.3865	0.2376	-1.0000	0.1833	0.2113	-0.0280	0.4972
119.0000	120.0000	Respond Naturally	ClifBar	2.0000	2.0000	4.0000	2	-1.0000	0.7563	0.3699	-0.0532	0.0000	0.3699	0.2097	-1.0000	0.3369	0.3369	-0.0000	0.6281
119.0000	121.0000	Decrease Desire	Starburst	6.0000	6.0000	1.0000	3	1.0000	4.0153	0.5040	0.0000	6.0000	2.9736	0.2927	1.0000	0.3423	0.3423	-0.0000	0.8730
119.0000	122.0000	Decrease Desire	OatBran	3.0000	5.0000	4.0000	4	-1.0000	0.8238	0.3867	-0.0000	0.0000	0.3867	0.2400	-1.0000	0.1357	0.1592	-0.0235	0.3602
119.0000	123.0000	Decrease Desire	PCChipCookie	4.0000	5.0000	1.0000	5	-1.0000	0.9918	0.2859	-0.0115	2.0000	0.6389	0.2021	-1.0000	0.3568	0.3568	-0.0000	0.7498
119.0000	124.0000	Decrease Desire	GreenPepper	2.0000	3.0000	5.0000	2	-1.0000	0.8906	0.2688	-0.1252	0.0000	0.2688	0.1210	-1.0000	0.2569	0.2573	-0.0004	0.4590
119.0000	125.0000	Decrease Desire	SlimStyles	3.0000	3.0000	3.0000	2	-1.0000	0.8406	0.3700	-0.0591	0.0000	0.3700	0.2771	-1.0000	0.2593	0.2593	-0.0000	0.5091
119.0000	126.0000	Decrease Desire	BrusselsSprouts	1.0000	1.0000	6.0000	4	-1.0000	0.9079	0.2860	-0.0617	0.0000	0.2860	0.2153	-1.0000	0.2404	0.2408	-0.0004	0.5265
119.0000	127.0000	Decrease Desire	IceCreamVanilla	6.0000	6.0000	2.0000	4	1.0000	2.7054	0.1513	-0.0037	5.0000	2.4366	0.4286	-1.0000	0.4249	0.4316	-0.0067	1.2052
119.0000	128.0000	Decrease Desire	SkimMilk	2.0000	1.0000	6.0000	1	-1.0000	0.8912	0.2523	-0.0944	0.0000	0.2523	0.2118	-1.0000	0.2074	0.2298	-0.0224	0.6117
119.0000	129.0000	Decrease Desire	BabyFoodSweetPotatos	1.0000	1.0000	4.0000	5	-1.0000	1.0086	0.1010	-0.0000	0.0000	0.1010	0.2169	-1.0000	0.1643	0.1894	-0.0250	0.4816
119.0000	130.0000	Decrease Desire	Skittles	6.0000	6.0000	1.0000	6	1.0000	1.9163	0.1010	-0.0211	3.0000	1.3449	0.2786	-1.0000	0.7102	0.7126	-0.0024	1.3554
119.0000	131.0000	Respond Naturally	CannedArtichoke	1.0000	1.0000	5.0000	2	-1.0000	1.3784	0.6727	0.0142	0.0000	0.6727	0.2450	-1.0000	0.1100	0.1100	-0.0000	0.2267
119.0000	132.0000	Respond Naturally	Avocado	1.0000	1.0000	6.0000	2	-1.0000	0.8737	0.4369	-0.1912	0.0000	0.4369	0.3153	-1.0000	0.2253	0.2379	-0.0126	0.5207
119.0000	133.0000	Respond Naturally	VegetableThins	5.0000	4.0000	4.0000	5	-1.0000	0.8404	0.3195	-0.0958	0.0000	0.3195	0.1555	-1.0000	0.1740	0.1750	-0.0010	0.4187
119.0000	134.0000	Respond Naturally	OatmealSquares	3.0000	3.0000	5.0000	7	-1.0000	1.2770	0.3529	0.1318	0.0000	0.3529	0.1505	-1.0000	0.1421	0.1449	-0.0028	0.4736
119.0000	135.0000	Respond Naturally	VanillaGreekYogurt	5.0000	6.0000	5.0000	2	1.0000	1.1263	0.2690	0.0091	0.0000	0.2690	0.1250	1.0000	0.1079	0.1094	-0.0015	0.3377
119.0000	136.0000	Respond Naturally	CornFlakes	4.0000	4.0000	4.0000	6	-1.0000	0.6894	0.3364	0.1362	0.0000	0.3364	0.2167	-1.0000	0.2294	0.2294	-0.0000	0.4817
119.0000	137.0000	Respond Naturally	Raspberries	4.0000	4.0000	5.0000	5	-1.0000	0.8405	0.3867	-0.0469	0.0000	0.3867	0.1721	-1.0000	0.2972	0.2972	-0.0000	0.5769
119.0000	138.0000	Respond Naturally	Mars	5.0000	6.0000	1.0000	2	1.0000	1.4623	0.3196	-0.0731	1.0000	0.5717	0.3338	-1.0000	0.5961	0.5961	-0.0000	1.3218
119.0000	139.0000	Respond Naturally	FrozenCorn	5.0000	6.0000	5.0000	2	1.0000	1.7306	0.3528	0.1136	1.0000	0.7729	0.1459	-1.0000	0.4603	0.4688	-0.0085	1.0798
119.0000	140.0000	Respond Naturally	RiceKrispiesCereal	5.0000	5.0000	2.0000	3	-1.0000	1.0083	0.2017	-0.0513	0.0000	0.2017	0.1946	-1.0000	0.2840	0.2961	-0.0121	0.6743
119.0000	141.0000	Decrease Desire	Twizzlers	4.0000	5.0000	1.0000	4	-1.0000	1.1259	0.5041	0.0028	0.0000	0.5041	0.2285	-1.0000	0.2883	0.2883	-0.0000	0.5081
119.0000	142.0000	Decrease Desire	Pringles	6.0000	6.0000	1.0000	2	1.0000	1.9662	0.2019	0.0633	3.0000	1.5461	0.3624	-1.0000	0.7132	0.7136	-0.0004	1.1558
119.0000	143.0000	Decrease Desire	MnMPlain	4.0000	4.0000	2.0000	3	-1.0000	0.7560	0.1847	0.0257	0.0000	0.1847	0.1561	-1.0000	0.3117	0.3124	-0.0008	0.4657
119.0000	144.0000	Decrease Desire	Almonds	5.0000	5.0000	5.0000	2	1.0000	2.7392	0.3362	0.0847	5.0000	2.4199	0.4258	-1.0000	0.6336	0.6336	-0.0000	1.5665
119.0000	145.0000	Decrease Desire	GreenApple	6.0000	6.0000	5.0000	2	1.0000	1.1089	0.3695	0.0000	1.0000	0.6384	0.2888	-1.0000	0.5577	0.5577	-0.0001	1.5951
119.0000	146.0000	Decrease Desire	Beets	5.0000	5.0000	5.0000	2	-1.0000	8.8383	0.2354	-0.0125	16.0000	8.3510	0.4357	-1.0000	0.5076	0.5085	-0.0010	1.3941
119.0000	147.0000	Decrease Desire	BabyFoodCarrots	1.0000	2.0000	4.0000	5	-1.0000	0.8235	0.3362	0.0628	0.0000	0.3362	0.3752	-1.0000	0.2753	0.2753	-0.0000	0.6796
119.0000	148.0000	Decrease Desire	FrozenOkra	1.0000	1.0000	5.0000	5	-1.0000	0.8911	0.2355	0.0059	0.0000	0.2355	0.1534	-1.0000	0.1933	0.2183	-0.0250	0.4989
119.0000	149.0000	Decrease Desire	MangoChunks	6.0000	6.0000	6.0000	5	1.0000	1.2272	0.3197	-0.0460	1.0000	0.6558	0.3015	-1.0000	0.2660	0.3056	-0.0397	0.7918
119.0000	150.0000	Decrease Desire	CornFlakes	4.0000	4.0000	4.0000	3	-1.0000	0.8404	0.3362	0.0030	0.0000	0.3362	0.2241	-1.0000	0.1609	0.1722	-0.0113	0.4229
119.0000	151.0000	Respond Naturally	Orange	5.0000	6.0000	5.0000	1	1.0000	2.4112	0.3195	-0.0065	1.0000	0.7060	0.2817	-1.0000	0.2082	0.2162	-0.0080	1.0060
119.0000	152.0000	Respond Naturally	VegetableThins	4.0000	4.0000	5.0000	2	-1.0000	0.9916	0.3363	-0.0357	0.0000	0.3363	0.2727	-1.0000	0.1713	0.1713	-0.0000	0.4258
119.0000	153.0000	Respond Naturally	Raspberries	4.0000	4.0000	5.0000	4	-1.0000	1.0928	0.3532	-0.0498	0.0000	0.3532	0.1582	-1.0000	0.1277	0.1413	-0.0136	0.4595
119.0000	154.0000	Respond Naturally	Snickers	6.0000	6.0000	2.0000	2	1.0000	1.0253	0.3194	-0.0071	1.0000	0.6052	0.3274	-1.0000	0.5847	0.5850	-0.0003	1.1937
119.0000	155.0000	Respond Naturally	AppleChips	3.0000	3.0000	4.0000	2	-1.0000	0.8067	0.3698	-0.0734	0.0000	0.3698	0.1949	-1.0000	0.3111	0.3111	-0.0000	0.5658
119.0000	156.0000	Respond Naturally	RomaineLettuce	4.0000	5.0000	5.0000	2	-1.0000	0.6893	0.2355	-0.0000	0.0000	0.2355	0.1890	-1.0000	0.2921	0.2921	-0.0000	0.6000
119.0000	157.0000	Respond Naturally	Reese	1.0000	1.0000	2.0000	1	-1.0000	1.1599	0.3195	0.0020	2.0000	0.6220	0.2841	-1.0000	0.3935	0.3935	-0.0000	1.1779
119.0000	158.0000	Respond Naturally	NatureValleyChocolate	5.0000	5.0000	3.0000	1	-1.0000	0.1514	0.1009	1.0007	0.0000	0.1009	0.8215	-1.0000	-0.0771	0.0596	-0.1367	-0.4548
119.0000	159.0000	Respond Naturally	Shreddies	4.0000	2.0000	4.0000	5	-1.0000	0.6894	0.3028	0.1654	0.0000	0.3028	0.1931	-1.0000	0.2077	0.2085	-0.0008	0.3786
119.0000	160.0000	Respond Naturally	PureFit	3.0000	3.0000	3.0000	4	-1.0000	0.8909	0.4370	0.0200	0.0000	0.4370	0.1633	-1.0000	0.2698	0.2698	-0.0000	0.4822
119.0000	161.0000	Respond Naturally	Cauliflower	2.0000	1.0000	6.0000	2	-1.0000	0.8399	0.4030	-0.0778	0.0000	0.4030	0.3414	-1.0000	0.2859	0.2937	-0.0077	0.5928
119.0000	162.0000	Respond Naturally	Mentos	5.0000	6.0000	1.0000	5	-1.0000	0.1177	0.1009	0.6421	0.0000	0.1009	0.4131	0.0000	-0.0054	0.0226	-0.0280	0.1241
119.0000	163.0000	Respond Naturally	Caramilk	5.0000	6.0000	1.0000	2	1.0000	1.0753	0.4031	0.0302	1.0000	0.6047	0.2057	-1.0000	0.2258	0.2466	-0.0208	0.6238
119.0000	164.0000	Respond Naturally	KashiBars	3.0000	3.0000	4.0000	4	-1.0000	0.8905	0.3527	-0.0000	1.0000	0.4871	0.2269	1.0000	0.2810	0.2810	-0.0000	0.5169
119.0000	165.0000	Respond Naturally	CannedArtichoke	1.0000	1.0000	6.0000	5	-1.0000	1.0421	0.2690	-0.0473	1.0000	0.5547	0.2722	1.0000	0.2520	0.2615	-0.0094	0.7585
119.0000	166.0000	Respond Naturally	Smarties	5.0000	6.0000	1.0000	2	1.0000	1.9996	0.2523	0.0588	1.0000	0.6388	0.3274	-1.0000	0.6626	0.6626	-0.0000	1.4632
119.0000	167.0000	Respond Naturally	Beets	6.0000	6.0000	6.0000	5	-1.0000	0.9914	0.3697	0.1017	0.0000	0.3697	0.1919	-1.0000	0.2663	0.2663	-0.0000	0.3964
119.0000	168.0000	Respond Naturally	FrozenPeas	3.0000	3.0000	6.0000	2	-1.0000	0.7226	0.2688	0.0411	0.0000	0.2688	0.2228	-1.0000	0.2790	0.2790	-0.0000	0.5480
119.0000	169.0000	Respond Naturally	Doritos	6.0000	6.0000	1.0000	5	1.0000	0.9412	0.2353	-0.0814	1.0000	0.4707	0.1977	-1.0000	0.2507	0.2556	-0.0049	0.5505
119.0000	170.0000	Respond Naturally	Cheetos	5.0000	6.0000	2.0000	3	1.0000	0.8065	0.4032	0.0518	0.0000	0.4032	0.1611	1.0000	0.2976	0.2976	-0.0000	0.5145
119.0000	171.0000	Decrease Desire	Onion	1.0000	2.0000	5.0000	4	-1.0000	0.7061	0.3027	0.0050	0.0000	0.3027	0.1837	-1.0000	0.1951	0.1951	-0.0000	0.3869
119.0000	172.0000	Decrease Desire	Asparagus	1.0000	1.0000	6.0000	3	-1.0000	0.6389	0.1682	0.0142	0.0000	0.1682	0.1869	-1.0000	0.2287	0.2287	-0.0000	0.4862
119.0000	173.0000	Decrease Desire	Celery	4.0000	5.0000	6.0000	2	-1.0000	0.8070	0.1683	-0.0581	0.0000	0.1683	0.1912	-1.0000	0.2385	0.2385	-0.0000	0.5800
119.0000	174.0000	Decrease Desire	RedPepper	2.0000	3.0000	5.0000	2	-1.0000	0.7731	0.4202	0.0529	0.0000	0.4202	0.1760	-1.0000	0.1706	0.1706	-0.0000	0.3139
119.0000	175.0000	Decrease Desire	Mackerel	1.0000	2.0000	5.0000	1	-1.0000	0.6052	0.2186	-0.0000	0.0000	0.2186	0.1986	-1.0000	0.3126	0.3127	-0.0000	0.5913
119.0000	176.0000	Decrease Desire	FrozenBlueberries	5.0000	5.0000	5.0000	1	1.0000	1.3782	0.4370	0.0000	1.0000	0.7395	0.1668	-1.0000	0.4343	0.4343	-0.0000	1.1190
119.0000	177.0000	Decrease Desire	Snickers	6.0000	6.0000	2.0000	3	1.0000	1.1931	0.2688	0.0835	1.0000	0.4704	0.2672	-1.0000	0.2248	0.2259	-0.0011	0.5858
119.0000	178.0000	Decrease Desire	BBQCrisps	5.0000	5.0000	1.0000	2	1.0000	1.2437	0.2186	0.0000	1.0000	0.8403	0.4098	-1.0000	0.4744	0.4792	-0.0048	1.0932
119.0000	179.0000	Decrease Desire	SevenGrain	3.0000	2.0000	4.0000	1	-1.0000	0.7564	0.2691	-0.0039	0.0000	0.2691	0.2682	-1.0000	0.2753	0.2808	-0.0055	0.6152
119.0000	180.0000	Decrease Desire	Tuna	1.0000	1.0000	5.0000	2	-1.0000	2.4858	0.1177	0.1956	0.0000	0.1177	0.1756	-1.0000	0.0710	0.0710	-0.0000	0.4761
119.0000	181.0000	Decrease Desire	GreenBeans	1.0000	2.0000	6.0000	4	-1.0000	0.8910	0.1851	0.0031	0.0000	0.1851	0.1107	-1.0000	0.1275	0.1290	-0.0015	0.3391
119.0000	182.0000	Decrease Desire	BBQCrisps	5.0000	5.0000	6.0000	6	-1.0000	0.6893	0.2018	0.1851	0.0000	0.2018	0.1411	-1.0000	0.0507	0.0507	-0.0000	0.1363
119.0000	183.0000	Decrease Desire	Tempeh	2.0000	3.0000	3.0000	4	-1.0000	0.8069	0.2019	0.1620	0.0000	0.2019	0.1656	-1.0000	0.2212	0.2212	-0.0000	0.4027
119.0000	184.0000	Decrease Desire	RitzCrackers	5.0000	5.0000	3.0000	5	-1.0000	1.5966	0.1008	0.2548	2.0000	1.1262	0.1461	-1.0000	0.1023	0.1188	-0.0164	0.5180
119.0000	185.0000	Decrease Desire	ClamJuice	1.0000	1.0000	4.0000	1	-1.0000	1.3279	0.2355	0.2683	2.0000	0.6893	0.3461	-1.0000	0.3382	0.3382	-0.0000	1.1306
119.0000	186.0000	Decrease Desire	DriedApricots	3.0000	4.0000	5.0000	5	-1.0000	2.3863	0.4204	0.0237	2.0000	2.0501	0.1887	-1.0000	0.2711	0.2711	-0.0000	0.4554
119.0000	187.0000	Decrease Desire	MnMPeanuts	4.0000	4.0000	2.0000	2	-1.0000	1.1594	0.5544	0.1299	1.0000	0.7896	0.3059	1.0000	0.3795	0.3795	-0.0000	0.7355
119.0000	188.0000	Decrease Desire	Triscuit	3.0000	4.0000	4.0000	2	-1.0000	0.7566	0.3363	0.1344	0.0000	0.3363	0.1425	-1.0000	0.1569	0.1569	-0.0000	0.3010
119.0000	189.0000	Decrease Desire	FrootLoops	5.0000	4.0000	2.0000	2	-1.0000	1.1762	0.4034	0.0024	0.0000	0.4034	0.1685	-1.0000	0.2180	0.2180	-0.0000	0.5154
119.0000	190.0000	Decrease Desire	Smartfood	6.0000	6.0000	1.0000	4	1.0000	0.8239	0.3701	-0.1041	0.0000	0.3701	0.2990	1.0000	0.2462	0.2506	-0.0044	0.5277
119.0000	191.0000	Respond Naturally	ClifBar	2.0000	3.0000	3.0000	4	-1.0000	0.9076	0.3362	-0.0000	0.0000	0.3362	0.2340	-1.0000	0.0515	0.0575	-0.0060	0.1136
119.0000	192.0000	Respond Naturally	OikosYogurt	5.0000	4.0000	5.0000	6	1.0000	1.7814	0.1514	-0.1975	1.0000	0.5885	0.2955	-1.0000	0.2885	0.3131	-0.0246	1.3727
119.0000	193.0000	Respond Naturally	FrootLoops	5.0000	4.0000	2.0000	6	-1.0000	1.0083	0.2523	0.1835	0.0000	0.2523	0.1188	-1.0000	0.1059	0.1059	-0.0000	0.3306
119.0000	194.0000	Respond Naturally	Broccoli	5.0000	6.0000	6.0000	4	-1.0000	1.0759	0.3869	0.1071	0.0000	0.3869	0.1381	-1.0000	0.1280	0.1319	-0.0039	0.3433
119.0000	195.0000	Respond Naturally	AllBranCereal	1.0000	1.0000	4.0000	2	-1.0000	1.2603	0.4704	-0.0502	1.0000	0.6217	0.2240	1.0000	0.2841	0.2879	-0.0038	0.7775
119.0000	196.0000	Respond Naturally	TofuDessert	1.0000	2.0000	3.0000	4	-1.0000	0.8233	0.4537	0.0814	0.0000	0.4537	0.1619	-1.0000	0.3305	0.3305	-0.0000	0.5782
119.0000	197.0000	Respond Naturally	Spinach	1.0000	1.0000	6.0000	4	-1.0000	0.6893	0.2860	-0.1660	0.0000	0.2860	0.1543	-1.0000	0.1103	0.1103	-0.0000	0.2652
119.0000	198.0000	Respond Naturally	Smartfood	6.0000	6.0000	1.0000	2	1.0000	2.3531	0.2523	-0.1291	3.0000	1.6304	0.4420	-1.0000	0.5203	0.5203	-0.0000	1.2913
119.0000	199.0000	Respond Naturally	CoffeeCrisp	6.0000	6.0000	2.0000	1	1.0000	1.0589	0.2858	-0.0341	1.0000	0.6555	0.3393	-1.0000	0.6910	0.6931	-0.0021	1.4062
119.0000	200.0000	Respond Naturally	Onion	1.0000	2.0000	5.0000	2	-1.0000	0.6221	0.1682	0.0666	0.0000	0.1682	0.1819	-1.0000	0.2356	0.2356	-0.0000	0.4213
