Subject	Trial	Instruction	Food	Liking	Taste	Health	Amount	Choice	ChoiceRT	FirstDevTimeChoice	InitAngleChoice	NumChangeMindChoice	FinalDevTimeChoice	MaxVelocityChoice	DrxFirstDevChoice	TotalAUCChoice	AUCtoNonChosenChoice	AUCtoChosenChoice	MaxDevChoice
110.0000	1.0000	Focus on Health	GreenGrapes	1.0000	1.0000	4.0000	1	-1.0000	1.5282	0.6379	-0.2213	0.0000	0.6379	0.2353	-1.0000	0.1639	0.2082	-0.0442	0.4661
110.0000	2.0000	Focus on Health	RomaineLettuce	1.0000	1.0000	6.0000	2	-1.0000	1.2090	0.7219	-0.2437	0.0000	0.7219	0.1527	-1.0000	0.3462	0.3462	-0.0000	0.5462
110.0000	3.0000	Focus on Health	ClifBar	2.0000	3.0000	2.0000	2	-1.0000	1.4444	0.8230	-0.0891	0.0000	0.8230	0.2369	-1.0000	0.2226	0.2226	-0.0000	0.3585
110.0000	4.0000	Focus on Health	Tuna	1.0000	2.0000	6.0000	2	-1.0000	1.3266	0.8058	-0.1785	0.0000	0.8058	0.2360	-1.0000	0.3496	0.3524	-0.0028	0.5493
110.0000	5.0000	Focus on Health	GreenPepper	1.0000	6.0000	6.0000	6	-1.0000	2.3336	0.9401	-0.0479	0.0000	0.9401	0.1648	-1.0000	0.1941	0.1941	-0.0000	0.4680
110.0000	6.0000	Focus on Health	FrozenPeaches	4.0000	2.0000	3.0000	2	-1.0000	1.2593	0.6212	-0.1374	0.0000	0.6212	0.1768	-1.0000	0.2741	0.2741	-0.0000	0.4878
110.0000	7.0000	Focus on Health	Asparagus	1.0000	3.0000	5.0000	6	-1.0000	1.2429	0.6213	-0.0000	0.0000	0.6213	0.1157	-1.0000	0.1821	0.1821	-0.0000	0.2884
110.0000	8.0000	Focus on Health	Aero	6.0000	6.0000	1.0000	1	1.0000	1.2259	0.7051	0.1041	0.0000	0.7051	0.1496	1.0000	0.2409	0.2409	-0.0000	0.3694
110.0000	9.0000	Focus on Health	Butternut	1.0000	2.0000	4.0000	3	-1.0000	1.4110	0.7558	-0.0669	0.0000	0.7558	0.1529	-1.0000	0.3578	0.3578	-0.0000	0.5726
110.0000	10.0000	Focus on Health	GreenBeans	1.0000	1.0000	3.0000	2	-1.0000	1.1422	0.5205	-0.0000	0.0000	0.5205	0.1091	-1.0000	0.2226	0.2227	-0.0000	0.3683
110.0000	11.0000	Respond Naturally	RitzCrackers	4.0000	6.0000	2.0000	5	1.0000	1.7464	0.5541	0.0257	1.0000	1.1583	0.3581	-1.0000	0.4201	0.4387	-0.0186	0.7023
110.0000	12.0000	Respond Naturally	EnglishCucumber	1.0000	2.0000	6.0000	2	-1.0000	1.0411	0.5372	-0.0239	0.0000	0.5372	0.1828	-1.0000	0.1786	0.1786	-0.0000	0.3082
110.0000	13.0000	Respond Naturally	Raspberries	1.0000	1.0000	1.0000	4	-1.0000	1.0580	0.5035	-0.0000	0.0000	0.5035	0.1878	-1.0000	0.1633	0.1633	-0.0000	0.2527
110.0000	14.0000	Respond Naturally	RiceKrispiesCereal	2.0000	5.0000	2.0000	7	-1.0000	0.8559	0.3689	0.0085	0.0000	0.3689	0.2500	-1.0000	0.2097	0.2097	-0.0000	0.4038
110.0000	15.0000	Respond Naturally	Aero	5.0000	6.0000	1.0000	3	1.0000	1.1422	0.5207	-0.0365	0.0000	0.5207	0.3181	1.0000	0.1389	0.1405	-0.0016	0.2986
110.0000	16.0000	Respond Naturally	BBQCrisps	1.0000	1.0000	1.0000	6	-1.0000	0.9906	0.4866	-0.0072	0.0000	0.4866	0.1673	-1.0000	0.2473	0.2473	-0.0000	0.4516
110.0000	17.0000	Respond Naturally	FrozenBroccoli	3.0000	5.0000	5.0000	2	-1.0000	0.7726	0.2518	-0.0446	0.0000	0.2518	0.2257	-1.0000	0.2512	0.2793	-0.0281	0.6754
110.0000	18.0000	Respond Naturally	Snickers	1.0000	4.0000	1.0000	3	-1.0000	1.3101	0.6885	0.0896	0.0000	0.6885	0.2405	-1.0000	0.2534	0.2534	-0.0000	0.4138
110.0000	19.0000	Respond Naturally	Tuna	1.0000	1.0000	6.0000	4	-1.0000	0.8733	0.4534	0.1199	0.0000	0.4534	0.1612	-1.0000	0.1571	0.1571	-0.0000	0.2781
110.0000	20.0000	Respond Naturally	Nutella	6.0000	6.0000	1.0000	1	1.0000	1.0413	0.5038	0.0386	0.0000	0.5038	0.1696	1.0000	0.1662	0.1695	-0.0033	0.3193
110.0000	21.0000	Focus on Health	ProMax	1.0000	1.0000	1.0000	4	-1.0000	1.1587	0.5372	0.0006	0.0000	0.5372	0.2014	-1.0000	0.2642	0.2642	-0.0000	0.4154
110.0000	22.0000	Focus on Health	HoneyNutCheerios	6.0000	6.0000	1.0000	2	1.0000	2.9387	0.6880	0.0000	2.0000	2.2165	0.6126	1.0000	0.5499	0.5545	-0.0046	1.5148
110.0000	23.0000	Focus on Health	DriedApricots	1.0000	1.0000	5.0000	2	-1.0000	0.8061	0.4198	0.0031	0.0000	0.4198	0.2568	-1.0000	0.2682	0.2682	-0.0000	0.4453
110.0000	24.0000	Focus on Health	ClifBar	1.0000	4.0000	3.0000	4	1.0000	2.4014	0.4869	-0.1293	1.0000	1.8302	0.2418	-1.0000	0.8173	0.8173	-0.0000	1.2727
110.0000	25.0000	Focus on Health	Spinach	1.0000	4.0000	6.0000	2	1.0000	2.2170	0.2685	0.1175	1.0000	1.1586	0.4009	-1.0000	0.7380	0.7515	-0.0135	1.6328
110.0000	26.0000	Focus on Health	Celery	1.0000	4.0000	6.0000	4	-1.0000	0.9238	0.5038	0.3008	0.0000	0.5038	0.1653	-1.0000	0.1762	0.1773	-0.0012	0.3337
110.0000	27.0000	Focus on Health	PCChipCookie	3.0000	4.0000	1.0000	5	-1.0000	1.5450	0.5374	0.0007	0.0000	0.5374	0.1929	-1.0000	0.1597	0.1597	-0.0000	0.3600
110.0000	28.0000	Focus on Health	VegetableThins	1.0000	1.0000	2.0000	5	-1.0000	1.0751	0.3863	0.0416	0.0000	0.3863	0.1182	-1.0000	0.1439	0.1439	-0.0000	0.3307
110.0000	29.0000	Focus on Health	Broccoli	1.0000	4.0000	6.0000	4	-1.0000	0.9743	0.4199	0.0312	0.0000	0.4199	0.1748	-1.0000	0.1527	0.1649	-0.0122	0.3578
110.0000	30.0000	Focus on Health	Mentos	4.0000	2.0000	1.0000	5	-1.0000	1.3435	0.7557	0.2057	0.0000	0.7557	0.1474	-1.0000	0.2126	0.2126	-0.0000	0.3419
110.0000	31.0000	Respond Naturally	Triscuit	1.0000	3.0000	4.0000	5	-1.0000	1.0580	0.5037	0.0120	0.0000	0.5037	0.1767	-1.0000	0.2554	0.2554	-0.0000	0.3874
110.0000	32.0000	Respond Naturally	AllBranCereal	1.0000	1.0000	5.0000	2	-1.0000	1.2932	0.3190	-0.1032	0.0000	0.3190	0.1798	-1.0000	0.1330	0.1330	-0.0000	0.3278
110.0000	33.0000	Respond Naturally	SevenGrain	1.0000	2.0000	5.0000	3	-1.0000	0.9235	0.4364	-0.0000	0.0000	0.4364	0.1389	-1.0000	0.1617	0.1621	-0.0004	0.3229
110.0000	34.0000	Respond Naturally	WelchsFruitSnacks	6.0000	6.0000	1.0000	1	1.0000	0.9741	0.4533	-0.1515	0.0000	0.4533	0.2065	1.0000	0.1561	0.1743	-0.0183	0.3449
110.0000	35.0000	Respond Naturally	GreenGrapes	1.0000	4.0000	5.0000	4	-1.0000	1.9819	0.4199	-0.1244	1.0000	0.8904	0.2395	1.0000	0.3911	0.3911	-0.0000	1.3162
110.0000	36.0000	Respond Naturally	Prunes	1.0000	1.0000	6.0000	5	-1.0000	0.9906	0.4364	0.0143	0.0000	0.4364	0.1974	-1.0000	0.1902	0.1904	-0.0002	0.3762
110.0000	37.0000	Respond Naturally	RomaineLettuce	1.0000	1.0000	6.0000	4	-1.0000	0.9907	0.3693	-0.1373	0.0000	0.3693	0.1785	-1.0000	0.1929	0.1934	-0.0005	0.4137
110.0000	38.0000	Respond Naturally	Doritos	5.0000	6.0000	1.0000	5	1.0000	1.1086	0.2855	0.0379	1.0000	0.5711	0.3962	-1.0000	0.3663	0.3663	-0.0000	1.3024
110.0000	39.0000	Respond Naturally	FrozenCorn	1.0000	4.0000	4.0000	4	-1.0000	1.1254	0.5038	-0.1560	0.0000	0.5038	0.2075	-1.0000	0.3247	0.3247	-0.0000	0.5519
110.0000	40.0000	Respond Naturally	AllBranBar	1.0000	1.0000	4.0000	1	-1.0000	1.2761	0.6209	0.0037	0.0000	0.6209	0.1294	-1.0000	0.3317	0.3317	-0.0000	0.4990
110.0000	41.0000	Respond Naturally	Strawberries	1.0000	2.0000	1.0000	2	-1.0000	0.9744	0.3191	-0.0987	0.0000	0.3191	0.2475	-1.0000	0.4192	0.4192	-0.0000	0.9763
110.0000	42.0000	Respond Naturally	ClamJuice	1.0000	1.0000	1.0000	1	-1.0000	0.8401	0.3696	-0.0586	0.0000	0.3696	0.2102	-1.0000	0.1710	0.1740	-0.0030	0.3283
110.0000	43.0000	Respond Naturally	Almonds	6.0000	6.0000	6.0000	4	1.0000	1.1926	0.5710	-0.1341	0.0000	0.5710	0.2393	1.0000	0.2110	0.2348	-0.0238	0.5171
110.0000	44.0000	Respond Naturally	VanillaGreekYogurt	1.0000	3.0000	6.0000	2	-1.0000	1.8475	0.6883	-0.2567	1.0000	0.9570	0.3476	1.0000	0.5611	0.5611	-0.0000	1.4197
110.0000	45.0000	Respond Naturally	Pringles	4.0000	6.0000	1.0000	5	1.0000	1.0916	0.4700	-0.0059	1.0000	0.6212	0.1984	-1.0000	0.3870	0.3872	-0.0003	0.9113
110.0000	46.0000	Respond Naturally	Starburst	1.0000	1.0000	1.0000	6	-1.0000	1.0413	0.5541	0.1057	0.0000	0.5541	0.1634	-1.0000	0.1712	0.1763	-0.0051	0.3197
110.0000	47.0000	Respond Naturally	LaysClassic	5.0000	6.0000	1.0000	4	1.0000	1.3437	0.3527	-0.1156	1.0000	0.5375	0.2400	-1.0000	0.2869	0.3030	-0.0160	0.9553
110.0000	48.0000	Respond Naturally	Mars	1.0000	2.0000	1.0000	2	-1.0000	1.2259	0.7891	0.0489	0.0000	0.7891	0.1720	-1.0000	0.2718	0.2755	-0.0037	0.4253
110.0000	49.0000	Respond Naturally	FrozenOkra	1.0000	1.0000	1.0000	2	-1.0000	1.2091	0.6044	-0.0000	0.0000	0.6044	0.2015	-1.0000	0.1734	0.1804	-0.0071	0.3459
110.0000	50.0000	Respond Naturally	CoffeeCrisp	3.0000	4.0000	1.0000	3	-1.0000	1.6624	1.1247	0.0117	0.0000	1.1247	0.1527	-1.0000	0.3011	0.3011	-0.0000	0.4055
110.0000	51.0000	Focus on Health	DriedHerring	1.0000	1.0000	1.0000	3	-1.0000	1.2091	0.3693	0.3881	0.0000	0.3693	0.2822	-1.0000	0.1007	0.1291	-0.0284	0.3703
110.0000	52.0000	Focus on Health	BabyFoodSweetPotatos	1.0000	1.0000	1.0000	5	-1.0000	0.8903	0.3358	0.0024	0.0000	0.3358	0.2169	-1.0000	0.1158	0.1524	-0.0366	0.3843
110.0000	53.0000	Focus on Health	MnMPlain	6.0000	6.0000	1.0000	5	-1.0000	4.0140	0.3359	0.2296	4.0000	2.8722	0.3670	-1.0000	0.5522	0.5535	-0.0012	1.4440
110.0000	54.0000	Focus on Health	Doritos	6.0000	5.0000	1.0000	2	1.0000	1.0079	0.4366	-0.1056	0.0000	0.4366	0.2105	1.0000	0.2248	0.2404	-0.0156	0.4787
110.0000	55.0000	Focus on Health	CannedArtichoke	1.0000	1.0000	3.0000	5	-1.0000	1.0079	0.4871	0.1549	0.0000	0.4871	0.1309	-1.0000	0.1955	0.1955	-0.0000	0.3370
110.0000	56.0000	Focus on Health	IceCreamChocolate	3.0000	5.0000	1.0000	4	-1.0000	1.1755	0.6547	-0.0000	0.0000	0.6547	0.1792	-1.0000	0.2155	0.2162	-0.0006	0.3647
110.0000	57.0000	Focus on Health	Bananas	3.0000	4.0000	6.0000	3	-1.0000	1.4275	0.8394	0.2022	0.0000	0.8394	0.1659	-1.0000	0.1620	0.1766	-0.0146	0.3027
110.0000	58.0000	Focus on Health	MnMPeanuts	6.0000	6.0000	1.0000	4	1.0000	1.8808	0.4869	-0.1734	0.0000	0.4869	0.1524	1.0000	0.1039	0.1061	-0.0022	0.3577
110.0000	59.0000	Focus on Health	Avocado	6.0000	6.0000	6.0000	5	-1.0000	2.3009	0.5037	-0.0279	3.0000	1.6122	0.2509	1.0000	0.4388	0.4388	-0.0000	1.3285
110.0000	60.0000	Focus on Health	TofuDessert	1.0000	1.0000	4.0000	2	-1.0000	1.1756	0.6045	0.0046	0.0000	0.6045	0.2188	-1.0000	0.1945	0.1945	-0.0000	0.2666
110.0000	61.0000	Focus on Health	FrozenPeas	1.0000	2.0000	4.0000	2	-1.0000	0.9066	0.4866	-0.0000	0.0000	0.4866	0.1493	-1.0000	0.2496	0.2497	-0.0000	0.4206
110.0000	62.0000	Focus on Health	VanillaGreekYogurt	5.0000	6.0000	6.0000	4	1.0000	1.8473	0.7218	-0.2621	2.0000	1.4273	0.2504	1.0000	0.3679	0.3679	-0.0000	0.8080
110.0000	63.0000	Focus on Health	Smarties	1.0000	2.0000	1.0000	5	-1.0000	1.1923	0.6547	0.0019	0.0000	0.6547	0.1415	-1.0000	0.2778	0.2778	-0.0000	0.4455
110.0000	64.0000	Focus on Health	AllBranBar	1.0000	2.0000	4.0000	3	-1.0000	1.2933	0.5035	0.1111	0.0000	0.5035	0.1338	-1.0000	0.1582	0.1582	-0.0000	0.3238
110.0000	65.0000	Focus on Health	Strawberries	2.0000	2.0000	1.0000	3	-1.0000	0.9409	0.1009	0.0280	2.0000	0.4537	0.1156	-1.0000	0.1015	0.1102	-0.0087	0.2708
110.0000	66.0000	Focus on Health	SlimStyles	1.0000	1.0000	1.0000	2	-1.0000	0.8904	0.2687	-0.0000	0.0000	0.2687	0.1589	-1.0000	0.2310	0.2341	-0.0030	0.5340
110.0000	67.0000	Focus on Health	FrozenBlueberries	1.0000	1.0000	6.0000	3	-1.0000	0.8567	0.3192	0.0288	0.0000	0.3192	0.1922	-1.0000	0.2075	0.2075	-0.0000	0.4381
110.0000	68.0000	Focus on Health	Cheerios	1.0000	1.0000	2.0000	2	-1.0000	0.9408	0.2856	0.1161	0.0000	0.2856	0.1614	-1.0000	0.1320	0.1320	-0.0000	0.2770
110.0000	69.0000	Focus on Health	BabyFoodSweetPotatos	1.0000	1.0000	1.0000	2	-1.0000	0.8738	0.2856	0.0833	0.0000	0.2856	0.1425	-1.0000	0.1646	0.1646	-0.0000	0.3928
110.0000	70.0000	Focus on Health	Pringles	6.0000	6.0000	1.0000	2	1.0000	1.0581	0.4366	0.0299	0.0000	0.4366	0.2147	1.0000	0.1375	0.1431	-0.0055	0.3077
110.0000	71.0000	Respond Naturally	Smartfood	6.0000	6.0000	1.0000	2	1.0000	0.9070	0.4199	0.0840	0.0000	0.4199	0.2349	1.0000	0.1909	0.1909	-0.0000	0.3703
110.0000	72.0000	Respond Naturally	PCChipCookie	5.0000	5.0000	1.0000	2	-1.0000	1.1754	0.3692	-0.1729	1.0000	0.6211	0.2694	1.0000	0.2758	0.2922	-0.0164	0.6220
110.0000	73.0000	Respond Naturally	RedPepper	1.0000	5.0000	6.0000	5	-1.0000	1.3600	0.8057	-0.1882	0.0000	0.8057	0.2302	-1.0000	0.1413	0.1631	-0.0218	0.2720
110.0000	74.0000	Respond Naturally	Cheerios	1.0000	3.0000	3.0000	5	-1.0000	1.1421	0.4869	-0.0294	0.0000	0.4869	0.1723	-1.0000	0.0703	0.0897	-0.0194	0.1989
110.0000	75.0000	Respond Naturally	Orange	4.0000	4.0000	5.0000	1	-1.0000	1.0241	0.5707	0.3173	0.0000	0.5707	0.1625	-1.0000	0.1217	0.1222	-0.0006	0.2005
110.0000	76.0000	Respond Naturally	SunChips	4.0000	5.0000	1.0000	4	1.0000	1.6286	1.0909	-0.0008	0.0000	1.0909	0.1645	1.0000	0.2688	0.2688	-0.0000	0.3658
110.0000	77.0000	Respond Naturally	LaysClassic	6.0000	3.0000	1.0000	3	1.0000	0.9238	0.4366	0.3767	0.0000	0.4366	0.2056	1.0000	0.2463	0.2463	-0.0000	0.5296
110.0000	78.0000	Respond Naturally	Cheetos	5.0000	5.0000	1.0000	6	-1.0000	1.8478	0.6045	-0.0718	1.0000	1.1925	0.3007	1.0000	0.3470	0.3682	-0.0212	0.9547
110.0000	79.0000	Respond Naturally	RufflesSourCreamOnion	6.0000	6.0000	1.0000	3	1.0000	0.9066	0.4530	-0.0689	0.0000	0.4530	0.1997	1.0000	0.1925	0.1956	-0.0031	0.3582
110.0000	80.0000	Respond Naturally	FrozenPeaches	2.0000	2.0000	2.0000	5	-1.0000	0.9909	0.5373	-0.0000	0.0000	0.5373	0.1953	-1.0000	0.1325	0.1325	-0.0000	0.2182
110.0000	81.0000	Focus on Health	AppleChips	6.0000	6.0000	5.0000	5	1.0000	1.6793	0.9066	-0.0600	1.0000	1.2089	0.5338	-1.0000	0.4801	0.4801	-0.0000	1.4762
110.0000	82.0000	Focus on Health	Broccoli	2.0000	2.0000	2.0000	1	-1.0000	0.8565	0.4364	0.0989	0.0000	0.4364	0.1977	-1.0000	0.1646	0.1646	-0.0000	0.3050
110.0000	83.0000	Focus on Health	FrozenOkra	1.0000	1.0000	3.0000	5	-1.0000	0.9905	0.5036	0.0618	0.0000	0.5036	0.2351	-1.0000	0.1367	0.1392	-0.0025	0.2572
110.0000	84.0000	Focus on Health	DriedHerring	1.0000	1.0000	1.0000	1	-1.0000	0.9070	0.4533	-0.0551	0.0000	0.4533	0.2507	-1.0000	0.1069	0.1184	-0.0115	0.2213
110.0000	85.0000	Focus on Health	SunChips	3.0000	5.0000	1.0000	2	1.0000	1.1756	0.6883	0.0222	0.0000	0.6883	0.3057	1.0000	0.1813	0.1924	-0.0111	0.3261
110.0000	86.0000	Focus on Health	EnglishCucumber	1.0000	1.0000	6.0000	5	-1.0000	0.9402	0.5035	-0.0242	0.0000	0.5035	0.1494	-1.0000	0.2005	0.2005	-0.0000	0.3417
110.0000	87.0000	Focus on Health	Butternut	1.0000	2.0000	3.0000	7	-1.0000	1.1758	0.5541	-0.1255	0.0000	0.5541	0.1633	-1.0000	0.1479	0.1652	-0.0173	0.3296
110.0000	88.0000	Focus on Health	CornFlakes	1.0000	2.0000	3.0000	3	-1.0000	0.9235	0.3859	0.0087	0.0000	0.3859	0.1322	-1.0000	0.1237	0.1248	-0.0010	0.2135
110.0000	89.0000	Focus on Health	Onion	1.0000	1.0000	6.0000	4	-1.0000	0.8895	0.4194	0.3099	0.0000	0.4194	0.3042	-1.0000	0.0678	0.0678	-0.0000	0.1243
110.0000	90.0000	Focus on Health	AllBranCereal	1.0000	1.0000	4.0000	6	-1.0000	0.9911	0.4534	0.1355	0.0000	0.4534	0.1365	-1.0000	0.0979	0.1170	-0.0191	0.2487
110.0000	91.0000	Respond Naturally	YorkPeppermintPatties	1.0000	1.0000	1.0000	4	-1.0000	1.1754	0.6044	0.1847	0.0000	0.6044	0.2100	-1.0000	0.1506	0.1506	-0.0000	0.2166
110.0000	92.0000	Respond Naturally	DriedApricots	1.0000	1.0000	6.0000	5	-1.0000	0.9575	0.4534	0.0649	0.0000	0.4534	0.1526	-1.0000	0.0801	0.0804	-0.0003	0.1544
110.0000	93.0000	Respond Naturally	Reese	1.0000	3.0000	1.0000	4	-1.0000	0.8902	0.3693	0.0735	0.0000	0.3693	0.2373	-1.0000	0.1582	0.1582	-0.0000	0.2803
110.0000	94.0000	Respond Naturally	IceCreamChocolate	3.0000	3.0000	1.0000	1	-1.0000	0.8565	0.4198	0.0663	0.0000	0.4198	0.1548	-1.0000	0.1104	0.1104	-0.0000	0.2011
110.0000	95.0000	Respond Naturally	RaisinBran	2.0000	4.0000	2.0000	3	-1.0000	0.8223	0.3694	-0.0534	0.0000	0.3694	0.2226	-1.0000	0.1755	0.1755	-0.0000	0.3401
110.0000	96.0000	Respond Naturally	YorkPeppermintPatties	1.0000	1.0000	1.0000	2	-1.0000	0.9235	0.4363	-0.0000	0.0000	0.4363	0.1835	-1.0000	0.1721	0.1789	-0.0069	0.3492
110.0000	97.0000	Respond Naturally	CheeseNips	1.0000	1.0000	1.0000	2	-1.0000	0.8900	0.3525	0.2017	0.0000	0.3525	0.1896	-1.0000	0.1134	0.1134	-0.0000	0.2322
110.0000	98.0000	Respond Naturally	WaterChestnuts	1.0000	1.0000	1.0000	5	-1.0000	0.9239	0.3526	0.1497	0.0000	0.3526	0.1604	-1.0000	0.1451	0.1451	-0.0000	0.2821
110.0000	99.0000	Respond Naturally	Avocado	6.0000	5.0000	6.0000	2	-1.0000	1.4777	0.4028	0.3612	0.0000	0.4028	0.1848	-1.0000	0.0709	0.0709	-0.0000	0.2275
110.0000	100.0000	Respond Naturally	Beets	1.0000	1.0000	4.0000	2	-1.0000	0.7893	0.3861	0.0207	0.0000	0.3861	0.1903	-1.0000	0.2528	0.2528	-0.0000	0.4367
110.0000	101.0000	Respond Naturally	Cauliflower	3.0000	3.0000	5.0000	6	-1.0000	0.8397	0.4030	0.1470	0.0000	0.4030	0.2935	-1.0000	0.1414	0.1414	-0.0000	0.2629
110.0000	102.0000	Respond Naturally	SkimMilk	4.0000	5.0000	6.0000	1	-1.0000	1.2260	0.2855	-0.0211	0.0000	0.2855	0.0963	-1.0000	0.0858	0.0858	-0.0000	0.2001
110.0000	103.0000	Respond Naturally	SkittlesSour	6.0000	6.0000	1.0000	3	1.0000	1.0074	0.5706	-0.0027	0.0000	0.5706	0.2707	1.0000	0.2133	0.2190	-0.0056	0.3726
110.0000	104.0000	Respond Naturally	MnMPlain	6.0000	6.0000	1.0000	3	1.0000	0.8901	0.3861	0.0496	0.0000	0.3861	0.2571	1.0000	0.1089	0.1140	-0.0052	0.2343
110.0000	105.0000	Respond Naturally	Snickers	1.0000	4.0000	1.0000	2	-1.0000	1.2595	0.6883	0.0739	0.0000	0.6883	0.3091	-1.0000	0.1932	0.1932	-0.0000	0.2809
110.0000	106.0000	Respond Naturally	FrozenBlueberries	1.0000	1.0000	3.0000	1	-1.0000	0.9236	0.4533	-0.0000	0.0000	0.4533	0.1531	-1.0000	0.2297	0.2297	-0.0000	0.4079
110.0000	107.0000	Respond Naturally	KashiBars	1.0000	1.0000	5.0000	1	-1.0000	1.0077	0.3860	0.2383	0.0000	0.3860	0.1516	-1.0000	0.1215	0.1215	-0.0000	0.2436
110.0000	108.0000	Respond Naturally	BBQCrisps	1.0000	1.0000	1.0000	2	-1.0000	0.8566	0.3527	0.1124	0.0000	0.3527	0.2241	-1.0000	0.1798	0.1798	-0.0000	0.3602
110.0000	109.0000	Respond Naturally	AppleChips	5.0000	6.0000	6.0000	2	1.0000	1.1421	0.2853	-0.1730	1.0000	0.6213	0.3827	-1.0000	0.5229	0.5229	-0.0000	1.1524
110.0000	110.0000	Respond Naturally	Raspberries	1.0000	1.0000	1.0000	5	-1.0000	0.9406	0.4533	-0.1411	0.0000	0.4533	0.1615	-1.0000	0.2418	0.2418	-0.0000	0.4271
110.0000	111.0000	Focus on Health	Beets	1.0000	1.0000	4.0000	5	-1.0000	0.9236	0.4702	-0.2816	0.0000	0.4702	0.2535	-1.0000	0.1281	0.1363	-0.0082	0.2709
110.0000	112.0000	Focus on Health	Starburst	1.0000	1.0000	1.0000	3	-1.0000	0.8398	0.3694	0.2223	0.0000	0.3694	0.1502	-1.0000	0.1391	0.1391	-0.0000	0.2335
110.0000	113.0000	Focus on Health	Reese	1.0000	2.0000	1.0000	1	-1.0000	0.8902	0.2518	0.2178	0.0000	0.2518	0.1345	-1.0000	0.0751	0.0756	-0.0005	0.1474
110.0000	114.0000	Focus on Health	AlmondMilk	6.0000	6.0000	6.0000	4	1.0000	0.9737	0.5875	-0.2389	0.0000	0.5875	0.2642	1.0000	0.1779	0.1789	-0.0011	0.2960
110.0000	115.0000	Focus on Health	Bananas	4.0000	5.0000	5.0000	2	1.0000	1.3933	0.9902	0.0126	0.0000	0.9902	0.2767	1.0000	0.1742	0.1742	-0.0000	0.2404
110.0000	116.0000	Focus on Health	MangoChunks	5.0000	3.0000	3.0000	5	-1.0000	1.5116	0.4534	0.1008	0.0000	0.4534	0.1655	-1.0000	0.1174	0.1174	-0.0000	0.2900
110.0000	117.0000	Focus on Health	Cheetos	4.0000	6.0000	1.0000	3	1.0000	2.0495	0.3694	0.3121	1.0000	1.4110	0.3078	-1.0000	0.7819	0.7819	-0.0000	1.5050
110.0000	118.0000	Focus on Health	AlmondMilk	6.0000	6.0000	6.0000	2	1.0000	0.8735	0.4535	-0.3674	0.0000	0.4535	0.1914	1.0000	0.2413	0.2499	-0.0087	0.4468
110.0000	119.0000	Focus on Health	Smartfood	6.0000	6.0000	1.0000	4	1.0000	1.1086	0.4703	-0.1697	0.0000	0.4703	0.2249	1.0000	0.1470	0.1470	-0.0000	0.2731
110.0000	120.0000	Focus on Health	FrootLoops	1.0000	1.0000	1.0000	6	-1.0000	1.2089	0.5202	0.0055	0.0000	0.5202	0.1492	-1.0000	0.1655	0.1655	-0.0000	0.3015
110.0000	121.0000	Respond Naturally	FrozenPeas	1.0000	3.0000	5.0000	6	-1.0000	0.8228	0.4029	0.0438	0.0000	0.4029	0.2260	-1.0000	0.1325	0.1325	-0.0000	0.2284
110.0000	122.0000	Respond Naturally	IceCreamVanilla	1.0000	4.0000	1.0000	1	-1.0000	1.2767	0.7559	0.0195	0.0000	0.7559	0.2364	-1.0000	-0.0026	0.0464	-0.0491	0.1845
110.0000	123.0000	Respond Naturally	Tempeh	1.0000	1.0000	1.0000	4	-1.0000	0.7561	0.1679	0.2844	0.0000	0.1679	0.1310	-1.0000	0.0715	0.0789	-0.0073	0.2294
110.0000	124.0000	Respond Naturally	Almonds	6.0000	5.0000	6.0000	2	1.0000	1.0074	0.4867	-0.1409	0.0000	0.4867	0.1991	1.0000	0.1180	0.1180	-0.0000	0.2203
110.0000	125.0000	Respond Naturally	ProMax	1.0000	1.0000	2.0000	2	-1.0000	0.8062	0.3861	-0.1480	0.0000	0.3861	0.1873	-1.0000	0.1700	0.1700	-0.0000	0.2979
110.0000	126.0000	Respond Naturally	SlimStyles	1.0000	1.0000	2.0000	6	-1.0000	0.8902	0.4870	0.1449	0.0000	0.4870	0.2117	-1.0000	0.1674	0.1674	-0.0000	0.2908
110.0000	127.0000	Respond Naturally	Mackerel	1.0000	1.0000	1.0000	1	-1.0000	1.0243	0.4197	-0.0000	0.0000	0.4197	0.2252	-1.0000	0.2187	0.2187	-0.0000	0.4446
110.0000	128.0000	Respond Naturally	HoneyNutCheerios	3.0000	6.0000	1.0000	5	-1.0000	0.9409	0.3528	0.2604	0.0000	0.3528	0.1788	-1.0000	0.0947	0.0947	-0.0000	0.2421
110.0000	129.0000	Respond Naturally	SkimMilk	5.0000	6.0000	6.0000	4	-1.0000	1.6292	0.5038	0.1712	1.0000	1.1589	0.5444	1.0000	0.6503	0.6503	-0.0000	1.7081
110.0000	130.0000	Respond Naturally	Smarties	1.0000	2.0000	1.0000	2	-1.0000	1.0582	0.5038	-0.0299	0.0000	0.5038	0.2584	-1.0000	0.0582	0.0808	-0.0226	0.1647
110.0000	131.0000	Focus on Health	SpeltCakes	1.0000	1.0000	4.0000	2	-1.0000	0.9911	0.2855	-0.0888	0.0000	0.2855	0.1922	-1.0000	0.1778	0.1778	-0.0000	0.3340
110.0000	132.0000	Focus on Health	Spinach	1.0000	6.0000	6.0000	4	-1.0000	0.8902	0.3695	-0.1151	0.0000	0.3695	0.1831	-1.0000	0.1415	0.1415	-0.0000	0.2509
110.0000	133.0000	Focus on Health	RiceKrispiesCereal	1.0000	5.0000	1.0000	3	-1.0000	0.8566	0.3695	0.1087	0.0000	0.3695	0.1754	-1.0000	0.0784	0.0876	-0.0092	0.1860
110.0000	134.0000	Focus on Health	Mars	1.0000	1.0000	1.0000	4	-1.0000	0.9236	0.3691	0.0673	0.0000	0.3691	0.1821	-1.0000	0.1051	0.1121	-0.0070	0.2457
110.0000	135.0000	Focus on Health	Skittles	6.0000	5.0000	1.0000	3	-1.0000	0.8229	0.3358	-0.0000	0.0000	0.3358	0.2125	-1.0000	0.1387	0.1404	-0.0017	0.2721
110.0000	136.0000	Focus on Health	Caramilk	6.0000	6.0000	1.0000	5	1.0000	0.9909	0.4702	-0.1671	0.0000	0.4702	0.1984	1.0000	0.1383	0.1456	-0.0072	0.2806
110.0000	137.0000	Focus on Health	RufflesSourCreamOnion	6.0000	6.0000	1.0000	5	1.0000	0.8227	0.4029	0.0704	0.0000	0.4029	0.2148	1.0000	0.1858	0.1882	-0.0024	0.3433
110.0000	138.0000	Focus on Health	GreenBeans	1.0000	5.0000	5.0000	4	-1.0000	1.0075	0.5708	0.1628	0.0000	0.5708	0.2530	-1.0000	0.1996	0.2022	-0.0026	0.3279
110.0000	139.0000	Focus on Health	Twizzlers	1.0000	5.0000	1.0000	4	-1.0000	1.3091	0.7045	0.2945	0.0000	0.7045	0.1799	-1.0000	0.0917	0.1088	-0.0171	0.1894
110.0000	140.0000	Focus on Health	BrusselsSprouts	1.0000	1.0000	4.0000	2	-1.0000	0.8393	0.4026	0.0766	0.0000	0.4026	0.2519	-1.0000	0.1034	0.1036	-0.0002	0.1783
110.0000	141.0000	Respond Naturally	FrozenCorn	1.0000	5.0000	5.0000	2	-1.0000	0.9069	0.3191	-0.0460	0.0000	0.3191	0.1889	-1.0000	0.1988	0.1988	-0.0000	0.3535
110.0000	142.0000	Respond Naturally	OatBran	1.0000	1.0000	4.0000	4	-1.0000	0.7224	0.3024	0.3011	0.0000	0.3024	0.1701	-1.0000	0.1075	0.1075	-0.0000	0.2270
110.0000	143.0000	Respond Naturally	SlicedTurkey	1.0000	3.0000	2.0000	5	-1.0000	1.0411	0.3357	0.3490	0.0000	0.3357	0.1619	-1.0000	0.0925	0.0925	-0.0000	0.1829
110.0000	144.0000	Respond Naturally	Shreddies	1.0000	1.0000	3.0000	5	-1.0000	0.8399	0.1008	-0.0052	0.0000	0.1008	0.1890	-1.0000	0.1258	0.1258	-0.0000	0.2613
110.0000	145.0000	Respond Naturally	VegetableThins	1.0000	2.0000	3.0000	2	-1.0000	0.8064	0.3023	-0.1579	0.0000	0.3023	0.1788	-1.0000	0.1357	0.1533	-0.0176	0.3759
110.0000	146.0000	Respond Naturally	IceCreamVanilla	2.0000	4.0000	1.0000	4	-1.0000	0.9408	0.2184	-0.0752	0.0000	0.2184	0.2281	-1.0000	0.1952	0.1963	-0.0011	0.3809
110.0000	147.0000	Respond Naturally	GreenPepper	3.0000	6.0000	4.0000	2	-1.0000	0.8228	0.3020	0.0753	0.0000	0.3020	0.1982	-1.0000	0.1207	0.1303	-0.0095	0.2942
110.0000	148.0000	Respond Naturally	Mentos	6.0000	5.0000	2.0000	2	-1.0000	0.8905	0.3528	0.0572	0.0000	0.3528	0.1722	-1.0000	0.1229	0.1238	-0.0009	0.2831
110.0000	149.0000	Respond Naturally	GreenApple	6.0000	6.0000	6.0000	4	1.0000	1.4943	1.0240	-0.0096	0.0000	1.0240	0.3415	1.0000	0.2075	0.2075	-0.0000	0.2991
110.0000	150.0000	Respond Naturally	Nutella	6.0000	6.0000	1.0000	4	1.0000	1.0411	0.4365	-0.1035	0.0000	0.4365	0.2996	1.0000	0.0939	0.1359	-0.0420	0.2996
110.0000	151.0000	Focus on Health	SkittlesSour	5.0000	5.0000	1.0000	6	-1.0000	2.9071	0.3861	-0.0842	2.0000	1.0244	0.4029	-1.0000	0.8709	0.8709	-0.0000	1.7899
110.0000	152.0000	Focus on Health	KashiBars	1.0000	1.0000	6.0000	4	-1.0000	0.9068	0.4869	0.1888	0.0000	0.4869	0.2267	-1.0000	0.2466	0.2466	-0.0000	0.4057
110.0000	153.0000	Focus on Health	FrozenBroccoli	1.0000	4.0000	5.0000	6	-1.0000	0.8735	0.3694	0.0029	0.0000	0.3694	0.2059	-1.0000	0.0934	0.0934	-0.0000	0.1652
110.0000	154.0000	Focus on Health	SlicedTurkey	1.0000	1.0000	1.0000	2	-1.0000	0.9568	0.3525	0.0278	0.0000	0.3525	0.1592	-1.0000	0.1339	0.1339	-0.0000	0.2852
110.0000	155.0000	Focus on Health	CannedArtichoke	1.0000	1.0000	2.0000	2	-1.0000	0.8060	0.3692	-0.0000	0.0000	0.3692	0.1931	-1.0000	0.0928	0.0966	-0.0038	0.2041
110.0000	156.0000	Focus on Health	ClamJuice	1.0000	2.0000	1.0000	3	-1.0000	0.8733	0.3188	0.0407	0.0000	0.3188	0.2215	-1.0000	0.1121	0.1327	-0.0206	0.3129
110.0000	157.0000	Focus on Health	RaisinBran	1.0000	2.0000	3.0000	7	-1.0000	0.8228	0.4365	0.0270	0.0000	0.4365	0.2214	-1.0000	0.2385	0.2385	-0.0000	0.4546
110.0000	158.0000	Focus on Health	CornFlakes	1.0000	3.0000	3.0000	6	-1.0000	0.9242	0.2352	-0.1316	0.0000	0.2352	0.2197	-1.0000	0.1739	0.1739	-0.0000	0.4138
110.0000	159.0000	Focus on Health	Orange	5.0000	5.0000	6.0000	5	-1.0000	0.8735	0.3864	0.3231	0.0000	0.3864	0.1495	-1.0000	0.1257	0.1257	-0.0000	0.2534
110.0000	160.0000	Focus on Health	Celery	4.0000	6.0000	6.0000	2	-1.0000	0.8399	0.3528	0.3036	0.0000	0.3528	0.2241	-1.0000	0.0945	0.0945	-0.0000	0.2323
110.0000	161.0000	Respond Naturally	Triscuit	1.0000	3.0000	3.0000	2	-1.0000	1.1418	0.5037	-0.3558	0.0000	0.5037	0.2338	-1.0000	0.1706	0.1706	-0.0000	0.4089
110.0000	162.0000	Respond Naturally	Onion	1.0000	1.0000	5.0000	2	-1.0000	0.7892	0.3862	-0.1596	0.0000	0.3862	0.2507	-1.0000	0.1489	0.1490	-0.0001	0.2662
110.0000	163.0000	Respond Naturally	PopTartStrawberry	1.0000	2.0000	1.0000	2	-1.0000	0.8567	0.3862	0.0357	0.0000	0.3862	0.1683	-1.0000	0.1936	0.1936	-0.0000	0.3607
110.0000	164.0000	Respond Naturally	WaterChestnuts	1.0000	1.0000	2.0000	3	-1.0000	0.7727	0.3527	0.1449	0.0000	0.3527	0.2206	-1.0000	0.1230	0.1243	-0.0013	0.2460
110.0000	165.0000	Respond Naturally	OatmealSquares	1.0000	1.0000	4.0000	7	-1.0000	0.9406	0.4701	-0.1559	0.0000	0.4701	0.2188	-1.0000	0.1867	0.1882	-0.0015	0.3417
110.0000	166.0000	Respond Naturally	Twizzlers	5.0000	5.0000	1.0000	2	-1.0000	0.8900	0.3861	0.1480	0.0000	0.3861	0.1730	-1.0000	0.1441	0.1442	-0.0000	0.2797
110.0000	167.0000	Respond Naturally	MangoChunks	5.0000	2.0000	3.0000	2	-1.0000	0.8060	0.3692	0.1430	0.0000	0.3692	0.1484	-1.0000	0.1395	0.1395	-0.0000	0.2510
110.0000	168.0000	Respond Naturally	PopTartStrawberry	1.0000	2.0000	1.0000	5	-1.0000	0.7893	0.3358	0.0327	0.0000	0.3358	0.1859	-1.0000	0.0701	0.0749	-0.0048	0.1525
110.0000	169.0000	Respond Naturally	BabyFoodCarrots	1.0000	1.0000	1.0000	3	-1.0000	0.9236	0.3695	-0.1538	0.0000	0.3695	0.2515	-1.0000	0.2015	0.2107	-0.0092	0.4482
110.0000	170.0000	Respond Naturally	Shreddies	1.0000	1.0000	2.0000	2	-1.0000	0.8063	0.3527	0.0623	0.0000	0.3527	0.1852	-1.0000	0.1588	0.1588	-0.0000	0.2814
110.0000	171.0000	Focus on Health	RitzCrackers	2.0000	6.0000	2.0000	2	1.0000	1.4107	0.3526	0.0077	1.0000	0.8397	0.3052	-1.0000	0.5546	0.5546	-0.0000	1.3158
110.0000	172.0000	Focus on Health	RedPepper	1.0000	1.0000	2.0000	2	-1.0000	0.9906	0.3690	-0.2483	0.0000	0.3690	0.1588	-1.0000	0.2534	0.2534	-0.0000	0.5177
110.0000	173.0000	Focus on Health	MnMPeanuts	6.0000	6.0000	1.0000	2	1.0000	1.0918	0.4367	-0.2455	0.0000	0.4367	0.2385	1.0000	0.1310	0.1357	-0.0047	0.2993
110.0000	174.0000	Focus on Health	Caramilk	6.0000	6.0000	1.0000	2	1.0000	0.9400	0.5203	0.0905	0.0000	0.5203	0.2660	1.0000	0.1664	0.1708	-0.0043	0.2933
110.0000	175.0000	Focus on Health	OatBran	1.0000	1.0000	5.0000	2	-1.0000	1.0074	0.5539	0.1329	0.0000	0.5539	0.1695	-1.0000	0.1613	0.1614	-0.0000	0.2807
110.0000	176.0000	Focus on Health	BrusselsSprouts	1.0000	1.0000	5.0000	4	-1.0000	0.9742	0.4534	-0.0433	0.0000	0.4534	0.1845	-1.0000	0.1367	0.1426	-0.0058	0.2842
110.0000	177.0000	Focus on Health	OikosYogurt	3.0000	6.0000	6.0000	3	1.0000	1.1079	0.5872	-0.1176	0.0000	0.5872	0.2056	1.0000	0.2241	0.2351	-0.0111	0.3922
110.0000	178.0000	Focus on Health	CoffeeCrisp	1.0000	4.0000	1.0000	1	-1.0000	1.1083	0.6547	-0.0640	0.0000	0.6547	0.1869	-1.0000	0.1751	0.1751	-0.0000	0.2790
110.0000	179.0000	Focus on Health	OikosYogurt	3.0000	3.0000	6.0000	6	-1.0000	1.2090	0.7555	-0.1729	0.0000	0.7555	0.2119	-1.0000	0.2630	0.2630	-0.0000	0.3920
110.0000	180.0000	Focus on Health	NatureValleyChocolate	1.0000	2.0000	2.0000	1	-1.0000	1.2258	0.7388	-0.0009	0.0000	0.7388	0.2398	-1.0000	0.2067	0.2067	-0.0000	0.3274
110.0000	181.0000	Focus on Health	WelchsFruitSnacks	6.0000	6.0000	1.0000	3	-1.0000	1.5957	0.4367	0.0798	2.0000	0.8565	0.1765	-1.0000	0.1392	0.1816	-0.0425	0.3796
110.0000	182.0000	Focus on Health	Mackerel	1.0000	1.0000	2.0000	3	-1.0000	0.9072	0.4367	-0.0436	0.0000	0.4367	0.1512	-1.0000	0.1492	0.1504	-0.0011	0.2812
110.0000	183.0000	Focus on Health	Skittles	4.0000	4.0000	1.0000	6	-1.0000	0.8062	0.3694	0.1722	0.0000	0.3694	0.1470	-1.0000	0.1522	0.1522	-0.0000	0.2500
110.0000	184.0000	Focus on Health	Asparagus	1.0000	4.0000	5.0000	3	-1.0000	0.7556	0.3020	0.1309	0.0000	0.3020	0.2384	-1.0000	0.1420	0.1420	-0.0000	0.2582
110.0000	185.0000	Focus on Health	NatureValleyChocolate	1.0000	3.0000	2.0000	4	-1.0000	0.8061	0.3190	0.2902	0.0000	0.3190	0.1288	-1.0000	0.1084	0.1084	-0.0000	0.1926
110.0000	186.0000	Focus on Health	SevenGrain	1.0000	2.0000	4.0000	1	-1.0000	0.9912	0.3359	-0.0071	0.0000	0.3359	0.1946	-1.0000	0.1329	0.1330	-0.0000	0.2745
110.0000	187.0000	Focus on Health	Fritos	1.0000	3.0000	1.0000	5	-1.0000	0.9236	0.3356	0.0023	0.0000	0.3356	0.1489	-1.0000	0.2033	0.2033	-0.0000	0.3421
110.0000	188.0000	Focus on Health	Prunes	1.0000	1.0000	5.0000	2	-1.0000	1.0415	0.3526	-0.0038	0.0000	0.3526	0.2008	-1.0000	0.1216	0.1380	-0.0164	0.3784
110.0000	189.0000	Focus on Health	FrootLoops	1.0000	1.0000	1.0000	2	-1.0000	0.8400	0.3360	-0.0000	0.0000	0.3360	0.1672	-1.0000	0.1471	0.1471	-0.0000	0.2933
110.0000	190.0000	Focus on Health	CheeseNips	1.0000	1.0000	1.0000	5	-1.0000	0.7896	0.3359	-0.0000	0.0000	0.3359	0.2335	-1.0000	0.1135	0.1135	-0.0000	0.2022
110.0000	191.0000	Respond Naturally	Fritos	1.0000	3.0000	1.0000	2	-1.0000	1.4780	0.3524	-0.0174	1.0000	0.5372	0.3186	1.0000	0.3233	0.3327	-0.0094	1.2795
110.0000	192.0000	Respond Naturally	Cauliflower	1.0000	6.0000	3.0000	2	-1.0000	0.8901	0.3693	-0.0471	0.0000	0.3693	0.2227	-1.0000	0.1385	0.1385	-0.0000	0.2378
110.0000	193.0000	Respond Naturally	BabyFoodCarrots	1.0000	1.0000	2.0000	5	-1.0000	0.7557	0.3358	-0.0605	0.0000	0.3358	0.2525	-1.0000	0.1726	0.1727	-0.0001	0.3242
110.0000	194.0000	Respond Naturally	TofuDessert	1.0000	1.0000	2.0000	4	-1.0000	0.7729	0.1176	0.1272	0.0000	0.1176	0.1321	-1.0000	-0.0147	0.0548	-0.0695	0.2236
110.0000	195.0000	Respond Naturally	PureFit	1.0000	1.0000	1.0000	4	-1.0000	0.9743	0.4535	0.3946	0.0000	0.4535	0.1592	-1.0000	0.1429	0.1429	-0.0000	0.2666
110.0000	196.0000	Respond Naturally	SpeltCakes	1.0000	2.0000	4.0000	5	-1.0000	0.8393	0.3527	0.1510	0.0000	0.3527	0.1935	-1.0000	0.1387	0.1388	-0.0001	0.2989
110.0000	197.0000	Respond Naturally	Tempeh	1.0000	1.0000	3.0000	2	-1.0000	0.9911	0.3527	0.2637	0.0000	0.3527	0.1399	-1.0000	0.1551	0.1551	-0.0000	0.2730
110.0000	198.0000	Respond Naturally	PureFit	1.0000	1.0000	1.0000	2	-1.0000	0.8062	0.3526	0.0440	0.0000	0.3526	0.2090	-1.0000	0.1831	0.1840	-0.0009	0.3648
110.0000	199.0000	Respond Naturally	OatmealSquares	1.0000	1.0000	4.0000	3	-1.0000	0.9570	0.3857	-0.0000	0.0000	0.3857	0.1445	-1.0000	0.1473	0.1473	-0.0000	0.3233
110.0000	200.0000	Respond Naturally	GreenApple	5.0000	6.0000	6.0000	2	-1.0000	4.0121	0.5539	0.2431	1.0000	1.3263	0.5000	1.0000	0.3311	0.3311	-0.0000	1.4868
