Subject	Trial	Instruction	Food	Liking	Taste	Health	Amount	Choice	ChoiceRT	FirstDevTimeChoice	InitAngleChoice	NumChangeMindChoice	FinalDevTimeChoice	MaxVelocityChoice	DrxFirstDevChoice	TotalAUCChoice	AUCtoNonChosenChoice	AUCtoChosenChoice	MaxDevChoice
50.0000	1.0000	Respond Naturally	SpeltCakes	6.0000	2.0000	3.0000	2	1.0000	1.5285	0.7893	0.3735	1.0000	0.9237	0.1519	-1.0000	0.2149	0.2149	-0.0000	0.8522
50.0000	2.0000	Respond Naturally	FrozenCorn	4.0000	5.0000	6.0000	2	1.0000	3.2753	0.5548	0.1248	0.0000	0.5548	0.2727	1.0000	0.0867	0.0867	-0.0000	0.4693
50.0000	3.0000	Respond Naturally	Tuna	1.0000	2.0000	1.0000	2	-1.0000	1.2093	0.5877	-0.0033	0.0000	0.5877	0.1970	-1.0000	0.0915	0.0946	-0.0031	0.1771
50.0000	4.0000	Respond Naturally	IceCreamVanilla	6.0000	6.0000	1.0000	4	1.0000	1.0417	0.4872	-0.1356	0.0000	0.4872	0.2611	1.0000	0.0734	0.1022	-0.0288	0.2430
50.0000	5.0000	Respond Naturally	Asparagus	3.0000	2.0000	5.0000	6	-1.0000	1.1756	0.4197	0.5774	1.0000	0.5877	0.2712	1.0000	0.1317	0.1317	-0.0000	0.4635
50.0000	6.0000	Respond Naturally	Mentos	6.0000	6.0000	1.0000	2	1.0000	0.9577	0.2689	-0.8300	0.0000	0.2689	0.2553	1.0000	0.1618	0.1618	-0.0000	0.3767
50.0000	7.0000	Respond Naturally	FrozenBroccoli	6.0000	6.0000	5.0000	2	1.0000	1.2765	0.7557	0.2980	0.0000	0.7557	0.1805	1.0000	0.1492	0.1492	-0.0000	0.5885
50.0000	8.0000	Respond Naturally	WelchsFruitSnacks	6.0000	1.0000	3.0000	1	1.0000	1.2259	0.3862	0.1112	0.0000	0.3862	0.2524	1.0000	-0.0170	0.0377	-0.0547	-0.1878
50.0000	9.0000	Respond Naturally	OatBran	1.0000	2.0000	1.0000	2	-1.0000	1.3777	0.5882	-0.1239	0.0000	0.5882	0.3052	-1.0000	0.1118	0.1158	-0.0040	0.2305
50.0000	10.0000	Respond Naturally	Reese	6.0000	5.0000	1.0000	1	1.0000	0.9743	0.4199	-0.1890	0.0000	0.4199	0.1676	1.0000	0.1967	0.1967	-0.0000	0.4017
50.0000	11.0000	Focus on Health	VegetableThins	6.0000	6.0000	2.0000	2	1.0000	1.4616	0.6218	-0.1370	1.0000	0.8904	0.4099	-1.0000	0.2855	0.2958	-0.0103	0.9112
50.0000	12.0000	Focus on Health	Fritos	6.0000	6.0000	1.0000	5	-1.0000	1.7805	0.4704	0.1339	1.0000	0.6218	0.4473	1.0000	0.4377	0.4377	-0.0000	1.4508
50.0000	13.0000	Focus on Health	PopTartStrawberry	6.0000	5.0000	1.0000	5	-1.0000	1.0917	0.6550	0.0143	0.0000	0.6550	0.3362	-1.0000	0.1513	0.1568	-0.0055	0.2886
50.0000	14.0000	Focus on Health	FrozenPeas	5.0000	5.0000	3.0000	6	1.0000	1.4623	0.6717	-0.1118	1.0000	0.8566	0.3565	-1.0000	0.4812	0.4812	-0.0000	1.2808
50.0000	15.0000	Focus on Health	FrozenOkra	4.0000	6.0000	5.0000	2	-1.0000	1.1761	0.5205	-0.0219	0.0000	0.5205	0.2887	-1.0000	0.1649	0.1649	-0.0000	0.2952
50.0000	16.0000	Focus on Health	SunChips	6.0000	5.0000	1.0000	2	1.0000	1.0077	0.4365	0.0855	0.0000	0.4365	0.2033	1.0000	0.1741	0.1953	-0.0212	0.4023
50.0000	17.0000	Focus on Health	IceCreamChocolate	2.0000	2.0000	1.0000	1	1.0000	1.7466	0.4536	-0.0526	0.0000	0.4536	0.2241	1.0000	0.1174	0.1174	-0.0000	0.3531
50.0000	18.0000	Focus on Health	Smarties	6.0000	5.0000	1.0000	5	-1.0000	0.9743	0.3696	0.1168	0.0000	0.3696	0.1565	-1.0000	0.1641	0.1641	-0.0000	0.2965
50.0000	19.0000	Focus on Health	Triscuit	3.0000	5.0000	5.0000	5	1.0000	1.6125	0.5709	0.1309	1.0000	0.8901	0.2373	-1.0000	0.2763	0.2824	-0.0061	0.8745
50.0000	20.0000	Focus on Health	CannedArtichoke	1.0000	1.0000	4.0000	2	-1.0000	0.9744	0.4033	-0.2242	0.0000	0.4033	0.1454	-1.0000	0.1129	0.1129	-0.0000	0.3114
50.0000	21.0000	Respond Naturally	Onion	6.0000	5.0000	5.0000	2	1.0000	1.1086	0.5038	0.1565	0.0000	0.5038	0.1880	1.0000	0.1741	0.1741	-0.0000	0.5445
50.0000	22.0000	Respond Naturally	CheeseNips	6.0000	5.0000	1.0000	2	1.0000	0.8568	0.3360	-0.1771	0.0000	0.3360	0.2332	1.0000	0.0851	0.1295	-0.0444	0.3051
50.0000	23.0000	Respond Naturally	Cheerios	5.0000	6.0000	3.0000	2	1.0000	0.9576	0.2688	0.0902	0.0000	0.2688	0.3196	1.0000	0.1070	0.1091	-0.0021	0.3693
50.0000	24.0000	Respond Naturally	CornFlakes	6.0000	6.0000	1.0000	3	1.0000	0.8568	0.1848	-0.1547	0.0000	0.1848	0.2558	1.0000	0.0265	0.0761	-0.0497	0.2880
50.0000	25.0000	Respond Naturally	Raspberries	2.0000	5.0000	5.0000	5	-1.0000	1.1760	0.1512	0.1852	1.0000	0.5545	0.3994	1.0000	0.4671	0.4671	-0.0000	1.1846
50.0000	26.0000	Respond Naturally	AppleChips	4.0000	5.0000	2.0000	5	1.0000	1.4112	0.2353	-0.2791	2.0000	0.8737	0.3098	1.0000	0.1786	0.2232	-0.0446	0.8795
50.0000	27.0000	Respond Naturally	IceCreamChocolate	6.0000	6.0000	1.0000	4	1.0000	0.8064	0.1512	-0.3088	0.0000	0.1512	0.2106	1.0000	0.1356	0.1368	-0.0012	0.3395
50.0000	28.0000	Respond Naturally	LaysClassic	6.0000	5.0000	2.0000	3	1.0000	0.9577	0.4030	0.0091	0.0000	0.4030	0.2804	1.0000	0.0721	0.1230	-0.0509	0.2646
50.0000	29.0000	Respond Naturally	VegetableThins	6.0000	5.0000	2.0000	5	1.0000	0.9279	0.4367	0.2730	0.0000	0.4367	0.4156	1.0000	0.0684	0.0684	-0.0000	0.1487
50.0000	30.0000	Respond Naturally	ClifBar	6.0000	5.0000	4.0000	2	1.0000	1.1759	0.4871	-0.1015	1.0000	0.6887	0.2006	-1.0000	0.2242	0.2242	-0.0000	0.6165
50.0000	31.0000	Focus on Health	SkimMilk	4.0000	5.0000	4.0000	4	-1.0000	1.2262	0.4200	0.1479	1.0000	0.6048	0.3752	1.0000	0.1709	0.2387	-0.0678	0.7132
50.0000	32.0000	Focus on Health	OikosYogurt	6.0000	5.0000	6.0000	3	1.0000	1.9147	0.6047	0.0274	1.0000	0.7391	0.3476	-1.0000	0.3079	0.3545	-0.0465	0.7994
50.0000	33.0000	Focus on Health	Tempeh	2.0000	2.0000	4.0000	4	-1.0000	1.0079	0.4871	0.1656	0.0000	0.4871	0.2353	-1.0000	0.1136	0.1136	-0.0000	0.1999
50.0000	34.0000	Focus on Health	Bananas	6.0000	5.0000	5.0000	3	1.0000	0.9914	0.3865	-0.0549	1.0000	0.5377	0.2418	-1.0000	0.1878	0.1982	-0.0104	0.5383
50.0000	35.0000	Focus on Health	BrusselsSprouts	1.0000	5.0000	5.0000	2	-1.0000	1.1759	0.6384	0.3398	0.0000	0.6384	0.1523	-1.0000	0.1147	0.1231	-0.0084	0.2557
50.0000	36.0000	Focus on Health	ClamJuice	1.0000	1.0000	3.0000	1	-1.0000	1.3102	0.7222	0.1930	0.0000	0.7222	0.1473	-1.0000	0.1854	0.1860	-0.0006	0.2603
50.0000	37.0000	Focus on Health	Starburst	6.0000	5.0000	1.0000	6	1.0000	1.0581	0.3862	-0.0176	0.0000	0.3862	0.3204	1.0000	0.0980	0.1065	-0.0085	0.2383
50.0000	38.0000	Focus on Health	FrozenBlueberries	4.0000	5.0000	4.0000	1	1.0000	1.3604	0.5037	0.1020	1.0000	0.6885	0.1947	-1.0000	0.1090	0.1645	-0.0555	0.5573
50.0000	39.0000	Focus on Health	ProMax	4.0000	4.0000	2.0000	2	1.0000	1.7975	0.6214	0.3851	1.0000	0.9574	0.2188	-1.0000	0.1393	0.1594	-0.0201	0.5883
50.0000	40.0000	Focus on Health	HoneyNutCheerios	6.0000	3.0000	3.0000	2	1.0000	1.0247	0.4031	0.0192	0.0000	0.4031	0.1711	1.0000	0.1387	0.1387	-0.0000	0.2470
50.0000	41.0000	Focus on Health	FrozenPeas	6.0000	5.0000	6.0000	2	1.0000	1.1925	0.4701	-0.3754	1.0000	0.6550	0.2832	-1.0000	0.3929	0.3929	-0.0000	1.2147
50.0000	42.0000	Focus on Health	NatureValleyChocolate	4.0000	6.0000	3.0000	4	1.0000	1.1258	0.1677	-0.2925	1.0000	0.4535	0.1957	-1.0000	0.1936	0.1987	-0.0051	0.8502
50.0000	43.0000	Focus on Health	Almonds	6.0000	5.0000	4.0000	4	1.0000	0.8403	0.4032	-0.0788	0.0000	0.4032	0.2297	1.0000	0.1843	0.1858	-0.0015	0.3525
50.0000	44.0000	Focus on Health	RufflesSourCreamOnion	6.0000	6.0000	1.0000	3	1.0000	0.8407	0.3023	0.1892	0.0000	0.3023	0.1600	1.0000	0.1810	0.1810	-0.0000	0.3692
50.0000	45.0000	Focus on Health	SlimStyles	2.0000	2.0000	3.0000	6	-1.0000	0.9075	0.3361	0.2057	0.0000	0.3361	0.1472	-1.0000	0.1183	0.1185	-0.0002	0.2532
50.0000	46.0000	Focus on Health	Avocado	6.0000	6.0000	5.0000	2	1.0000	1.2268	0.3695	-0.0830	1.0000	0.6889	0.4210	-1.0000	0.3481	0.3481	-0.0000	1.2144
50.0000	47.0000	Focus on Health	Aero	6.0000	5.0000	1.0000	3	1.0000	0.7218	0.2347	-0.3725	0.0000	0.2347	0.2280	1.0000	0.0779	0.0781	-0.0002	0.2477
50.0000	48.0000	Focus on Health	CoffeeCrisp	6.0000	5.0000	1.0000	3	-1.0000	1.1929	0.3864	-0.0000	1.0000	0.6386	0.3250	1.0000	0.4744	0.4744	-0.0000	1.4473
50.0000	49.0000	Focus on Health	Broccoli	6.0000	5.0000	5.0000	4	1.0000	1.0585	0.1512	-0.1230	1.0000	0.4873	0.3387	-1.0000	0.2680	0.3135	-0.0456	1.0040
50.0000	50.0000	Focus on Health	KashiBars	2.0000	5.0000	4.0000	1	1.0000	1.5120	0.2858	-0.5333	2.0000	0.8738	0.2439	1.0000	0.1671	0.1671	-0.0000	0.4634
50.0000	51.0000	Respond Naturally	FrozenBroccoli	6.0000	6.0000	5.0000	6	1.0000	0.7893	0.3862	0.3223	0.0000	0.3862	0.1698	1.0000	0.1404	0.1404	-0.0000	0.2726
50.0000	52.0000	Respond Naturally	BBQCrisps	6.0000	5.0000	1.0000	2	1.0000	0.8904	0.2353	-0.0419	0.0000	0.2353	0.1111	1.0000	0.1671	0.1671	-0.0000	0.3883
50.0000	53.0000	Respond Naturally	RufflesSourCreamOnion	6.0000	6.0000	1.0000	5	1.0000	0.8398	0.3024	0.5396	0.0000	0.3024	0.3686	1.0000	-0.1068	0.0040	-0.1109	-0.3385
50.0000	54.0000	Respond Naturally	CheeseNips	6.0000	6.0000	1.0000	5	1.0000	0.7226	0.1513	0.3949	0.0000	0.1513	0.1698	1.0000	0.0538	0.0593	-0.0055	0.2015
50.0000	55.0000	Respond Naturally	KashiBars	4.0000	5.0000	3.0000	4	-1.0000	1.5455	0.1511	0.0866	1.0000	0.8065	0.4120	1.0000	0.6932	0.7099	-0.0168	1.4449
50.0000	56.0000	Respond Naturally	ProMax	3.0000	5.0000	1.0000	4	-1.0000	0.9915	0.3363	0.0010	1.0000	0.4707	0.2647	1.0000	0.2595	0.2842	-0.0247	1.1096
50.0000	57.0000	Respond Naturally	FrozenCorn	6.0000	5.0000	4.0000	4	-1.0000	1.4107	0.2850	-0.0000	1.0000	0.4867	0.2634	1.0000	0.4122	0.4507	-0.0385	1.4051
50.0000	58.0000	Respond Naturally	Mackerel	1.0000	5.0000	4.0000	3	-1.0000	1.3260	0.4200	0.3793	0.0000	0.4200	0.1567	-1.0000	0.1121	0.1121	-0.0000	0.3579
50.0000	59.0000	Respond Naturally	CoffeeCrisp	6.0000	6.0000	1.0000	1	1.0000	1.0753	0.1681	0.0986	1.0000	0.3865	0.2985	-1.0000	0.2014	0.2015	-0.0001	0.8220
50.0000	60.0000	Respond Naturally	RomaineLettuce	6.0000	6.0000	6.0000	2	1.0000	1.4106	0.2687	-0.0867	0.0000	0.2687	0.2238	1.0000	0.1025	0.1030	-0.0006	0.4375
50.0000	61.0000	Focus on Health	SlicedTurkey	1.0000	2.0000	1.0000	2	-1.0000	1.0753	0.5877	0.0518	0.0000	0.5877	0.2297	-1.0000	0.2026	0.2042	-0.0016	0.3527
50.0000	62.0000	Focus on Health	EnglishCucumber	6.0000	5.0000	5.0000	2	1.0000	1.5122	0.1679	-0.2540	1.0000	0.9409	0.3919	-1.0000	0.6770	0.6861	-0.0091	1.2958
50.0000	63.0000	Focus on Health	Triscuit	6.0000	1.0000	5.0000	2	1.0000	0.9073	0.2015	-0.6306	0.0000	0.2015	0.3087	1.0000	0.1840	0.2225	-0.0386	0.6916
50.0000	64.0000	Focus on Health	GreenPepper	6.0000	5.0000	5.0000	2	1.0000	0.7894	0.3526	0.0373	0.0000	0.3526	0.2455	1.0000	0.2114	0.2156	-0.0042	0.4216
50.0000	65.0000	Focus on Health	Twizzlers	6.0000	5.0000	1.0000	2	1.0000	0.8734	0.1511	-0.4569	2.0000	0.5207	0.2582	1.0000	0.0444	0.0677	-0.0233	0.1899
50.0000	66.0000	Focus on Health	RomaineLettuce	6.0000	6.0000	5.0000	4	1.0000	1.0081	0.2016	0.9937	1.0000	0.4201	0.3415	-1.0000	0.2494	0.2517	-0.0024	0.9419
50.0000	67.0000	Focus on Health	TofuDessert	2.0000	1.0000	3.0000	2	-1.0000	1.3605	0.3359	-0.1121	0.0000	0.3359	0.1342	-1.0000	0.1119	0.1126	-0.0007	0.3001
50.0000	68.0000	Focus on Health	AppleChips	2.0000	5.0000	2.0000	2	1.0000	1.1421	0.6552	-0.4937	0.0000	0.6552	0.2144	1.0000	0.2242	0.2242	-0.0000	0.5144
50.0000	69.0000	Focus on Health	BrusselsSprouts	1.0000	2.0000	5.0000	4	-1.0000	0.9908	0.3524	0.0383	1.0000	0.4700	0.3402	1.0000	0.3613	0.3613	-0.0000	1.2082
50.0000	70.0000	Focus on Health	Smartfood	6.0000	6.0000	2.0000	4	1.0000	1.6459	0.4029	-0.0590	2.0000	1.0916	0.3471	1.0000	0.2070	0.2070	-0.0000	0.5571
50.0000	71.0000	Respond Naturally	Almonds	6.0000	6.0000	4.0000	2	1.0000	1.3937	0.4869	-0.0549	0.0000	0.4869	0.1839	1.0000	0.0885	0.1201	-0.0316	0.4542
50.0000	72.0000	Respond Naturally	Strawberries	6.0000	6.0000	4.0000	3	-1.0000	1.4947	0.2518	0.2001	1.0000	0.9068	0.3967	1.0000	0.6228	0.6229	-0.0000	1.3660
50.0000	73.0000	Respond Naturally	PureFit	3.0000	3.0000	4.0000	4	-1.0000	1.0751	0.4031	0.1013	1.0000	0.5375	0.4006	1.0000	0.2120	0.2312	-0.0192	1.1107
50.0000	74.0000	Respond Naturally	RedPepper	6.0000	6.0000	5.0000	2	1.0000	0.9237	0.4869	-0.4544	0.0000	0.4869	0.2252	1.0000	0.2746	0.2746	-0.0000	0.6209
50.0000	75.0000	Respond Naturally	PCChipCookie	6.0000	5.0000	1.0000	5	1.0000	0.7392	0.3192	0.1266	0.0000	0.3192	0.1891	1.0000	0.1801	0.1801	-0.0000	0.3397
50.0000	76.0000	Respond Naturally	Spinach	6.0000	6.0000	5.0000	2	1.0000	1.0267	0.3862	0.1255	0.0000	0.3862	0.1845	1.0000	0.1077	0.1311	-0.0234	0.2809
50.0000	77.0000	Respond Naturally	Mars	6.0000	5.0000	1.0000	2	1.0000	1.1928	0.3026	0.9703	0.0000	0.3026	0.1483	1.0000	-0.0219	0.0086	-0.0305	-0.1258
50.0000	78.0000	Respond Naturally	Asparagus	2.0000	1.0000	4.0000	3	-1.0000	1.1080	0.2687	-0.3831	1.0000	0.4532	0.2678	1.0000	0.4813	0.5052	-0.0239	1.4487
50.0000	79.0000	Respond Naturally	Pringles	6.0000	5.0000	1.0000	2	1.0000	1.0248	0.2688	-0.1261	1.0000	0.4705	0.4136	-1.0000	0.1670	0.2430	-0.0760	0.8435
50.0000	80.0000	Respond Naturally	BBQCrisps	6.0000	5.0000	1.0000	6	1.0000	0.9411	0.3698	-0.2327	0.0000	0.3698	0.3038	1.0000	0.1918	0.2321	-0.0403	0.6382
50.0000	81.0000	Focus on Health	Cauliflower	6.0000	6.0000	5.0000	2	1.0000	1.1590	0.6046	-0.1658	0.0000	0.6046	0.2382	1.0000	0.2130	0.2346	-0.0216	0.5583
50.0000	82.0000	Focus on Health	WelchsFruitSnacks	6.0000	6.0000	2.0000	3	1.0000	0.8399	0.2687	0.0004	0.0000	0.2687	0.2610	1.0000	0.0392	0.1113	-0.0721	0.3042
50.0000	83.0000	Focus on Health	RedPepper	6.0000	6.0000	5.0000	5	1.0000	0.9577	0.2689	0.0667	1.0000	0.4873	0.2660	-1.0000	0.1398	0.1520	-0.0122	0.6760
50.0000	84.0000	Focus on Health	FrootLoops	6.0000	6.0000	1.0000	2	-1.0000	1.2095	0.3025	0.0235	1.0000	0.5209	0.3997	1.0000	0.4294	0.4625	-0.0331	1.5936
50.0000	85.0000	Focus on Health	SunChips	6.0000	5.0000	1.0000	4	1.0000	1.2429	0.3527	-0.3338	0.0000	0.3527	0.1834	1.0000	0.1747	0.1747	-0.0000	0.4173
50.0000	86.0000	Focus on Health	Shreddies	4.0000	5.0000	4.0000	2	1.0000	1.1254	0.5206	-0.0013	0.0000	0.5206	0.1899	1.0000	0.2301	0.2381	-0.0081	0.4227
50.0000	87.0000	Focus on Health	RiceKrispiesCereal	6.0000	4.0000	3.0000	3	-1.0000	1.7473	0.1512	0.1413	1.0000	0.8066	0.3523	1.0000	0.7753	0.7753	-0.0000	1.5385
50.0000	88.0000	Focus on Health	Caramilk	6.0000	5.0000	1.0000	5	1.0000	1.7807	0.3358	0.2464	2.0000	0.8567	0.3304	1.0000	0.5079	0.5079	-0.0000	1.4353
50.0000	89.0000	Focus on Health	Butternut	2.0000	5.0000	2.0000	3	-1.0000	1.1592	0.3528	-0.0000	1.0000	0.5544	0.1898	1.0000	0.2126	0.2240	-0.0115	0.5695
50.0000	90.0000	Focus on Health	Avocado	6.0000	5.0000	6.0000	5	1.0000	0.9068	0.3861	-0.0065	0.0000	0.3861	0.2363	1.0000	0.1801	0.1801	-0.0000	0.3034
50.0000	91.0000	Respond Naturally	Beets	3.0000	1.0000	4.0000	2	-1.0000	1.0413	0.4031	0.2611	0.0000	0.4031	0.2143	-1.0000	0.0859	0.0859	-0.0000	0.2213
50.0000	92.0000	Respond Naturally	SlimStyles	3.0000	2.0000	2.0000	2	-1.0000	0.7223	0.1513	0.4231	0.0000	0.1513	0.1971	-1.0000	0.0164	0.0205	-0.0042	0.0728
50.0000	93.0000	Respond Naturally	RaisinBran	5.0000	2.0000	4.0000	3	-1.0000	1.9658	0.3192	-0.0556	2.0000	0.9240	0.5035	-1.0000	0.3536	0.4175	-0.0640	1.7589
50.0000	94.0000	Respond Naturally	RiceKrispiesCereal	6.0000	6.0000	3.0000	7	1.0000	2.0994	0.7890	0.0347	3.0000	1.3939	0.3417	-1.0000	0.3976	0.4093	-0.0117	1.2759
50.0000	95.0000	Respond Naturally	SkittlesSour	6.0000	5.0000	1.0000	3	1.0000	1.2431	0.3023	0.3128	1.0000	0.5207	0.3909	-1.0000	0.1445	0.2100	-0.0655	1.0288
50.0000	96.0000	Respond Naturally	WaterChestnuts	3.0000	1.0000	2.0000	5	-1.0000	1.0246	0.4366	0.0308	0.0000	0.4366	0.2232	-1.0000	0.1145	0.1145	-0.0000	0.1691
50.0000	97.0000	Respond Naturally	Broccoli	6.0000	6.0000	5.0000	1	1.0000	1.4112	0.4704	-0.3199	0.0000	0.4704	0.2723	1.0000	0.0953	0.1504	-0.0550	0.4137
50.0000	98.0000	Respond Naturally	Pringles	6.0000	6.0000	1.0000	5	1.0000	1.1421	0.2686	-0.2130	1.0000	0.4534	0.4088	-1.0000	0.2591	0.2980	-0.0389	0.8830
50.0000	99.0000	Respond Naturally	EnglishCucumber	6.0000	6.0000	5.0000	5	1.0000	0.9573	0.3863	0.2188	0.0000	0.3863	0.1875	1.0000	0.0968	0.0968	-0.0000	0.2198
50.0000	100.0000	Respond Naturally	DriedHerring	1.0000	2.0000	2.0000	1	-1.0000	1.8808	0.3024	0.0969	0.0000	0.3024	0.2276	-1.0000	0.0472	0.0613	-0.0140	0.3000
50.0000	101.0000	Respond Naturally	Aero	6.0000	6.0000	1.0000	1	1.0000	1.9655	0.2352	-0.0499	2.0000	1.2601	0.3173	1.0000	0.4231	0.4865	-0.0634	1.3422
50.0000	102.0000	Respond Naturally	Bananas	6.0000	6.0000	5.0000	2	1.0000	1.0920	0.3529	-0.6727	1.0000	0.4872	0.3241	-1.0000	0.3050	0.3245	-0.0196	1.0296
50.0000	103.0000	Respond Naturally	OatmealSquares	6.0000	5.0000	3.0000	3	-1.0000	1.5122	0.4033	0.1041	3.0000	1.1090	0.2154	1.0000	0.1550	0.1871	-0.0320	0.5390
50.0000	104.0000	Respond Naturally	FrozenPeaches	5.0000	6.0000	4.0000	2	1.0000	2.3513	0.4870	-0.2063	1.0000	0.9405	0.6192	-1.0000	0.7091	0.7175	-0.0083	1.4919
50.0000	105.0000	Respond Naturally	BabyFoodCarrots	1.0000	2.0000	4.0000	5	-1.0000	1.1926	0.3695	-0.0710	0.0000	0.3695	0.2093	-1.0000	0.1633	0.1637	-0.0004	0.3331
50.0000	106.0000	Respond Naturally	Snickers	6.0000	6.0000	1.0000	2	1.0000	0.8232	0.3023	-0.1634	0.0000	0.3023	0.1979	1.0000	0.1039	0.1467	-0.0428	0.3638
50.0000	107.0000	Respond Naturally	RitzCrackers	6.0000	6.0000	2.0000	2	1.0000	0.9742	0.4534	-0.0622	0.0000	0.4534	0.1784	1.0000	0.1549	0.1549	-0.0000	0.2824
50.0000	108.0000	Respond Naturally	Doritos	6.0000	5.0000	1.0000	5	1.0000	0.8231	0.2518	-0.1609	0.0000	0.2518	0.1724	1.0000	0.1454	0.1471	-0.0017	0.2954
50.0000	109.0000	Respond Naturally	FrozenPeaches	6.0000	5.0000	5.0000	5	1.0000	1.5285	0.3695	-0.1417	2.0000	1.0413	0.2603	1.0000	0.0877	0.1644	-0.0767	0.6121
50.0000	110.0000	Respond Naturally	Snickers	6.0000	6.0000	1.0000	3	1.0000	0.8905	0.3360	-0.0183	0.0000	0.3360	0.1982	1.0000	0.1285	0.1287	-0.0001	0.2859
50.0000	111.0000	Focus on Health	Smartfood	6.0000	6.0000	2.0000	2	1.0000	1.7971	0.5039	NA	0.0000	0.5039	0.1898	1.0000	0.0666	0.0893	-0.0227	0.3822
50.0000	112.0000	Focus on Health	IceCreamVanilla	6.0000	6.0000	2.0000	1	1.0000	1.6295	0.3527	0.2166	2.0000	1.1591	0.4587	1.0000	0.2391	0.2496	-0.0106	1.0829
50.0000	113.0000	Focus on Health	Celery	6.0000	5.0000	5.0000	2	1.0000	0.9242	0.4874	-0.0051	0.0000	0.4874	0.2120	1.0000	0.1426	0.1437	-0.0011	0.2936
50.0000	114.0000	Focus on Health	AlmondMilk	6.0000	5.0000	5.0000	4	-1.0000	0.9234	0.3527	-0.0091	0.0000	0.3527	0.1677	-1.0000	0.0691	0.0919	-0.0228	0.2112
50.0000	115.0000	Focus on Health	WaterChestnuts	1.0000	5.0000	4.0000	3	-1.0000	0.8397	0.2352	1.2095	1.0000	0.4200	0.1369	1.0000	0.0994	0.1335	-0.0342	0.4998
50.0000	116.0000	Focus on Health	Orange	6.0000	5.0000	5.0000	1	1.0000	0.9743	0.4535	-0.1747	0.0000	0.4535	0.4038	1.0000	0.2673	0.3034	-0.0361	0.6348
50.0000	117.0000	Focus on Health	Spinach	6.0000	5.0000	6.0000	4	-1.0000	1.3274	0.1680	0.4121	1.0000	0.7226	0.3674	1.0000	0.4675	0.4911	-0.0236	1.2741
50.0000	118.0000	Focus on Health	MnMPlain	6.0000	6.0000	1.0000	5	-1.0000	2.7212	0.2184	0.0870	1.0000	0.9746	0.2748	1.0000	0.7443	0.7792	-0.0349	1.4278
50.0000	119.0000	Focus on Health	AllBranCereal	2.0000	5.0000	3.0000	2	-1.0000	1.1592	0.2686	0.0561	1.0000	0.4871	0.1655	1.0000	0.2629	0.2666	-0.0037	0.9047
50.0000	120.0000	Focus on Health	AllBranBar	2.0000	6.0000	4.0000	1	-1.0000	0.9744	0.3863	0.3552	0.0000	0.3863	0.1067	-1.0000	0.1176	0.1176	-0.0000	0.2090
50.0000	121.0000	Focus on Health	Skittles	6.0000	5.0000	1.0000	3	-1.0000	3.2586	0.3697	-0.7262	4.0000	2.0322	0.2756	-1.0000	0.7396	0.7396	-0.0000	1.5350
50.0000	122.0000	Focus on Health	GreenPepper	6.0000	5.0000	6.0000	6	1.0000	0.9404	0.3190	-0.0298	1.0000	0.5038	0.2878	-1.0000	0.2256	0.2256	-0.0000	0.6404
50.0000	123.0000	Focus on Health	FrozenBlueberries	6.0000	5.0000	3.0000	3	1.0000	0.8390	0.2849	-0.4011	1.0000	0.4360	0.2698	-1.0000	0.2320	0.2322	-0.0002	0.4973
50.0000	124.0000	Focus on Health	CornFlakes	6.0000	6.0000	5.0000	6	1.0000	1.0415	0.3193	0.0000	0.0000	0.3193	0.2939	1.0000	0.1498	0.1498	-0.0000	0.3610
50.0000	125.0000	Focus on Health	TofuDessert	1.0000	6.0000	4.0000	4	-1.0000	0.9577	0.4537	0.1685	0.0000	0.4537	0.3035	-1.0000	0.3490	0.3490	-0.0000	0.8664
50.0000	126.0000	Focus on Health	Butternut	2.0000	2.0000	4.0000	7	-1.0000	1.0416	0.3024	0.0206	1.0000	0.4704	0.4135	1.0000	0.4037	0.4053	-0.0016	1.2878
50.0000	127.0000	Focus on Health	PCChipCookie	6.0000	5.0000	1.0000	2	1.0000	0.9742	0.3359	-0.0698	0.0000	0.3359	0.2636	1.0000	0.1959	0.1959	-0.0000	0.3771
50.0000	128.0000	Focus on Health	Beets	1.0000	2.0000	3.0000	5	-1.0000	0.8904	0.4200	-0.1216	0.0000	0.4200	0.1622	-1.0000	0.0658	0.0895	-0.0237	0.3193
50.0000	129.0000	Focus on Health	RitzCrackers	6.0000	5.0000	3.0000	5	-1.0000	1.4952	0.1511	0.2534	1.0000	0.7224	0.4316	1.0000	0.6015	0.6030	-0.0015	1.3065
50.0000	130.0000	Focus on Health	Mentos	6.0000	6.0000	1.0000	5	-1.0000	1.2435	0.3697	0.2479	1.0000	0.6050	0.3319	1.0000	0.3996	0.4234	-0.0239	1.3544
50.0000	131.0000	Respond Naturally	PureFit	3.0000	1.0000	3.0000	2	-1.0000	0.9742	0.2518	0.1113	0.0000	0.2518	0.1012	-1.0000	0.0459	0.0565	-0.0106	0.1511
50.0000	132.0000	Respond Naturally	Strawberries	6.0000	5.0000	4.0000	2	-1.0000	0.7223	0.2352	0.0846	0.0000	0.2352	0.2335	-1.0000	0.0860	0.0952	-0.0092	0.2341
50.0000	133.0000	Respond Naturally	BabyFoodCarrots	2.0000	1.0000	5.0000	3	-1.0000	0.7562	0.1849	0.2298	0.0000	0.1849	0.1973	-1.0000	0.0237	0.0681	-0.0444	0.1887
50.0000	134.0000	Respond Naturally	VanillaGreekYogurt	6.0000	5.0000	6.0000	2	1.0000	1.3780	0.2689	-0.1260	1.0000	0.6387	0.3735	-1.0000	0.7934	0.7934	-0.0000	1.4612
50.0000	135.0000	Respond Naturally	FrootLoops	6.0000	6.0000	3.0000	6	1.0000	1.1420	0.2854	-0.1347	1.0000	0.4533	0.4690	-1.0000	0.4109	0.4109	-0.0000	1.2755
50.0000	136.0000	Respond Naturally	GreenBeans	2.0000	5.0000	5.0000	4	-1.0000	0.6720	0.2017	0.4649	0.0000	0.2017	0.1834	-1.0000	0.1358	0.1368	-0.0009	0.2971
50.0000	137.0000	Respond Naturally	Mackerel	1.0000	1.0000	5.0000	1	-1.0000	0.9914	0.1513	-0.2650	1.0000	0.4034	0.3404	1.0000	0.5529	0.5529	-0.0000	1.4759
50.0000	138.0000	Respond Naturally	SlicedTurkey	1.0000	6.0000	4.0000	5	-1.0000	0.7897	0.2016	0.3173	0.0000	0.2016	0.1624	-1.0000	0.0228	0.0554	-0.0326	0.1648
50.0000	139.0000	Respond Naturally	SpeltCakes	6.0000	5.0000	3.0000	5	-1.0000	0.9241	0.3023	-0.0000	0.0000	0.3023	0.1282	-1.0000	0.0845	0.0868	-0.0023	0.2088
50.0000	140.0000	Respond Naturally	Smarties	6.0000	6.0000	1.0000	2	1.0000	1.2265	0.6720	-0.3086	0.0000	0.6720	0.4141	1.0000	0.1310	0.1952	-0.0642	-0.4209
50.0000	141.0000	Respond Naturally	ClamJuice	1.0000	1.0000	3.0000	3	-1.0000	1.2426	0.2855	0.1782	1.0000	0.4199	0.3260	1.0000	0.0671	0.0848	-0.0177	0.4141
50.0000	142.0000	Respond Naturally	Twizzlers	6.0000	6.0000	1.0000	4	1.0000	1.7797	0.1845	-0.2642	1.0000	0.5373	0.3463	-1.0000	0.3818	0.3897	-0.0079	1.1863
50.0000	143.0000	Respond Naturally	DriedApricots	2.0000	3.0000	5.0000	5	-1.0000	0.9407	0.1512	0.1889	2.0000	0.4536	0.3321	-1.0000	0.2264	0.2307	-0.0043	1.0249
50.0000	144.0000	Respond Naturally	YorkPeppermintPatties	2.0000	6.0000	1.0000	2	-1.0000	1.2937	0.2016	0.0571	2.0000	0.6889	0.3936	-1.0000	0.2965	0.2965	-0.0000	1.4235
50.0000	145.0000	Respond Naturally	Cheerios	5.0000	6.0000	3.0000	5	1.0000	0.8734	0.3191	-0.0580	0.0000	0.3191	0.1545	1.0000	0.1208	0.1208	-0.0000	0.2311
50.0000	146.0000	Respond Naturally	SevenGrain	2.0000	2.0000	3.0000	1	-1.0000	0.9739	0.1848	0.3811	1.0000	0.3189	0.2232	1.0000	0.1843	0.2470	-0.0626	0.6518
50.0000	147.0000	Respond Naturally	Reese	6.0000	5.0000	6.0000	4	1.0000	1.1927	0.5041	-0.3491	0.0000	0.5041	0.5472	1.0000	0.2947	0.3251	-0.0304	1.0047
50.0000	148.0000	Respond Naturally	RaisinBran	1.0000	5.0000	4.0000	7	-1.0000	1.7304	0.4705	0.4042	1.0000	0.6889	0.2283	1.0000	0.4555	0.4555	-0.0000	1.4436
50.0000	149.0000	Respond Naturally	MangoChunks	6.0000	6.0000	5.0000	5	-1.0000	1.3439	0.4200	0.3214	0.0000	0.4200	0.2334	-1.0000	0.1012	0.1221	-0.0209	0.3900
50.0000	150.0000	Respond Naturally	SkittlesSour	6.0000	5.0000	1.0000	6	1.0000	1.0918	0.3359	-0.6495	1.0000	0.5039	0.4089	-1.0000	0.2120	0.3105	-0.0985	1.0303
50.0000	151.0000	Focus on Health	MnMPeanuts	6.0000	5.0000	1.0000	4	-1.0000	2.2506	0.6549	0.0269	3.0000	1.7635	0.3233	1.0000	0.4933	0.4935	-0.0001	1.3125
50.0000	152.0000	Focus on Health	Raspberries	1.0000	6.0000	4.0000	4	-1.0000	0.9238	0.4703	0.0333	0.0000	0.4703	0.1803	-1.0000	0.1355	0.1355	-0.0000	0.2328
50.0000	153.0000	Focus on Health	Nutella	6.0000	5.0000	1.0000	4	-1.0000	1.0915	0.4867	0.0234	1.0000	0.6379	0.5205	1.0000	0.0980	0.1897	-0.0917	0.7224
50.0000	154.0000	Focus on Health	MnMPeanuts	5.0000	6.0000	1.0000	2	-1.0000	1.2598	0.4199	0.2343	0.0000	0.4199	0.1956	-1.0000	0.1043	0.1236	-0.0193	0.3962
50.0000	155.0000	Focus on Health	MangoChunks	6.0000	6.0000	3.0000	2	1.0000	1.4779	0.4200	0.0120	0.0000	0.4200	0.2204	1.0000	0.1614	0.1621	-0.0007	0.3275
50.0000	156.0000	Focus on Health	Prunes	5.0000	2.0000	4.0000	2	-1.0000	0.9577	0.4872	0.2018	0.0000	0.4872	0.2411	-1.0000	0.1561	0.1561	-0.0000	0.3330
50.0000	157.0000	Focus on Health	Tuna	1.0000	5.0000	6.0000	4	-1.0000	0.9405	0.4869	0.2823	0.0000	0.4869	0.1803	-1.0000	0.1540	0.1554	-0.0014	0.2979
50.0000	158.0000	Focus on Health	VanillaGreekYogurt	6.0000	5.0000	5.0000	4	1.0000	1.1087	0.3190	-0.1807	0.0000	0.3190	0.0987	1.0000	0.2195	0.2195	-0.0000	0.4036
50.0000	159.0000	Focus on Health	AlmondMilk	5.0000	5.0000	5.0000	2	-1.0000	1.3272	0.2521	0.4436	1.0000	0.4873	0.2034	1.0000	0.2112	0.2112	-0.0000	0.6439
50.0000	160.0000	Focus on Health	Skittles	6.0000	5.0000	6.0000	6	-1.0000	1.2766	0.3359	-0.0601	1.0000	0.5207	0.3352	1.0000	0.5393	0.5393	-0.0000	1.4350
50.0000	161.0000	Focus on Health	Cheetos	6.0000	5.0000	1.0000	6	-1.0000	1.1923	0.4367	0.1035	0.0000	0.4367	0.2600	-1.0000	0.0004	0.0217	-0.0212	0.1924
50.0000	162.0000	Focus on Health	CannedArtichoke	1.0000	6.0000	3.0000	5	-1.0000	1.2260	0.3696	0.3483	0.0000	0.3696	0.2198	-1.0000	0.0715	0.0715	-0.0000	0.2185
50.0000	163.0000	Focus on Health	DriedHerring	1.0000	5.0000	4.0000	3	-1.0000	0.9240	0.4201	0.4867	0.0000	0.4201	0.2139	-1.0000	0.0769	0.0769	-0.0000	0.1642
50.0000	164.0000	Focus on Health	PopTartStrawberry	6.0000	6.0000	1.0000	2	-1.0000	1.3098	0.4363	0.3150	0.0000	0.4363	0.1141	-1.0000	0.0652	0.0697	-0.0045	0.1857
50.0000	165.0000	Focus on Health	Doritos	6.0000	5.0000	1.0000	2	-1.0000	1.1424	0.1513	0.6690	2.0000	0.6889	0.4314	-1.0000	0.2005	0.2005	-0.0000	0.8873
50.0000	166.0000	Focus on Health	LaysClassic	6.0000	5.0000	2.0000	4	-1.0000	0.8900	0.4030	-0.0115	0.0000	0.4030	0.2137	-1.0000	0.1338	0.1504	-0.0165	0.2935
50.0000	167.0000	Focus on Health	ClifBar	6.0000	3.0000	2.0000	4	-1.0000	1.3607	0.2856	0.4038	0.0000	0.2856	0.0994	-1.0000	0.0216	0.0284	-0.0067	0.1062
50.0000	168.0000	Focus on Health	OatmealSquares	6.0000	5.0000	3.0000	7	-1.0000	1.1927	0.2522	0.7081	1.0000	0.4370	0.2677	1.0000	0.1404	0.1404	-0.0000	0.4121
50.0000	169.0000	Focus on Health	Fritos	6.0000	5.0000	1.0000	2	-1.0000	1.6127	0.7558	0.4545	0.0000	0.7558	0.0802	-1.0000	0.0994	0.1066	-0.0072	0.3078
50.0000	170.0000	Focus on Health	AllBranCereal	1.0000	5.0000	4.0000	6	-1.0000	1.0245	0.4366	0.2295	0.0000	0.4366	0.1648	-1.0000	0.1366	0.1366	-0.0000	0.2049
50.0000	171.0000	Respond Naturally	YorkPeppermintPatties	3.0000	2.0000	2.0000	4	-1.0000	4.6339	0.2688	0.2659	0.0000	0.2688	0.2545	-1.0000	0.0214	0.0346	-0.0132	0.2971
50.0000	172.0000	Respond Naturally	Cheetos	6.0000	6.0000	1.0000	3	1.0000	0.9574	0.2351	-0.2434	1.0000	0.4871	0.2758	-1.0000	0.2844	0.2844	-0.0000	1.2523
50.0000	173.0000	Respond Naturally	Cauliflower	6.0000	6.0000	5.0000	6	1.0000	1.0415	0.3360	-0.0731	0.0000	0.3360	0.1257	1.0000	0.2176	0.2176	-0.0000	0.4427
50.0000	174.0000	Respond Naturally	FrozenOkra	2.0000	5.0000	5.0000	5	-1.0000	1.1255	0.3693	-0.1618	1.0000	0.5542	0.4055	1.0000	0.1884	0.2761	-0.0877	0.9136
50.0000	175.0000	Respond Naturally	Onion	6.0000	5.0000	6.0000	4	1.0000	1.0582	0.3528	-0.2106	1.0000	0.5040	0.2356	-1.0000	0.4138	0.4143	-0.0005	0.9641
50.0000	176.0000	Respond Naturally	MnMPlain	6.0000	5.0000	1.0000	3	1.0000	1.1088	0.2856	-0.2722	0.0000	0.2856	0.1090	1.0000	0.1176	0.1219	-0.0042	0.3568
50.0000	177.0000	Respond Naturally	Prunes	1.0000	3.0000	2.0000	5	-1.0000	0.8906	0.1681	0.2379	1.0000	0.3529	0.3457	1.0000	0.3661	0.3682	-0.0021	1.2662
50.0000	178.0000	Respond Naturally	Orange	6.0000	5.0000	5.0000	5	1.0000	0.9911	0.2354	-0.3594	0.0000	0.2354	0.0890	1.0000	0.1876	0.1876	-0.0000	0.4052
50.0000	179.0000	Respond Naturally	Caramilk	6.0000	6.0000	1.0000	2	1.0000	0.7562	0.1849	-0.5160	0.0000	0.1849	0.1904	1.0000	0.1624	0.1624	-0.0000	0.4359
50.0000	180.0000	Respond Naturally	DriedApricots	6.0000	1.0000	4.0000	2	-1.0000	1.1089	0.2688	0.0154	1.0000	0.4704	0.3976	1.0000	0.2955	0.3365	-0.0410	1.1795
50.0000	181.0000	Focus on Health	Starburst	6.0000	5.0000	1.0000	3	-1.0000	0.9909	0.5038	0.1392	0.0000	0.5038	0.1657	-1.0000	0.0831	0.0837	-0.0007	0.1537
50.0000	182.0000	Focus on Health	GreenApple	6.0000	5.0000	6.0000	4	1.0000	1.4447	0.2520	-0.1697	3.0000	0.9744	0.2692	-1.0000	0.4936	0.4985	-0.0049	1.2881
50.0000	183.0000	Focus on Health	Tempeh	2.0000	2.0000	4.0000	2	-1.0000	1.5284	0.3358	-0.1331	0.0000	0.3358	0.3902	-1.0000	0.1372	0.1457	-0.0085	0.5482
50.0000	184.0000	Focus on Health	BabyFoodSweetPotatos	1.0000	1.0000	2.0000	5	-1.0000	1.0744	0.3858	0.2853	1.0000	0.5537	0.3534	1.0000	0.1917	0.2050	-0.0134	0.6929
50.0000	185.0000	Focus on Health	Mars	6.0000	5.0000	1.0000	4	-1.0000	1.3943	0.2353	0.1437	2.0000	0.7393	0.3796	-1.0000	0.6254	0.6256	-0.0002	1.6049
50.0000	186.0000	Focus on Health	GreenGrapes	2.0000	1.0000	3.0000	1	-1.0000	0.6888	0.2183	0.4741	0.0000	0.2183	0.1198	-1.0000	0.1263	0.1264	-0.0001	0.3150
50.0000	187.0000	Focus on Health	OikosYogurt	6.0000	6.0000	5.0000	6	1.0000	0.9908	0.3359	0.0063	1.0000	0.4871	0.2844	-1.0000	0.2036	0.2332	-0.0296	0.8636
50.0000	188.0000	Focus on Health	NatureValleyChocolate	6.0000	6.0000	3.0000	1	1.0000	1.1927	0.3025	-0.2825	1.0000	0.5545	0.4626	-1.0000	0.4837	0.4837	-0.0000	1.2187
50.0000	189.0000	Focus on Health	Shreddies	4.0000	5.0000	3.0000	5	1.0000	1.2599	0.3864	0.1456	0.0000	0.3864	0.4310	1.0000	0.0529	0.0912	-0.0383	0.2354
50.0000	190.0000	Focus on Health	AllBranBar	4.0000	6.0000	4.0000	3	-1.0000	1.3442	0.1681	0.2006	2.0000	0.6554	0.1760	-1.0000	0.1353	0.1353	-0.0000	0.3273
50.0000	191.0000	Respond Naturally	SevenGrain	2.0000	4.0000	3.0000	3	-1.0000	1.3437	0.2184	-0.2872	0.0000	0.2184	0.2586	-1.0000	0.0446	0.0890	-0.0444	0.2674
50.0000	192.0000	Respond Naturally	GreenGrapes	6.0000	6.0000	6.0000	4	1.0000	1.1426	0.1850	-0.2561	1.0000	0.5042	0.3996	-1.0000	0.4118	0.4326	-0.0208	1.3481
50.0000	193.0000	Respond Naturally	BabyFoodSweetPotatos	1.0000	2.0000	3.0000	2	-1.0000	0.8905	0.4033	0.5116	0.0000	0.4033	0.2385	-1.0000	0.1616	0.1616	-0.0000	0.3603
50.0000	194.0000	Respond Naturally	OatBran	2.0000	1.0000	4.0000	4	-1.0000	0.7728	0.3863	0.2019	0.0000	0.3863	0.1735	-1.0000	0.1725	0.1727	-0.0002	0.3626
50.0000	195.0000	Respond Naturally	Celery	6.0000	6.0000	5.0000	4	1.0000	1.1924	0.2518	-0.2674	1.0000	0.4870	0.3564	-1.0000	0.4833	0.5050	-0.0217	1.3594
50.0000	196.0000	Respond Naturally	GreenBeans	2.0000	3.0000	5.0000	2	-1.0000	0.7895	0.3192	0.3194	0.0000	0.3192	0.2142	-1.0000	0.0914	0.0914	-0.0000	0.2160
50.0000	197.0000	Respond Naturally	HoneyNutCheerios	6.0000	6.0000	3.0000	5	-1.0000	1.7977	0.1513	0.6665	2.0000	1.0251	0.3096	-1.0000	0.2493	0.3032	-0.0539	1.4772
50.0000	198.0000	Respond Naturally	GreenApple	6.0000	6.0000	6.0000	2	1.0000	1.1763	0.1513	-0.2616	1.0000	0.4034	0.4596	-1.0000	0.2902	0.3270	-0.0367	1.1544
50.0000	199.0000	Respond Naturally	Nutella	6.0000	6.0000	1.0000	1	1.0000	1.2931	0.3693	-0.5639	1.0000	0.6045	0.5307	-1.0000	0.2876	0.3243	-0.0367	1.1280
50.0000	200.0000	Respond Naturally	SkimMilk	4.0000	6.0000	5.0000	1	-1.0000	2.2333	0.3863	0.2452	1.0000	0.7221	0.1507	1.0000	0.2998	0.3009	-0.0011	0.4698
