Subject	Trial	Instruction	Food	Liking	Taste	Health	Amount	Choice	ChoiceRT	FirstDevTimeChoice	InitAngleChoice	NumChangeMindChoice	FinalDevTimeChoice	MaxVelocityChoice	DrxFirstDevChoice	TotalAUCChoice	AUCtoNonChosenChoice	AUCtoChosenChoice	MaxDevChoice
114.0000	1.0000	Focus on Health	SkimMilk	3.0000	3.0000	6.0000	1	-1.0000	0.8902	0.3861	-0.2229	0.0000	0.3861	0.2359	-1.0000	0.1090	0.1724	-0.0633	0.3718
114.0000	2.0000	Focus on Health	Smartfood	1.0000	3.0000	3.0000	2	-1.0000	0.9745	0.4203	0.1155	0.0000	0.4203	0.1989	-1.0000	0.2636	0.2636	-0.0000	0.4360
114.0000	3.0000	Focus on Health	Shreddies	2.0000	4.0000	3.0000	2	1.0000	0.9405	0.3695	0.0771	0.0000	0.3695	0.1726	1.0000	0.1504	0.1555	-0.0051	0.2795
114.0000	4.0000	Focus on Health	Mars	3.0000	3.0000	2.0000	4	-1.0000	0.8734	0.4031	-0.0655	0.0000	0.4031	0.2726	-1.0000	0.1417	0.1617	-0.0200	0.3178
114.0000	5.0000	Focus on Health	IceCreamVanilla	5.0000	5.0000	4.0000	4	1.0000	1.0413	0.4701	0.0104	0.0000	0.4701	0.3208	1.0000	0.0922	0.1225	-0.0303	0.4128
114.0000	6.0000	Focus on Health	Prunes	3.0000	4.0000	4.0000	2	-1.0000	0.8397	0.3862	-0.2437	0.0000	0.3862	0.2529	-1.0000	0.0953	0.0993	-0.0039	0.1817
114.0000	7.0000	Focus on Health	SlicedTurkey	2.0000	2.0000	4.0000	5	-1.0000	0.9737	0.5202	0.0659	0.0000	0.5202	0.2301	-1.0000	0.1276	0.1376	-0.0100	0.2313
114.0000	8.0000	Focus on Health	AllBranBar	4.0000	3.0000	4.0000	1	-1.0000	0.8898	0.3860	0.0443	0.0000	0.3860	0.2270	-1.0000	0.0587	0.0637	-0.0051	0.1437
114.0000	9.0000	Focus on Health	Cheetos	3.0000	4.0000	2.0000	3	1.0000	0.9907	0.3362	-0.2315	0.0000	0.3362	0.4760	1.0000	-0.0338	0.0176	-0.0514	-0.1871
114.0000	10.0000	Focus on Health	Twizzlers	2.0000	4.0000	1.0000	2	1.0000	1.2430	0.3357	0.0824	1.0000	0.5542	0.3358	-1.0000	0.4030	0.4321	-0.0291	1.3656
114.0000	11.0000	Respond Naturally	Starburst	5.0000	5.0000	3.0000	3	1.0000	0.7727	0.3360	0.1828	0.0000	0.3360	0.2870	1.0000	0.0908	0.1142	-0.0234	0.2207
114.0000	12.0000	Respond Naturally	GreenGrapes	6.0000	5.0000	5.0000	4	1.0000	0.9066	0.3355	0.2949	1.0000	0.4530	0.2907	-1.0000	0.1855	0.2035	-0.0179	1.0664
114.0000	13.0000	Respond Naturally	CornFlakes	6.0000	3.0000	3.0000	3	1.0000	0.9738	0.4700	-0.1391	0.0000	0.4700	0.2074	1.0000	0.0892	0.0895	-0.0003	0.2173
114.0000	14.0000	Respond Naturally	Caramilk	4.0000	4.0000	2.0000	2	-1.0000	0.8735	0.3862	-0.0494	0.0000	0.3862	0.2094	-1.0000	0.0835	0.0837	-0.0002	0.1593
114.0000	15.0000	Respond Naturally	RedPepper	5.0000	4.0000	6.0000	5	1.0000	0.8900	0.4366	-0.0095	0.0000	0.4366	0.2763	1.0000	0.0670	0.1117	-0.0446	0.2139
114.0000	16.0000	Respond Naturally	HoneyNutCheerios	4.0000	3.0000	3.0000	5	-1.0000	0.9402	0.5034	-0.0475	0.0000	0.5034	0.3487	-1.0000	0.0770	0.0770	-0.0000	0.1262
114.0000	17.0000	Respond Naturally	MnMPlain	3.0000	3.0000	4.0000	3	1.0000	0.7055	0.3359	0.0653	0.0000	0.3359	0.2338	1.0000	0.1445	0.1453	-0.0008	0.2617
114.0000	18.0000	Respond Naturally	Smarties	3.0000	3.0000	1.0000	2	1.0000	0.8394	0.3524	0.1151	0.0000	0.3524	0.2387	1.0000	0.0690	0.0709	-0.0019	0.1571
114.0000	19.0000	Respond Naturally	CannedArtichoke	2.0000	1.0000	5.0000	5	-1.0000	1.0753	0.4033	-0.0536	0.0000	0.4033	0.2579	-1.0000	0.0657	0.0816	-0.0158	0.2857
114.0000	20.0000	Respond Naturally	RufflesSourCreamOnion	5.0000	5.0000	2.0000	5	1.0000	0.8228	0.3694	0.1173	0.0000	0.3694	0.3467	1.0000	0.0849	0.0887	-0.0038	0.1724
114.0000	21.0000	Respond Naturally	BBQCrisps	4.0000	3.0000	2.0000	6	-1.0000	1.1427	0.4196	-0.0855	1.0000	0.5708	0.2232	1.0000	0.2102	0.2102	-0.0000	0.5673
114.0000	22.0000	Respond Naturally	Onion	2.0000	2.0000	4.0000	4	-1.0000	1.0074	0.4531	-0.0123	0.0000	0.4531	0.1877	-1.0000	0.1617	0.1617	-0.0000	0.3126
114.0000	23.0000	Respond Naturally	SkittlesSour	5.0000	5.0000	1.0000	3	1.0000	0.8731	0.4197	0.2567	0.0000	0.4197	0.2671	1.0000	0.0214	0.0663	-0.0449	-0.1718
114.0000	24.0000	Respond Naturally	Reese	4.0000	5.0000	2.0000	4	1.0000	1.0242	0.4699	0.1365	0.0000	0.4699	0.2210	1.0000	0.0930	0.0985	-0.0055	0.3438
114.0000	25.0000	Respond Naturally	WelchsFruitSnacks	5.0000	6.0000	3.0000	3	-1.0000	1.2090	0.5036	-0.0519	0.0000	0.5036	0.1895	-1.0000	0.0611	0.0684	-0.0073	0.1319
114.0000	26.0000	Respond Naturally	Fritos	4.0000	3.0000	2.0000	2	1.0000	1.2762	0.6042	0.0000	1.0000	0.7386	0.1546	-1.0000	0.2360	0.2439	-0.0080	0.7171
114.0000	27.0000	Respond Naturally	Doritos	4.0000	5.0000	2.0000	2	1.0000	1.1589	0.3525	0.0369	1.0000	0.7052	0.3942	-1.0000	0.2836	0.2934	-0.0098	1.2164
114.0000	28.0000	Respond Naturally	Bananas	5.0000	5.0000	6.0000	2	1.0000	0.9737	0.4865	0.2153	0.0000	0.4865	0.2212	1.0000	0.0255	0.0539	-0.0284	-0.1355
114.0000	29.0000	Respond Naturally	FrozenOkra	5.0000	2.0000	5.0000	5	-1.0000	0.9403	0.3694	-0.0865	0.0000	0.3694	0.2226	-1.0000	0.1082	0.1091	-0.0009	0.2254
114.0000	30.0000	Respond Naturally	GreenBeans	4.0000	3.0000	5.0000	2	1.0000	1.2265	0.3698	0.0000	1.0000	0.7392	0.4484	-1.0000	0.2787	0.3216	-0.0429	1.1679
114.0000	31.0000	Focus on Health	VanillaGreekYogurt	4.0000	3.0000	4.0000	4	1.0000	0.8561	0.4530	0.0021	0.0000	0.4530	0.3264	1.0000	0.1034	0.1083	-0.0048	0.1857
114.0000	32.0000	Focus on Health	RitzCrackers	3.0000	3.0000	3.0000	2	1.0000	0.8899	0.4196	0.0738	0.0000	0.4196	0.3704	1.0000	0.0128	0.0705	-0.0577	-0.2358
114.0000	33.0000	Focus on Health	Almonds	3.0000	5.0000	2.0000	4	1.0000	1.2595	0.4365	-0.0665	1.0000	0.6549	0.4529	-1.0000	0.4414	0.4419	-0.0005	1.3750
114.0000	34.0000	Focus on Health	FrozenBlueberries	5.0000	4.0000	4.0000	3	-1.0000	1.2927	0.4029	-0.1746	0.0000	0.4029	0.2403	-1.0000	0.1178	0.1307	-0.0129	0.3739
114.0000	35.0000	Focus on Health	Spinach	5.0000	4.0000	5.0000	2	1.0000	0.8733	0.4366	0.0177	0.0000	0.4366	0.3561	1.0000	0.1060	0.1146	-0.0085	0.2035
114.0000	36.0000	Focus on Health	PureFit	3.0000	4.0000	3.0000	4	-1.0000	1.0751	0.3696	-0.2630	0.0000	0.3696	0.2775	-1.0000	0.2067	0.2067	-0.0000	0.3601
114.0000	37.0000	Focus on Health	PCChipCookie	5.0000	4.0000	2.0000	5	1.0000	0.9072	0.3694	0.0000	0.0000	0.3694	0.1765	1.0000	0.1228	0.1228	-0.0000	0.2372
114.0000	38.0000	Focus on Health	Bananas	5.0000	5.0000	6.0000	3	-1.0000	1.4105	0.4029	0.1427	2.0000	0.7556	0.3266	-1.0000	0.0468	0.1040	-0.0572	-0.4530
114.0000	39.0000	Focus on Health	Aero	3.0000	2.0000	2.0000	3	-1.0000	1.1419	0.6044	0.0763	0.0000	0.6044	0.2339	-1.0000	0.2999	0.2999	-0.0000	0.4324
114.0000	40.0000	Focus on Health	FrozenBroccoli	4.0000	3.0000	5.0000	6	-1.0000	1.4949	0.3526	0.0351	1.0000	0.9573	0.3102	1.0000	0.5810	0.5810	-0.0000	1.1874
114.0000	41.0000	Focus on Health	EnglishCucumber	5.0000	5.0000	4.0000	5	-1.0000	1.0080	0.1849	-0.1852	2.0000	0.6384	0.4604	-1.0000	0.1357	0.1814	-0.0458	0.5247
114.0000	42.0000	Focus on Health	MnMPlain	3.0000	3.0000	1.0000	5	-1.0000	1.0919	0.2855	-0.0168	1.0000	0.4368	0.3397	1.0000	0.3631	0.3857	-0.0226	1.3638
114.0000	43.0000	Focus on Health	FrootLoops	4.0000	4.0000	2.0000	6	-1.0000	0.9573	0.3694	-0.0172	1.0000	0.4870	0.2826	1.0000	0.1221	0.1657	-0.0435	0.4697
114.0000	44.0000	Focus on Health	AppleChips	3.0000	3.0000	3.0000	5	1.0000	1.0915	0.4700	-0.1738	0.0000	0.4700	0.2695	1.0000	0.3168	0.3168	-0.0000	0.6017
114.0000	45.0000	Focus on Health	OatmealSquares	2.0000	2.0000	5.0000	7	-1.0000	1.1757	0.4030	0.2144	0.0000	0.4030	0.3656	-1.0000	0.1451	0.1451	-0.0000	0.2701
114.0000	46.0000	Focus on Health	TofuDessert	1.0000	4.0000	3.0000	2	-1.0000	0.9236	0.5541	0.0031	0.0000	0.5541	0.2254	-1.0000	0.2065	0.2083	-0.0018	0.3394
114.0000	47.0000	Focus on Health	OatBran	2.0000	2.0000	5.0000	4	-1.0000	0.8229	0.3689	-0.0000	0.0000	0.3689	0.2709	-1.0000	0.1280	0.1280	-0.0000	0.2230
114.0000	48.0000	Focus on Health	WaterChestnuts	2.0000	1.0000	4.0000	5	-1.0000	0.8733	0.3526	0.2114	0.0000	0.3526	0.2348	-1.0000	0.0512	0.0691	-0.0179	0.2517
114.0000	49.0000	Focus on Health	BabyFoodSweetPotatos	1.0000	2.0000	4.0000	2	-1.0000	0.9572	0.4365	0.1075	0.0000	0.4365	0.3694	-1.0000	0.1663	0.1663	-0.0000	0.2960
114.0000	50.0000	Focus on Health	Almonds	2.0000	4.0000	4.0000	2	1.0000	0.8230	0.3862	-0.0977	0.0000	0.3862	0.3190	1.0000	0.1364	0.1436	-0.0072	0.2582
114.0000	51.0000	Respond Naturally	FrozenPeas	3.0000	3.0000	4.0000	6	-1.0000	0.6881	0.3522	0.0090	0.0000	0.3522	0.3758	-1.0000	0.1141	0.1141	-0.0000	0.1913
114.0000	52.0000	Respond Naturally	FrozenCorn	4.0000	6.0000	4.0000	4	-1.0000	0.9067	0.4030	0.0461	0.0000	0.4030	0.3400	-1.0000	0.1058	0.1058	-0.0000	0.2335
114.0000	53.0000	Respond Naturally	Triscuit	4.0000	3.0000	3.0000	5	-1.0000	0.9406	0.4700	0.1030	0.0000	0.4700	0.2653	-1.0000	0.0770	0.0770	-0.0000	0.2288
114.0000	54.0000	Respond Naturally	RiceKrispiesCereal	5.0000	3.0000	3.0000	7	-1.0000	0.8563	0.4532	0.1471	0.0000	0.4532	0.1948	-1.0000	0.0992	0.0998	-0.0005	0.2610
114.0000	55.0000	Respond Naturally	FrozenBroccoli	4.0000	4.0000	5.0000	2	1.0000	0.8062	0.3694	-0.1267	0.0000	0.3694	0.2264	1.0000	0.1966	0.1966	-0.0000	0.3341
114.0000	56.0000	Respond Naturally	GreenApple	4.0000	4.0000	6.0000	2	1.0000	1.0587	0.3360	-0.1361	1.0000	0.5547	0.3032	-1.0000	0.5210	0.5222	-0.0012	1.5854
114.0000	57.0000	Respond Naturally	CheeseNips	4.0000	2.0000	2.0000	5	-1.0000	0.6881	0.3521	0.1009	0.0000	0.3521	0.2658	-1.0000	0.2633	0.2633	-0.0000	0.4335
114.0000	58.0000	Respond Naturally	Caramilk	3.0000	3.0000	1.0000	5	-1.0000	0.8060	0.3693	0.0029	0.0000	0.3693	0.2851	-1.0000	0.1580	0.1714	-0.0134	0.3135
114.0000	59.0000	Respond Naturally	DriedApricots	3.0000	4.0000	4.0000	2	1.0000	0.7892	0.4029	0.0676	0.0000	0.4029	0.2112	1.0000	0.2366	0.2366	-0.0000	0.3991
114.0000	60.0000	Respond Naturally	Tuna	3.0000	3.0000	5.0000	2	-1.0000	0.9400	0.4698	-0.0031	0.0000	0.4698	0.2273	-1.0000	0.2597	0.2611	-0.0013	0.4801
114.0000	61.0000	Respond Naturally	AllBranCereal	3.0000	2.0000	4.0000	2	1.0000	1.1081	0.5874	-0.2237	0.0000	0.5874	0.2986	1.0000	0.1843	0.2129	-0.0286	0.3724
114.0000	62.0000	Respond Naturally	Butternut	2.0000	6.0000	4.0000	7	-1.0000	0.8062	0.3189	0.1177	0.0000	0.3189	0.3821	-1.0000	0.0384	0.0931	-0.0547	-0.2294
114.0000	63.0000	Respond Naturally	ClamJuice	1.0000	1.0000	3.0000	1	-1.0000	1.2761	0.4866	0.0653	0.0000	0.4866	0.2129	-1.0000	0.1024	0.1032	-0.0008	0.3262
114.0000	64.0000	Respond Naturally	Reese	4.0000	3.0000	2.0000	1	1.0000	0.9065	0.3522	0.0667	0.0000	0.3522	0.2094	1.0000	0.1546	0.1774	-0.0228	0.6133
114.0000	65.0000	Respond Naturally	FrozenOkra	5.0000	4.0000	5.0000	2	-1.0000	0.8230	0.3525	0.0445	0.0000	0.3525	0.1994	-1.0000	0.1263	0.1263	-0.0000	0.2177
114.0000	66.0000	Respond Naturally	Cauliflower	4.0000	3.0000	4.0000	2	-1.0000	1.0415	0.3527	-0.0116	1.0000	0.4703	0.2807	1.0000	0.1667	0.1911	-0.0243	0.6340
114.0000	67.0000	Respond Naturally	Tempeh	2.0000	1.0000	2.0000	4	-1.0000	0.9570	0.4700	0.0985	0.0000	0.4700	0.2690	-1.0000	0.0416	0.0800	-0.0384	0.1642
114.0000	68.0000	Respond Naturally	Nutella	6.0000	6.0000	4.0000	1	1.0000	0.8397	0.4700	0.1118	0.0000	0.4700	0.2704	1.0000	0.1980	0.2150	-0.0170	0.4312
114.0000	69.0000	Respond Naturally	PopTartStrawberry	1.0000	3.0000	2.0000	5	-1.0000	1.0243	0.4034	-0.1203	0.0000	0.4034	0.1630	-1.0000	0.1815	0.1822	-0.0006	0.2980
114.0000	70.0000	Respond Naturally	GreenGrapes	3.0000	4.0000	4.0000	1	-1.0000	1.5957	0.3692	-0.0000	2.0000	0.9237	0.2947	-1.0000	0.4725	0.4725	-0.0000	1.3105
114.0000	71.0000	Focus on Health	DriedHerring	1.0000	3.0000	3.0000	1	-1.0000	1.1256	0.3357	-0.2514	2.0000	0.7222	0.3748	-1.0000	0.5390	0.5390	-0.0000	1.4514
114.0000	72.0000	Focus on Health	Avocado	5.0000	4.0000	5.0000	2	1.0000	0.8903	0.3190	-0.0062	0.0000	0.3190	0.3600	1.0000	-0.0688	0.0342	-0.1030	-0.3627
114.0000	73.0000	Focus on Health	OikosYogurt	5.0000	5.0000	4.0000	3	1.0000	1.0079	0.3526	-0.0096	0.0000	0.3526	0.1131	1.0000	0.1463	0.1463	-0.0001	0.2684
114.0000	74.0000	Focus on Health	Prunes	3.0000	2.0000	5.0000	5	-1.0000	0.8060	0.3693	0.1133	0.0000	0.3693	0.2070	-1.0000	0.1872	0.1872	-0.0000	0.3265
114.0000	75.0000	Focus on Health	PopTartStrawberry	1.0000	3.0000	1.0000	2	-1.0000	1.2595	0.4532	-0.2614	1.0000	0.6044	0.2584	1.0000	0.2248	0.2248	-0.0000	0.9878
114.0000	76.0000	Focus on Health	Strawberries	5.0000	6.0000	6.0000	2	1.0000	0.8396	0.4365	-0.1086	0.0000	0.4365	0.2447	1.0000	0.0896	0.0896	-0.0000	0.1890
114.0000	77.0000	Focus on Health	MnMPeanuts	3.0000	3.0000	1.0000	4	-1.0000	0.9576	0.3192	-0.0000	0.0000	0.3192	0.2264	-1.0000	0.0711	0.0711	-0.0000	0.1723
114.0000	78.0000	Focus on Health	RomaineLettuce	5.0000	4.0000	5.0000	4	1.0000	1.0074	0.3693	0.1562	0.0000	0.3693	0.3004	1.0000	0.0789	0.0950	-0.0161	0.2041
114.0000	79.0000	Focus on Health	SkimMilk	2.0000	2.0000	6.0000	4	-1.0000	0.8058	0.3021	-0.0763	0.0000	0.3021	0.3076	-1.0000	0.1533	0.1533	-0.0000	0.2971
114.0000	80.0000	Focus on Health	Nutella	5.0000	5.0000	1.0000	4	-1.0000	1.3267	0.3526	-0.1199	1.0000	0.6885	0.2771	1.0000	0.4862	0.4862	-0.0000	1.3123
114.0000	81.0000	Focus on Health	SunChips	3.0000	3.0000	2.0000	2	-1.0000	0.9406	0.3865	-0.1241	0.0000	0.3865	0.3015	-1.0000	0.2125	0.2232	-0.0106	0.4734
114.0000	82.0000	Focus on Health	Aero	3.0000	3.0000	2.0000	1	1.0000	1.0248	0.5039	-0.0434	0.0000	0.5039	0.3970	1.0000	0.1103	0.1438	-0.0335	0.3204
114.0000	83.0000	Focus on Health	MangoChunks	5.0000	5.0000	5.0000	2	1.0000	0.9911	0.3863	0.2173	0.0000	0.3863	0.1645	1.0000	0.0471	0.0537	-0.0067	0.1203
114.0000	84.0000	Focus on Health	PCChipCookie	3.0000	4.0000	2.0000	2	-1.0000	1.0747	0.3693	-0.0318	2.0000	0.6044	0.2855	-1.0000	0.1792	0.1792	-0.0000	0.8086
114.0000	85.0000	Focus on Health	SevenGrain	3.0000	2.0000	4.0000	3	-1.0000	0.9066	0.4532	-0.1020	0.0000	0.4532	0.1781	-1.0000	0.1542	0.1542	-0.0000	0.2258
114.0000	86.0000	Focus on Health	ProMax	3.0000	2.0000	2.0000	4	-1.0000	0.9738	0.4530	-0.0730	0.0000	0.4530	0.2366	-1.0000	0.1456	0.1456	-0.0000	0.2157
114.0000	87.0000	Focus on Health	BBQCrisps	3.0000	2.0000	4.0000	2	1.0000	0.8059	0.4197	0.0000	0.0000	0.4197	0.2798	1.0000	0.1211	0.1216	-0.0005	0.2627
114.0000	88.0000	Focus on Health	Skittles	6.0000	6.0000	2.0000	6	1.0000	0.8397	0.4030	0.1100	0.0000	0.4030	0.2572	1.0000	0.1973	0.1974	-0.0001	0.3375
114.0000	89.0000	Focus on Health	CornFlakes	4.0000	3.0000	3.0000	6	-1.0000	0.9071	0.3525	-0.0340	0.0000	0.3525	0.2045	-1.0000	0.1357	0.1357	-0.0000	0.2855
114.0000	90.0000	Focus on Health	GreenPepper	6.0000	6.0000	5.0000	6	1.0000	1.2927	0.4195	-0.0121	1.0000	0.7217	0.4177	-1.0000	0.4832	0.4832	-0.0000	1.7067
114.0000	91.0000	Respond Naturally	RaisinBran	2.0000	2.0000	2.0000	7	-1.0000	1.1249	0.3693	-0.0000	0.0000	0.3693	0.2951	-1.0000	0.0391	0.0391	-0.0000	0.1840
114.0000	92.0000	Respond Naturally	BrusselsSprouts	2.0000	2.0000	4.0000	2	-1.0000	0.8899	0.4196	-0.2628	0.0000	0.4196	0.2728	-1.0000	0.1285	0.1285	-0.0000	0.2326
114.0000	93.0000	Respond Naturally	RitzCrackers	4.0000	5.0000	3.0000	5	-1.0000	1.4273	0.4532	0.1858	1.0000	0.7386	0.3488	1.0000	0.4502	0.4502	-0.0000	1.2021
114.0000	94.0000	Respond Naturally	Broccoli	6.0000	5.0000	5.0000	4	1.0000	1.0075	0.4364	-0.0047	0.0000	0.4364	0.2345	1.0000	0.2428	0.2438	-0.0010	0.6906
114.0000	95.0000	Respond Naturally	Snickers	5.0000	5.0000	3.0000	2	1.0000	1.1763	0.3526	-0.0659	1.0000	0.5207	0.4227	-1.0000	0.3212	0.3212	-0.0000	1.2636
114.0000	96.0000	Respond Naturally	OatBran	2.0000	4.0000	5.0000	2	-1.0000	1.2591	0.4195	-0.0207	0.0000	0.4195	0.1996	-1.0000	0.1381	0.1381	-0.0000	0.3376
114.0000	97.0000	Respond Naturally	CoffeeCrisp	4.0000	3.0000	2.0000	3	-1.0000	0.9745	0.3527	0.0960	0.0000	0.3527	0.3096	-1.0000	0.0282	0.0282	-0.0000	0.1124
114.0000	98.0000	Respond Naturally	Celery	2.0000	5.0000	6.0000	4	-1.0000	0.8070	0.1345	0.0461	0.0000	0.1345	0.2445	-1.0000	-0.0333	0.0440	-0.0773	-0.2473
114.0000	99.0000	Respond Naturally	WelchsFruitSnacks	5.0000	5.0000	2.0000	1	-1.0000	0.8906	0.3358	0.2167	0.0000	0.3358	0.2766	-1.0000	0.1066	0.1066	-0.0000	0.2113
114.0000	100.0000	Respond Naturally	Mackerel	1.0000	1.0000	3.0000	1	-1.0000	0.9236	0.5036	-0.0000	0.0000	0.5036	0.2028	-1.0000	0.1434	0.1442	-0.0008	0.2180
114.0000	101.0000	Focus on Health	Avocado	5.0000	5.0000	6.0000	5	-1.0000	1.4613	0.3021	0.0219	1.0000	0.4532	0.4157	1.0000	0.7924	0.7924	-0.0000	1.5385
114.0000	102.0000	Focus on Health	Pringles	5.0000	6.0000	2.0000	5	-1.0000	0.8060	0.3356	-0.0362	0.0000	0.3356	0.2575	-1.0000	0.1671	0.1672	-0.0001	0.3135
114.0000	103.0000	Focus on Health	Mentos	6.0000	6.0000	2.0000	5	1.0000	0.8063	0.4365	-0.0387	0.0000	0.4365	0.2327	1.0000	0.1720	0.1743	-0.0023	0.2876
114.0000	104.0000	Focus on Health	DriedApricots	4.0000	6.0000	5.0000	5	-1.0000	0.7894	0.3526	-0.1291	0.0000	0.3526	0.2549	-1.0000	0.1898	0.1898	-0.0000	0.3194
114.0000	105.0000	Focus on Health	ClamJuice	1.0000	1.0000	3.0000	3	-1.0000	0.9741	0.4364	-0.0000	0.0000	0.4364	0.2653	-1.0000	0.2429	0.2430	-0.0000	0.3844
114.0000	106.0000	Focus on Health	SkittlesSour	6.0000	6.0000	1.0000	6	1.0000	1.4110	0.3190	0.0095	2.0000	0.9406	0.5510	1.0000	0.3910	0.3911	-0.0001	1.4900
114.0000	107.0000	Focus on Health	ClifBar	3.0000	3.0000	3.0000	4	-1.0000	0.7556	0.3022	0.1072	0.0000	0.3022	0.2138	-1.0000	0.0890	0.0918	-0.0029	0.1833
114.0000	108.0000	Focus on Health	VanillaGreekYogurt	4.0000	5.0000	4.0000	2	1.0000	1.0411	0.4868	-0.1330	0.0000	0.4868	0.3821	1.0000	0.1473	0.2015	-0.0542	0.3940
114.0000	109.0000	Focus on Health	Starburst	5.0000	5.0000	2.0000	6	-1.0000	1.4612	0.3694	0.1031	1.0000	0.7893	0.2696	1.0000	0.5590	0.5590	-0.0000	1.4101
114.0000	110.0000	Focus on Health	GreenPepper	5.0000	6.0000	6.0000	2	1.0000	1.4443	0.3358	-0.0409	2.0000	0.6717	0.2550	1.0000	0.1976	0.1976	-0.0000	0.7402
114.0000	111.0000	Respond Naturally	FrozenCorn	3.0000	4.0000	5.0000	2	-1.0000	1.4777	0.3692	-0.0098	2.0000	0.9068	0.3153	-1.0000	0.1168	0.1284	-0.0117	0.5917
114.0000	112.0000	Respond Naturally	Raspberries	5.0000	5.0000	5.0000	4	1.0000	0.9236	0.4532	0.0000	0.0000	0.4532	0.2350	1.0000	0.1125	0.1125	-0.0000	0.1872
114.0000	113.0000	Respond Naturally	SlicedTurkey	2.0000	2.0000	4.0000	2	-1.0000	0.9068	0.4868	0.0379	0.0000	0.4868	0.2296	-1.0000	0.1598	0.1626	-0.0028	0.2676
114.0000	114.0000	Respond Naturally	Cheetos	2.0000	5.0000	2.0000	6	-1.0000	0.7892	0.3861	0.0194	0.0000	0.3861	0.2063	-1.0000	0.0457	0.0507	-0.0050	0.1456
114.0000	115.0000	Respond Naturally	Snickers	5.0000	6.0000	3.0000	3	1.0000	0.8896	0.4195	0.0109	0.0000	0.4195	0.2816	1.0000	0.0684	0.0710	-0.0026	0.2294
114.0000	116.0000	Respond Naturally	Cauliflower	4.0000	4.0000	5.0000	6	-1.0000	0.7222	0.2352	-0.0976	0.0000	0.2352	0.2061	-1.0000	0.0832	0.0832	-0.0000	0.1680
114.0000	117.0000	Respond Naturally	NatureValleyChocolate	5.0000	2.0000	4.0000	1	1.0000	0.8723	0.2515	-0.0177	1.0000	0.4696	0.2554	-1.0000	0.2780	0.2780	-0.0000	0.7504
114.0000	118.0000	Respond Naturally	AlmondMilk	1.0000	2.0000	4.0000	4	-1.0000	0.8391	0.3185	-0.0065	0.0000	0.3185	0.4053	-1.0000	0.1181	0.1667	-0.0486	0.4052
114.0000	119.0000	Respond Naturally	DriedHerring	1.0000	1.0000	3.0000	3	-1.0000	0.8558	0.3189	-0.0000	0.0000	0.3189	0.2072	-1.0000	0.1126	0.1276	-0.0150	0.2855
114.0000	120.0000	Respond Naturally	IceCreamChocolate	5.0000	5.0000	3.0000	4	-1.0000	0.9226	0.4027	-0.0000	0.0000	0.4027	0.3299	-1.0000	0.0352	0.1229	-0.0877	-0.3694
114.0000	121.0000	Respond Naturally	SpeltCakes	1.0000	4.0000	3.0000	5	-1.0000	0.7877	0.3350	0.2950	0.0000	0.3350	0.2626	-1.0000	0.0706	0.0841	-0.0135	0.1946
114.0000	122.0000	Respond Naturally	KashiBars	3.0000	4.0000	5.0000	1	1.0000	1.0070	0.5708	-0.0062	0.0000	0.5708	0.2467	1.0000	0.2520	0.2651	-0.0131	0.4494
114.0000	123.0000	Respond Naturally	Beets	4.0000	3.0000	4.0000	2	-1.0000	0.8227	0.3523	-0.0964	0.0000	0.3523	0.1865	-1.0000	0.1649	0.1649	-0.0000	0.2818
114.0000	124.0000	Respond Naturally	AllBranCereal	3.0000	2.0000	4.0000	6	-1.0000	0.7893	0.3693	-0.0814	0.0000	0.3693	0.3075	-1.0000	0.0950	0.0950	-0.0000	0.2444
114.0000	125.0000	Respond Naturally	BabyFoodSweetPotatos	1.0000	2.0000	2.0000	5	-1.0000	0.7390	0.3358	0.1123	0.0000	0.3358	0.2109	-1.0000	0.0589	0.0589	-0.0000	0.1908
114.0000	126.0000	Respond Naturally	WaterChestnuts	1.0000	2.0000	4.0000	3	-1.0000	0.8060	0.3692	-0.0000	0.0000	0.3692	0.2078	-1.0000	0.1027	0.1027	-0.0000	0.3225
114.0000	127.0000	Respond Naturally	MnMPeanuts	3.0000	4.0000	2.0000	2	1.0000	0.9070	0.4366	0.3278	0.0000	0.4366	0.1600	1.0000	0.0599	0.0657	-0.0059	0.1907
114.0000	128.0000	Respond Naturally	OikosYogurt	5.0000	6.0000	3.0000	6	-1.0000	1.3603	0.2686	0.0104	0.0000	0.2686	0.1820	-1.0000	0.0667	0.0667	-0.0000	0.2458
114.0000	129.0000	Respond Naturally	EnglishCucumber	5.0000	2.0000	6.0000	2	-1.0000	0.7561	0.3866	0.0422	0.0000	0.3866	0.2253	-1.0000	0.2493	0.2499	-0.0006	0.4244
114.0000	130.0000	Respond Naturally	BrusselsSprouts	3.0000	2.0000	6.0000	4	-1.0000	0.8226	0.4194	0.0383	0.0000	0.4194	0.2413	-1.0000	0.0841	0.0957	-0.0116	0.1788
114.0000	131.0000	Focus on Health	RiceKrispiesCereal	4.0000	4.0000	3.0000	3	-1.0000	1.1419	0.4363	0.1610	1.0000	0.6211	0.1573	1.0000	0.2438	0.2438	-0.0000	0.5333
114.0000	132.0000	Focus on Health	Triscuit	4.0000	3.0000	3.0000	2	1.0000	0.8901	0.4030	-0.1269	0.0000	0.4030	0.3639	1.0000	0.1053	0.1162	-0.0108	0.2285
114.0000	133.0000	Focus on Health	TofuDessert	2.0000	4.0000	4.0000	4	-1.0000	0.7053	0.3190	0.1640	0.0000	0.3190	0.2425	-1.0000	0.1420	0.1420	-0.0000	0.2364
114.0000	134.0000	Focus on Health	FrozenPeaches	6.0000	5.0000	5.0000	2	1.0000	0.8734	0.3023	0.0000	0.0000	0.3023	0.3819	1.0000	0.1115	0.1293	-0.0178	0.7727
114.0000	135.0000	Focus on Health	AppleChips	3.0000	4.0000	3.0000	2	1.0000	0.9741	0.4533	-0.0148	0.0000	0.4533	0.2469	1.0000	0.0993	0.1109	-0.0116	0.2363
114.0000	136.0000	Focus on Health	CheeseNips	4.0000	4.0000	3.0000	2	-1.0000	0.9572	0.5373	0.0341	0.0000	0.5373	0.2166	-1.0000	0.1809	0.1847	-0.0038	0.3573
114.0000	137.0000	Focus on Health	PureFit	3.0000	4.0000	2.0000	2	-1.0000	0.9069	0.3357	-0.0000	0.0000	0.3357	0.2131	-1.0000	0.1514	0.1514	-0.0000	0.3455
114.0000	138.0000	Focus on Health	FrootLoops	4.0000	3.0000	3.0000	2	1.0000	0.8397	0.3693	-0.0735	0.0000	0.3693	0.2577	1.0000	0.1560	0.1560	-0.0000	0.2475
114.0000	139.0000	Focus on Health	Skittles	6.0000	5.0000	1.0000	3	1.0000	0.7891	0.3694	-0.0827	0.0000	0.3694	0.2087	1.0000	0.1121	0.1122	-0.0001	0.2403
114.0000	140.0000	Focus on Health	Strawberries	4.0000	6.0000	5.0000	3	-1.0000	2.0994	0.2853	0.0223	2.0000	1.3772	0.3349	-1.0000	0.1347	0.1450	-0.0103	0.4604
114.0000	141.0000	Focus on Health	ProMax	2.0000	4.0000	2.0000	2	-1.0000	0.8565	0.4029	0.0147	0.0000	0.4029	0.1783	-1.0000	0.1003	0.1003	-0.0001	0.1693
114.0000	142.0000	Focus on Health	IceCreamChocolate	5.0000	5.0000	2.0000	1	1.0000	0.8397	0.3693	-0.2159	0.0000	0.3693	0.1989	1.0000	0.0819	0.0819	-0.0000	0.1907
114.0000	143.0000	Focus on Health	Cheerios	5.0000	4.0000	3.0000	5	-1.0000	0.6551	0.2854	-0.0000	0.0000	0.2854	0.2165	-1.0000	0.0545	0.0545	-0.0000	0.1464
114.0000	144.0000	Focus on Health	Spinach	4.0000	3.0000	6.0000	4	1.0000	0.7894	0.2686	0.0655	0.0000	0.2686	0.1800	1.0000	0.0413	0.0413	-0.0000	0.1004
114.0000	145.0000	Focus on Health	LaysClassic	3.0000	4.0000	3.0000	3	-1.0000	0.7893	0.3190	-0.2943	0.0000	0.3190	0.2411	-1.0000	0.2677	0.2677	-0.0000	0.4595
114.0000	146.0000	Focus on Health	Orange	6.0000	6.0000	5.0000	1	1.0000	0.8229	0.3525	0.0771	0.0000	0.3525	0.1780	1.0000	0.1478	0.1478	-0.0000	0.4514
114.0000	147.0000	Focus on Health	Tempeh	3.0000	2.0000	2.0000	2	-1.0000	1.4105	0.3020	-0.3618	1.0000	0.4363	0.2895	1.0000	0.1794	0.1969	-0.0174	1.0411
114.0000	148.0000	Focus on Health	CoffeeCrisp	4.0000	3.0000	1.0000	1	-1.0000	0.7725	0.3189	-0.0000	0.0000	0.3189	0.1828	-1.0000	0.0209	0.0211	-0.0002	0.0780
114.0000	149.0000	Focus on Health	Fritos	3.0000	3.0000	3.0000	5	-1.0000	1.1082	0.3861	-0.0989	0.0000	0.3861	0.1771	-1.0000	0.1298	0.1298	-0.0000	0.2941
114.0000	150.0000	Focus on Health	Asparagus	1.0000	2.0000	5.0000	6	-1.0000	0.8230	0.3693	0.0013	0.0000	0.3693	0.1902	-1.0000	0.0769	0.0798	-0.0029	0.1514
114.0000	151.0000	Respond Naturally	Tuna	3.0000	4.0000	4.0000	4	-1.0000	0.7725	0.3358	-0.1345	0.0000	0.3358	0.2026	-1.0000	0.0683	0.0683	-0.0000	0.1560
114.0000	152.0000	Respond Naturally	RomaineLettuce	5.0000	4.0000	6.0000	2	1.0000	1.1085	0.3021	0.1030	1.0000	0.5206	0.3649	-1.0000	0.3645	0.3888	-0.0243	1.6306
114.0000	153.0000	Respond Naturally	BabyFoodCarrots	2.0000	1.0000	4.0000	5	-1.0000	0.6383	0.2351	-0.1400	0.0000	0.2351	0.1893	-1.0000	0.1744	0.1744	-0.0000	0.3216
114.0000	154.0000	Respond Naturally	Butternut	2.0000	5.0000	5.0000	3	1.0000	0.8393	0.3358	0.0252	0.0000	0.3358	0.2148	1.0000	0.1724	0.1724	-0.0000	0.3677
114.0000	155.0000	Respond Naturally	RufflesSourCreamOnion	4.0000	5.0000	3.0000	3	1.0000	1.3939	0.3189	0.2100	1.0000	0.6548	0.2194	-1.0000	0.3136	0.3202	-0.0066	1.1017
114.0000	156.0000	Respond Naturally	YorkPeppermintPatties	4.0000	3.0000	2.0000	2	-1.0000	0.7391	0.3358	0.0626	0.0000	0.3358	0.2172	-1.0000	0.0773	0.0890	-0.0117	0.1646
114.0000	157.0000	Respond Naturally	IceCreamVanilla	4.0000	4.0000	3.0000	1	1.0000	1.0745	0.4194	0.0000	0.0000	0.4194	0.2162	1.0000	0.0468	0.0515	-0.0047	0.2608
114.0000	158.0000	Respond Naturally	VegetableThins	4.0000	3.0000	2.0000	2	-1.0000	0.7724	0.3692	0.1150	0.0000	0.3692	0.2478	-1.0000	0.1095	0.1095	-0.0000	0.2166
114.0000	159.0000	Respond Naturally	Broccoli	6.0000	5.0000	5.0000	1	1.0000	0.7726	0.3190	0.0502	0.0000	0.3190	0.2643	1.0000	0.0634	0.0726	-0.0092	0.1874
114.0000	160.0000	Respond Naturally	FrozenPeas	4.0000	3.0000	6.0000	2	-1.0000	0.6886	0.3358	-0.0851	0.0000	0.3358	0.2941	-1.0000	0.1859	0.1876	-0.0017	0.3341
114.0000	161.0000	Focus on Health	HoneyNutCheerios	4.0000	3.0000	5.0000	2	1.0000	0.8566	0.3190	0.0947	0.0000	0.3190	0.2565	1.0000	0.0686	0.1048	-0.0362	0.5376
114.0000	162.0000	Focus on Health	NatureValleyChocolate	5.0000	4.0000	3.0000	4	-1.0000	0.9068	0.3021	-0.1441	0.0000	0.3021	0.3128	-1.0000	0.0032	0.0663	-0.0631	0.1907
114.0000	163.0000	Focus on Health	VegetableThins	3.0000	3.0000	2.0000	5	1.0000	1.4608	0.4363	0.0000	1.0000	0.7554	0.6045	-1.0000	0.6580	0.6743	-0.0163	1.8524
114.0000	164.0000	Focus on Health	Smartfood	2.0000	4.0000	1.0000	4	-1.0000	0.8898	0.2851	0.0653	0.0000	0.2851	0.3115	-1.0000	0.0076	0.0371	-0.0295	0.1695
114.0000	165.0000	Focus on Health	Twizzlers	3.0000	4.0000	2.0000	4	1.0000	1.0073	0.4530	0.0000	0.0000	0.4530	0.2102	1.0000	0.2222	0.2222	-0.0000	0.3375
114.0000	166.0000	Focus on Health	Cheerios	5.0000	3.0000	3.0000	2	-1.0000	1.3096	0.3693	-0.2009	0.0000	0.3693	0.2168	-1.0000	0.0881	0.0881	-0.0000	0.2255
114.0000	167.0000	Focus on Health	OatmealSquares	4.0000	3.0000	5.0000	3	1.0000	0.7558	0.3191	-0.1205	0.0000	0.3191	0.2407	1.0000	0.0756	0.0779	-0.0022	0.2836
114.0000	168.0000	Focus on Health	SlimStyles	2.0000	3.0000	2.0000	6	-1.0000	0.8731	0.3189	-0.0523	0.0000	0.3189	0.3531	-1.0000	0.0327	0.0328	-0.0000	0.1645
114.0000	169.0000	Focus on Health	GreenApple	4.0000	5.0000	6.0000	4	1.0000	0.8728	0.4364	-0.1454	0.0000	0.4364	0.2742	1.0000	0.1239	0.1239	-0.0000	0.2299
114.0000	170.0000	Focus on Health	GreenBeans	5.0000	4.0000	6.0000	4	-1.0000	0.8225	0.3019	0.1380	0.0000	0.3019	0.2068	-1.0000	0.0206	0.0646	-0.0440	-0.1631
114.0000	171.0000	Respond Naturally	Doritos	5.0000	5.0000	2.0000	5	-1.0000	0.7556	0.3524	-0.1108	0.0000	0.3524	0.2040	-1.0000	0.1273	0.1273	-0.0000	0.2686
114.0000	172.0000	Respond Naturally	BabyFoodCarrots	2.0000	3.0000	3.0000	3	-1.0000	1.0245	0.3860	-0.1083	1.0000	0.5876	0.3576	1.0000	0.3080	0.3144	-0.0064	1.2880
114.0000	173.0000	Respond Naturally	Celery	1.0000	3.0000	5.0000	2	-1.0000	0.7893	0.3694	0.1149	0.0000	0.3694	0.2080	-1.0000	0.0506	0.0743	-0.0237	0.1790
114.0000	174.0000	Respond Naturally	Mars	3.0000	3.0000	3.0000	2	1.0000	0.9573	0.3022	0.0000	0.0000	0.3022	0.2358	1.0000	0.0511	0.0799	-0.0288	0.1807
114.0000	175.0000	Respond Naturally	Pringles	5.0000	6.0000	3.0000	2	1.0000	0.8899	0.2686	-0.2486	1.0000	0.4534	0.2212	-1.0000	0.3721	0.3722	-0.0001	1.2260
114.0000	176.0000	Respond Naturally	AllBranBar	3.0000	3.0000	4.0000	3	-1.0000	0.8056	0.4197	0.0937	0.0000	0.4197	0.2769	-1.0000	0.1027	0.1027	-0.0000	0.2506
114.0000	177.0000	Respond Naturally	CannedArtichoke	1.0000	2.0000	5.0000	2	-1.0000	0.9405	0.3190	-0.0000	1.0000	0.4702	0.2818	1.0000	0.1624	0.1912	-0.0288	0.7634
114.0000	178.0000	Respond Naturally	SlimStyles	3.0000	2.0000	3.0000	2	-1.0000	0.8060	0.2855	0.2464	0.0000	0.2855	0.3336	-1.0000	0.0155	0.0570	-0.0416	0.1367
114.0000	179.0000	Respond Naturally	SpeltCakes	2.0000	4.0000	5.0000	2	-1.0000	0.7554	0.3355	0.0266	0.0000	0.3355	0.2794	-1.0000	0.1063	0.1063	-0.0000	0.1996
114.0000	180.0000	Respond Naturally	RedPepper	5.0000	4.0000	5.0000	2	1.0000	1.3436	0.3862	-0.1861	0.0000	0.3862	0.1907	1.0000	0.0146	0.0187	-0.0042	0.1948
114.0000	181.0000	Respond Naturally	Shreddies	5.0000	4.0000	4.0000	5	-1.0000	0.9908	0.3189	0.0306	0.0000	0.3189	0.2560	-1.0000	-0.0512	0.0714	-0.1226	-0.3054
114.0000	182.0000	Respond Naturally	FrozenPeaches	5.0000	6.0000	6.0000	5	1.0000	0.8732	0.3524	0.0814	0.0000	0.3524	0.2356	1.0000	0.0698	0.0961	-0.0262	0.4846
114.0000	183.0000	Respond Naturally	MangoChunks	6.0000	6.0000	5.0000	5	1.0000	1.2259	0.3860	-0.1399	2.0000	0.6716	0.2116	1.0000	0.2220	0.2637	-0.0417	0.6202
114.0000	184.0000	Respond Naturally	KashiBars	4.0000	5.0000	5.0000	4	-1.0000	0.7892	0.3187	-0.0000	0.0000	0.3187	0.3458	-1.0000	0.0617	0.0813	-0.0197	0.1757
114.0000	185.0000	Respond Naturally	YorkPeppermintPatties	4.0000	4.0000	2.0000	4	-1.0000	0.8732	0.4533	0.1135	0.0000	0.4533	0.2625	-1.0000	0.0507	0.0554	-0.0047	0.1525
114.0000	186.0000	Respond Naturally	SevenGrain	4.0000	2.0000	3.0000	1	-1.0000	1.7299	0.3694	0.1383	1.0000	0.7390	0.4463	1.0000	0.3032	0.3032	-0.0000	1.3244
114.0000	187.0000	Respond Naturally	Smarties	3.0000	5.0000	2.0000	5	-1.0000	0.9069	0.2180	-0.0495	0.0000	0.2180	0.1827	-1.0000	0.2279	0.2280	-0.0001	0.4585
114.0000	188.0000	Respond Naturally	ClifBar	3.0000	3.0000	4.0000	2	-1.0000	0.7219	0.2851	0.0800	0.0000	0.2851	0.2314	-1.0000	0.0186	0.0241	-0.0055	0.1110
114.0000	189.0000	Respond Naturally	LaysClassic	5.0000	3.0000	3.0000	4	-1.0000	0.8229	0.3190	0.0016	0.0000	0.3190	0.1918	-1.0000	0.0475	0.0592	-0.0117	0.1262
114.0000	190.0000	Respond Naturally	Mackerel	1.0000	1.0000	3.0000	3	-1.0000	0.8230	0.4534	0.1844	0.0000	0.4534	0.1804	-1.0000	0.0665	0.0665	-0.0000	0.1600
114.0000	191.0000	Focus on Health	AlmondMilk	2.0000	3.0000	2.0000	2	-1.0000	1.1083	0.3187	-0.1074	0.0000	0.3187	0.3843	-1.0000	0.0839	0.1247	-0.0409	0.4163
114.0000	192.0000	Focus on Health	Mentos	4.0000	6.0000	2.0000	2	1.0000	0.8902	0.3189	-0.0965	1.0000	0.4365	0.2126	-1.0000	0.2931	0.2931	-0.0000	0.7950
114.0000	193.0000	Focus on Health	Raspberries	5.0000	5.0000	5.0000	5	-1.0000	0.7054	0.2853	0.2715	0.0000	0.2853	0.2424	-1.0000	0.0637	0.0637	-0.0000	0.2186
114.0000	194.0000	Focus on Health	Beets	2.0000	1.0000	5.0000	5	-1.0000	0.8732	0.4197	0.1191	0.0000	0.4197	0.1765	-1.0000	0.0885	0.0885	-0.0000	0.1951
114.0000	195.0000	Focus on Health	RaisinBran	3.0000	2.0000	4.0000	3	1.0000	1.0243	0.4533	-0.0118	0.0000	0.4533	0.2859	1.0000	0.0602	0.0602	-0.0000	0.1840
114.0000	196.0000	Focus on Health	FrozenBlueberries	5.0000	5.0000	5.0000	1	1.0000	0.8396	0.3860	0.0000	0.0000	0.3860	0.2011	1.0000	0.0302	0.0663	-0.0361	-0.1382
114.0000	197.0000	Focus on Health	Onion	3.0000	2.0000	5.0000	2	-1.0000	0.7049	0.2514	-0.0193	0.0000	0.2514	0.1868	-1.0000	0.0755	0.0755	-0.0000	0.2603
114.0000	198.0000	Focus on Health	SunChips	4.0000	3.0000	2.0000	4	-1.0000	0.7890	0.3859	-0.0789	0.0000	0.3859	0.1887	-1.0000	0.1072	0.1072	-0.0000	0.2083
114.0000	199.0000	Focus on Health	Asparagus	3.0000	3.0000	5.0000	3	-1.0000	1.1925	0.3190	0.0956	1.0000	0.6718	0.3120	1.0000	0.4229	0.4229	-0.0000	1.3546
114.0000	200.0000	Focus on Health	Orange	5.0000	6.0000	6.0000	5	1.0000	0.8564	0.4029	0.0228	0.0000	0.4029	0.3405	1.0000	0.1259	0.1259	-0.0000	0.2762
