Subject	Trial	Instruction	Food	Liking	Taste	Health	Amount	Choice	ChoiceRT	FirstDevTimeChoice	InitAngleChoice	NumChangeMindChoice	FinalDevTimeChoice	MaxVelocityChoice	DrxFirstDevChoice	TotalAUCChoice	AUCtoNonChosenChoice	AUCtoChosenChoice	MaxDevChoice
125.0000	1.0000	Respond Naturally	Doritos	6.0000	6.0000	2.0000	5	1.0000	1.3103	0.3695	-0.0538	1.0000	0.6214	0.3919	-1.0000	0.3778	0.3918	-0.0140	1.2077
125.0000	2.0000	Respond Naturally	DriedHerring	1.0000	1.0000	2.0000	1	-1.0000	1.1086	0.4196	0.0249	0.0000	0.4196	0.4319	-1.0000	0.2085	0.2804	-0.0719	0.6504
125.0000	3.0000	Respond Naturally	VegetableThins	4.0000	2.0000	2.0000	2	-1.0000	1.1255	0.4199	0.0613	0.0000	0.4199	0.4703	-1.0000	0.3156	0.3441	-0.0285	0.7914
125.0000	4.0000	Respond Naturally	Almonds	3.0000	4.0000	5.0000	4	-1.0000	1.2598	0.4366	0.1209	1.0000	0.8230	0.3714	1.0000	0.5405	0.5600	-0.0195	1.4629
125.0000	5.0000	Respond Naturally	CornFlakes	2.0000	1.0000	6.0000	3	-1.0000	0.8567	0.3358	0.1245	1.0000	0.4534	0.2618	1.0000	0.3552	0.3552	-0.0000	0.8791
125.0000	6.0000	Respond Naturally	Cauliflower	1.0000	2.0000	5.0000	2	-1.0000	0.8908	0.4539	0.0041	0.0000	0.4539	0.2397	-1.0000	0.2387	0.2535	-0.0148	0.4425
125.0000	7.0000	Respond Naturally	Tempeh	1.0000	1.0000	2.0000	2	-1.0000	0.9236	0.4531	0.0372	0.0000	0.4531	0.2217	-1.0000	0.2505	0.2567	-0.0062	0.4693
125.0000	8.0000	Respond Naturally	Cheetos	6.0000	6.0000	2.0000	3	1.0000	0.9746	0.3359	-0.1017	0.0000	0.3359	0.3581	1.0000	0.2225	0.2225	-0.0000	0.3458
125.0000	9.0000	Respond Naturally	Prunes	1.0000	1.0000	6.0000	5	-1.0000	0.9404	0.5034	0.1865	0.0000	0.5034	0.3638	-1.0000	0.1789	0.1789	-0.0000	0.2893
125.0000	10.0000	Respond Naturally	CheeseNips	4.0000	6.0000	2.0000	5	-1.0000	1.1086	0.3356	0.0657	0.0000	0.3356	0.1922	-1.0000	0.1144	0.1266	-0.0122	0.3471
125.0000	11.0000	Decrease Desire	MangoChunks	6.0000	6.0000	5.0000	2	1.0000	2.7873	1.7960	0.0159	0.0000	1.7960	0.2591	1.0000	0.2708	0.2729	-0.0020	0.3429
125.0000	12.0000	Decrease Desire	CannedArtichoke	1.0000	1.0000	6.0000	2	-1.0000	1.2599	0.4030	0.0847	0.0000	0.4030	0.1912	-1.0000	0.0629	0.1135	-0.0506	0.3187
125.0000	13.0000	Decrease Desire	DriedApricots	3.0000	5.0000	6.0000	5	-1.0000	0.8899	0.3859	0.1927	0.0000	0.3859	0.1988	-1.0000	0.1413	0.1708	-0.0295	0.3475
125.0000	14.0000	Decrease Desire	Tuna	1.0000	1.0000	5.0000	4	-1.0000	1.8308	0.4028	-0.1178	2.0000	1.4274	0.2084	-1.0000	0.1436	0.1610	-0.0174	0.5450
125.0000	15.0000	Decrease Desire	CannedArtichoke	1.0000	1.0000	4.0000	5	-1.0000	0.6715	0.2852	-0.0223	0.0000	0.2852	0.2479	-1.0000	0.2157	0.2157	-0.0000	0.3718
125.0000	16.0000	Decrease Desire	GreenGrapes	2.0000	1.0000	6.0000	1	-1.0000	0.5879	0.1510	0.2881	0.0000	0.1510	0.4118	-1.0000	0.3211	0.3211	-0.0000	0.5532
125.0000	17.0000	Decrease Desire	Mars	6.0000	5.0000	6.0000	4	1.0000	0.8735	0.4198	-0.0708	0.0000	0.4198	0.2639	1.0000	0.4044	0.4044	-0.0000	0.6403
125.0000	18.0000	Decrease Desire	OatmealSquares	2.0000	1.0000	2.0000	7	-1.0000	1.0753	0.4702	0.0574	0.0000	0.4702	0.2903	-1.0000	0.2037	0.2092	-0.0056	0.4247
125.0000	19.0000	Decrease Desire	PopTartStrawberry	6.0000	6.0000	1.0000	2	1.0000	0.9573	0.5204	-0.3881	0.0000	0.5204	0.3563	1.0000	0.5431	0.5431	-0.0000	0.8183
125.0000	20.0000	Decrease Desire	Butternut	1.0000	1.0000	6.0000	7	-1.0000	1.2760	0.4698	0.1094	0.0000	0.4698	0.4070	-1.0000	0.2971	0.3177	-0.0206	0.7006
125.0000	21.0000	Respond Naturally	FrozenPeas	1.0000	1.0000	5.0000	6	-1.0000	1.4612	0.1680	0.1328	1.0000	0.7724	0.4400	1.0000	0.3332	0.3593	-0.0260	0.8387
125.0000	22.0000	Respond Naturally	Mentos	6.0000	6.0000	2.0000	2	1.0000	0.9746	0.2184	-0.0787	1.0000	0.5377	0.3209	-1.0000	0.6626	0.6626	-0.0000	1.1563
125.0000	23.0000	Respond Naturally	MnMPeanuts	6.0000	6.0000	1.0000	4	1.0000	0.8401	0.2352	-0.1241	0.0000	0.2352	0.2567	1.0000	0.2156	0.2897	-0.0742	0.8177
125.0000	24.0000	Respond Naturally	SkittlesSour	6.0000	6.0000	1.0000	6	1.0000	0.8568	0.3192	-0.1334	0.0000	0.3192	0.4073	1.0000	0.2712	0.3686	-0.0974	0.9089
125.0000	25.0000	Respond Naturally	PureFit	2.0000	1.0000	2.0000	2	-1.0000	0.8563	0.3186	0.1560	1.0000	0.5034	0.3575	1.0000	0.4711	0.4720	-0.0009	0.7675
125.0000	26.0000	Respond Naturally	Doritos	6.0000	6.0000	1.0000	2	1.0000	0.9069	0.2180	-0.0910	1.0000	0.4365	0.6324	-1.0000	0.7586	0.7586	-0.0000	1.3977
125.0000	27.0000	Respond Naturally	KashiBars	3.0000	2.0000	2.0000	4	-1.0000	0.7729	0.2016	0.1785	0.0000	0.2016	0.3715	-1.0000	0.3553	0.3554	-0.0000	0.7137
125.0000	28.0000	Respond Naturally	GreenGrapes	3.0000	6.0000	6.0000	4	-1.0000	0.9745	0.3023	0.0663	2.0000	0.5711	0.3663	-1.0000	0.5626	0.5626	-0.0000	1.1889
125.0000	29.0000	Respond Naturally	Smartfood	6.0000	1.0000	5.0000	2	1.0000	1.0248	0.2520	-0.1234	1.0000	0.5209	0.4886	-1.0000	0.6071	0.6071	-0.0000	1.3184
125.0000	30.0000	Respond Naturally	BabyFoodSweetPotatos	1.0000	2.0000	2.0000	5	-1.0000	0.6886	0.3526	0.1523	0.0000	0.3526	0.3698	-1.0000	0.3146	0.3148	-0.0002	0.5001
125.0000	31.0000	Decrease Desire	IceCreamChocolate	6.0000	6.0000	2.0000	4	1.0000	1.0076	0.4196	-0.0680	0.0000	0.4196	0.4657	1.0000	0.4473	0.4478	-0.0005	0.8250
125.0000	32.0000	Decrease Desire	RufflesSourCreamOnion	6.0000	6.0000	1.0000	3	1.0000	0.9406	0.3525	-0.1916	0.0000	0.3525	0.3505	1.0000	0.4149	0.4149	-0.0000	0.7844
125.0000	33.0000	Decrease Desire	CoffeeCrisp	6.0000	6.0000	2.0000	3	1.0000	0.6551	0.1848	-0.1125	0.0000	0.1848	0.3092	1.0000	0.2546	0.2546	-0.0000	0.6363
125.0000	34.0000	Decrease Desire	FrozenCorn	1.0000	5.0000	6.0000	2	-1.0000	0.8568	0.2855	0.0874	1.0000	0.4703	0.2466	1.0000	0.3970	0.3970	-0.0000	0.9566
125.0000	35.0000	Decrease Desire	SlimStyles	1.0000	1.0000	3.0000	6	-1.0000	0.8058	0.3690	0.0647	0.0000	0.3690	0.2088	-1.0000	0.1348	0.1503	-0.0156	0.2768
125.0000	36.0000	Decrease Desire	Fritos	6.0000	6.0000	2.0000	2	1.0000	1.6133	0.3360	-0.0739	2.0000	1.1427	0.3087	1.0000	0.5211	0.5211	-0.0000	1.2894
125.0000	37.0000	Decrease Desire	SkittlesSour	6.0000	6.0000	2.0000	3	1.0000	0.7724	0.3859	-0.0936	0.0000	0.3859	0.3949	1.0000	0.4830	0.4830	-0.0000	0.8164
125.0000	38.0000	Decrease Desire	ClifBar	1.0000	1.0000	2.0000	4	-1.0000	0.8570	0.3528	0.0323	0.0000	0.3528	0.3883	-1.0000	0.4136	0.4136	-0.0000	0.7301
125.0000	39.0000	Decrease Desire	SkimMilk	1.0000	1.0000	3.0000	1	-1.0000	0.7224	0.1848	-0.0063	0.0000	0.1848	0.2743	-1.0000	0.3663	0.3663	-0.0000	0.7650
125.0000	40.0000	Decrease Desire	OatBran	1.0000	2.0000	4.0000	4	-1.0000	0.6381	0.3694	0.0094	0.0000	0.3694	0.2631	-1.0000	0.3875	0.3875	-0.0000	0.5971
125.0000	41.0000	Decrease Desire	SlicedTurkey	1.0000	1.0000	2.0000	5	-1.0000	0.9409	0.2687	-0.0000	1.0000	0.4200	0.3050	1.0000	0.3881	0.4543	-0.0662	1.0592
125.0000	42.0000	Decrease Desire	FrozenBlueberries	1.0000	2.0000	6.0000	3	-1.0000	0.5544	0.2519	0.2270	0.0000	0.2519	0.1998	-1.0000	0.2071	0.2071	-0.0000	0.3598
125.0000	43.0000	Decrease Desire	Reese	6.0000	6.0000	2.0000	1	-1.0000	0.4873	0.1008	0.2591	0.0000	0.1008	0.2298	-1.0000	0.1483	0.1483	-0.0000	0.3695
125.0000	44.0000	Decrease Desire	MangoChunks	6.0000	6.0000	5.0000	5	-1.0000	0.9911	0.2687	0.2371	0.0000	0.2687	0.2870	-1.0000	0.0691	0.0756	-0.0065	0.2154
125.0000	45.0000	Decrease Desire	IceCreamChocolate	6.0000	6.0000	1.0000	1	-1.0000	0.5378	0.1177	0.3565	0.0000	0.1177	0.6078	-1.0000	0.2670	0.2670	-0.0000	0.5308
125.0000	46.0000	Decrease Desire	FrootLoops	6.0000	6.0000	1.0000	2	-1.0000	1.3443	0.1849	0.1560	2.0000	0.5042	0.3238	-1.0000	0.2952	0.3242	-0.0290	1.2975
125.0000	47.0000	Decrease Desire	SunChips	6.0000	6.0000	1.0000	2	1.0000	0.9410	0.3360	-0.0207	0.0000	0.3360	0.3146	1.0000	0.4236	0.4236	-0.0000	0.8375
125.0000	48.0000	Decrease Desire	Butternut	1.0000	1.0000	6.0000	3	-1.0000	0.4704	0.1343	0.3184	0.0000	0.1343	0.3655	-1.0000	0.2975	0.2975	-0.0000	0.5067
125.0000	49.0000	Decrease Desire	Broccoli	1.0000	1.0000	5.0000	4	-1.0000	0.8229	0.1677	0.0554	0.0000	0.1677	0.4436	-1.0000	0.1478	0.2443	-0.0965	0.7225
125.0000	50.0000	Decrease Desire	Bananas	3.0000	6.0000	5.0000	2	-1.0000	0.4871	0.1343	0.2205	0.0000	0.1343	0.4216	-1.0000	0.1899	0.1899	-0.0000	0.3535
125.0000	51.0000	Respond Naturally	CoffeeCrisp	6.0000	6.0000	6.0000	1	-1.0000	0.7391	0.2519	0.4903	0.0000	0.2519	0.2152	-1.0000	0.0139	0.0200	-0.0062	0.0552
125.0000	52.0000	Respond Naturally	BBQCrisps	2.0000	5.0000	2.0000	2	1.0000	0.6888	0.1007	0.0000	0.0000	0.1007	0.1323	1.0000	0.0910	0.0910	-0.0000	0.2048
125.0000	53.0000	Respond Naturally	NatureValleyChocolate	3.0000	1.0000	5.0000	4	-1.0000	0.9749	0.1511	-0.0000	1.0000	0.4537	0.2264	1.0000	0.2620	0.2665	-0.0045	0.9071
125.0000	54.0000	Respond Naturally	FrozenPeaches	5.0000	6.0000	6.0000	5	-1.0000	0.6044	0.2516	0.1320	0.0000	0.2516	0.2965	-1.0000	0.3625	0.3625	-0.0000	0.6779
125.0000	55.0000	Respond Naturally	WaterChestnuts	1.0000	1.0000	5.0000	5	-1.0000	0.5714	0.1345	0.0807	0.0000	0.1345	0.2953	-1.0000	0.3378	0.3378	-0.0001	0.7724
125.0000	56.0000	Respond Naturally	Orange	6.0000	4.0000	6.0000	1	-1.0000	0.8227	0.2851	0.1416	0.0000	0.2851	0.3570	-1.0000	0.2826	0.3162	-0.0336	0.6495
125.0000	57.0000	Respond Naturally	Spinach	1.0000	1.0000	6.0000	2	-1.0000	0.7223	0.2015	0.1369	0.0000	0.2015	0.1721	-1.0000	0.1761	0.1835	-0.0074	0.4174
125.0000	58.0000	Respond Naturally	IceCreamVanilla	6.0000	6.0000	2.0000	4	-1.0000	0.5227	0.1007	0.1612	0.0000	0.1007	0.1946	-1.0000	0.1020	0.1136	-0.0117	0.3741
125.0000	59.0000	Respond Naturally	PopTartStrawberry	6.0000	6.0000	1.0000	5	-1.0000	1.3103	0.2855	0.1693	0.0000	0.2855	0.3037	-1.0000	0.2006	0.2006	-0.0000	0.4881
125.0000	60.0000	Respond Naturally	Caramilk	6.0000	6.0000	2.0000	5	1.0000	1.4953	0.2517	-0.1465	1.0000	0.7055	0.3006	-1.0000	0.5665	0.5677	-0.0012	1.4829
125.0000	61.0000	Decrease Desire	SevenGrain	2.0000	1.0000	2.0000	3	-1.0000	0.0336	0.0000	0.7802	0.0000	0.0000	0.7875	-1.0000	0.0041	0.0041	-0.0000	0.0082
125.0000	62.0000	Decrease Desire	Raspberries	2.0000	1.0000	5.0000	4	-1.0000	0.8064	0.3022	0.1433	0.0000	0.3022	0.2895	-1.0000	0.2076	0.2076	-0.0000	0.4005
125.0000	63.0000	Decrease Desire	CheeseNips	3.0000	1.0000	2.0000	2	-1.0000	0.5210	0.1345	0.1539	0.0000	0.1345	0.3672	-1.0000	0.2358	0.2358	-0.0000	0.5149
125.0000	64.0000	Decrease Desire	ProMax	2.0000	2.0000	1.0000	2	-1.0000	0.7057	0.1512	0.2125	0.0000	0.1512	0.2968	-1.0000	0.1423	0.1643	-0.0220	0.4809
125.0000	65.0000	Decrease Desire	AppleChips	1.0000	1.0000	5.0000	5	-1.0000	0.7224	0.2687	0.1323	0.0000	0.2687	0.2087	-1.0000	0.1704	0.1723	-0.0019	0.3656
125.0000	66.0000	Decrease Desire	Celery	1.0000	1.0000	6.0000	2	-1.0000	0.7388	0.2013	0.0285	0.0000	0.2013	0.4018	-1.0000	0.2429	0.2429	-0.0000	0.6151
125.0000	67.0000	Decrease Desire	RaisinBran	1.0000	1.0000	2.0000	3	-1.0000	0.4706	0.1009	0.1408	0.0000	0.1009	0.5566	-1.0000	0.2650	0.2650	-0.0000	0.5808
125.0000	68.0000	Decrease Desire	Skittles	6.0000	6.0000	2.0000	6	1.0000	1.3106	0.1177	-0.0162	1.0000	0.4538	0.5732	-1.0000	0.4709	0.4712	-0.0003	1.3591
125.0000	69.0000	Decrease Desire	GreenBeans	1.0000	2.0000	6.0000	4	-1.0000	1.1088	0.2520	0.0051	0.0000	0.2520	0.1845	-1.0000	0.1385	0.1472	-0.0086	0.4149
125.0000	70.0000	Decrease Desire	Avocado	3.0000	6.0000	2.0000	2	-1.0000	0.4706	0.1009	0.2588	0.0000	0.1009	0.4734	-1.0000	0.2549	0.2549	-0.0000	0.5717
125.0000	71.0000	Respond Naturally	BabyFoodCarrots	1.0000	2.0000	2.0000	3	-1.0000	0.6719	0.1342	0.1408	0.0000	0.1342	0.3080	-1.0000	0.0320	0.1375	-0.1055	0.5459
125.0000	72.0000	Respond Naturally	BrusselsSprouts	1.0000	1.0000	5.0000	2	-1.0000	0.6550	0.1006	0.2201	0.0000	0.1006	0.2895	-1.0000	0.0943	0.1165	-0.0221	0.5212
125.0000	73.0000	Respond Naturally	Mentos	6.0000	6.0000	2.0000	5	1.0000	0.9244	0.1848	-0.2327	1.0000	0.3865	0.3428	-1.0000	0.6152	0.6152	-0.0000	1.4301
125.0000	74.0000	Respond Naturally	TofuDessert	1.0000	1.0000	4.0000	4	-1.0000	0.5711	0.3191	0.1233	0.0000	0.3191	0.2934	-1.0000	0.1847	0.1847	-0.0000	0.2797
125.0000	75.0000	Respond Naturally	BabyFoodSweetPotatos	1.0000	1.0000	2.0000	2	-1.0000	0.3698	0.1177	0.1749	0.0000	0.1177	0.4073	-1.0000	0.2539	0.2539	-0.0000	0.6080
125.0000	76.0000	Respond Naturally	PureFit	1.0000	6.0000	2.0000	4	-1.0000	0.5542	0.3189	0.6807	0.0000	0.3189	0.6123	1.0000	-0.1609	0.0138	-0.1747	-0.3292
125.0000	77.0000	Respond Naturally	Cheetos	6.0000	6.0000	6.0000	6	-1.0000	0.5877	0.1174	0.2100	0.0000	0.1174	0.2628	-1.0000	0.0964	0.0964	-0.0000	0.2206
125.0000	78.0000	Respond Naturally	FrozenOkra	6.0000	2.0000	6.0000	5	-1.0000	0.5710	0.2686	0.2764	0.0000	0.2686	0.2381	-1.0000	0.2151	0.2151	-0.0000	0.3392
125.0000	79.0000	Respond Naturally	BabyFoodCarrots	1.0000	1.0000	2.0000	5	-1.0000	0.4034	0.1009	0.0787	0.0000	0.1009	0.4083	-1.0000	0.2577	0.2578	-0.0001	0.6238
125.0000	80.0000	Respond Naturally	Broccoli	1.0000	1.0000	6.0000	1	-1.0000	0.4199	0.1175	0.2460	0.0000	0.1175	0.4013	-1.0000	0.2441	0.2441	-0.0000	0.5673
125.0000	81.0000	Respond Naturally	BBQCrisps	6.0000	1.0000	2.0000	6	-1.0000	1.8642	0.6381	0.2418	0.0000	0.6381	0.2425	-1.0000	0.1537	0.1915	-0.0378	0.5192
125.0000	82.0000	Respond Naturally	RomaineLettuce	1.0000	2.0000	6.0000	4	-1.0000	0.5881	0.1008	0.2408	0.0000	0.1008	0.4522	-1.0000	0.3378	0.3378	-0.0000	0.6414
125.0000	83.0000	Respond Naturally	SkimMilk	1.0000	1.0000	3.0000	4	-1.0000	0.6719	0.2856	0.1992	0.0000	0.2856	0.3526	-1.0000	0.2431	0.2431	-0.0000	0.4610
125.0000	84.0000	Respond Naturally	CornFlakes	1.0000	2.0000	2.0000	6	-1.0000	0.6046	0.1341	0.0720	0.0000	0.1341	0.3163	-1.0000	0.2688	0.2688	-0.0000	0.4145
125.0000	85.0000	Respond Naturally	GreenApple	5.0000	5.0000	5.0000	2	1.0000	0.7560	0.1007	0.0806	0.0000	0.1007	0.4071	1.0000	0.2210	0.2211	-0.0000	0.6176
125.0000	86.0000	Respond Naturally	OikosYogurt	5.0000	2.0000	2.0000	6	-1.0000	0.5377	0.2857	0.0990	0.0000	0.2857	0.3811	-1.0000	0.4238	0.4238	-0.0000	0.6842
125.0000	87.0000	Respond Naturally	VanillaGreekYogurt	5.0000	6.0000	5.0000	4	-1.0000	0.4368	0.1008	0.1036	0.0000	0.1008	0.4251	-1.0000	0.3386	0.3386	-0.0000	0.7428
125.0000	88.0000	Respond Naturally	GreenBeans	2.0000	1.0000	6.0000	2	-1.0000	0.5546	0.1177	0.3093	0.0000	0.1177	0.3224	-1.0000	0.1928	0.1928	-0.0000	0.4269
125.0000	89.0000	Respond Naturally	YorkPeppermintPatties	5.0000	6.0000	2.0000	4	-1.0000	0.7055	0.1342	0.1611	0.0000	0.1342	0.2801	-1.0000	0.0473	0.1147	-0.0674	0.4081
125.0000	90.0000	Respond Naturally	YorkPeppermintPatties	2.0000	1.0000	2.0000	2	-1.0000	0.3361	0.1513	0.2596	0.0000	0.1513	0.4749	-1.0000	0.2217	0.2217	-0.0000	0.4964
125.0000	91.0000	Decrease Desire	WelchsFruitSnacks	6.0000	6.0000	2.0000	1	-1.0000	0.6219	0.3026	0.5709	0.0000	0.3026	0.5799	1.0000	-0.0581	0.0198	-0.0779	0.2114
125.0000	92.0000	Decrease Desire	Triscuit	1.0000	1.0000	2.0000	5	-1.0000	0.3698	0.1345	0.3926	0.0000	0.1345	0.3430	-1.0000	0.2111	0.2111	-0.0000	0.4040
125.0000	93.0000	Decrease Desire	Starburst	6.0000	6.0000	2.0000	3	-1.0000	0.7559	0.2184	-0.4502	0.0000	0.2184	0.4484	-1.0000	-0.0493	0.0031	-0.0525	-0.1254
125.0000	94.0000	Decrease Desire	MnMPlain	6.0000	6.0000	2.0000	5	-1.0000	0.5378	0.1009	0.2134	0.0000	0.1009	0.1810	-1.0000	0.0376	0.0774	-0.0398	0.3462
125.0000	95.0000	Decrease Desire	SevenGrain	1.0000	2.0000	2.0000	1	-1.0000	0.6721	0.1345	0.0157	0.0000	0.1345	0.2236	-1.0000	0.0262	0.1083	-0.0821	0.4456
125.0000	96.0000	Decrease Desire	KashiBars	2.0000	1.0000	6.0000	1	-1.0000	0.5040	0.1007	0.1229	0.0000	0.1007	0.4101	-1.0000	0.3005	0.3005	-0.0000	0.7498
125.0000	97.0000	Decrease Desire	BrusselsSprouts	1.0000	1.0000	5.0000	4	-1.0000	0.4202	0.1513	0.3591	0.0000	0.1513	0.3555	-1.0000	0.1717	0.1717	-0.0000	0.3271
125.0000	98.0000	Decrease Desire	MnMPlain	6.0000	6.0000	2.0000	3	-1.0000	0.6555	0.1009	0.2645	0.0000	0.1009	0.5282	-1.0000	0.2081	0.2189	-0.0108	0.6055
125.0000	99.0000	Decrease Desire	FrozenPeaches	4.0000	4.0000	5.0000	2	-1.0000	0.6386	0.2352	0.2499	0.0000	0.2352	0.4819	1.0000	0.0177	0.0589	-0.0412	0.3493
125.0000	100.0000	Decrease Desire	Asparagus	1.0000	5.0000	6.0000	6	-1.0000	0.5042	0.1850	0.3578	0.0000	0.1850	0.1650	-1.0000	0.0182	0.0336	-0.0154	0.1988
125.0000	101.0000	Respond Naturally	Fritos	6.0000	6.0000	1.0000	5	-1.0000	0.4874	0.1009	0.1390	0.0000	0.1009	0.3112	-1.0000	0.2465	0.2465	-0.0000	0.7628
125.0000	102.0000	Respond Naturally	Nutella	5.0000	6.0000	2.0000	1	-1.0000	0.4870	0.2685	0.4369	0.0000	0.2685	0.4193	1.0000	0.1383	0.1383	-0.0000	0.3738
125.0000	103.0000	Respond Naturally	EnglishCucumber	4.0000	1.0000	6.0000	2	-1.0000	0.7057	0.1008	0.2658	0.0000	0.1008	0.4717	-1.0000	0.1676	0.1676	-0.0000	0.4991
125.0000	104.0000	Respond Naturally	Skittles	6.0000	6.0000	2.0000	3	-1.0000	0.5207	0.1175	0.3377	0.0000	0.1175	0.4032	-1.0000	0.1781	0.1782	-0.0001	0.4891
125.0000	105.0000	Respond Naturally	Shreddies	6.0000	5.0000	2.0000	5	-1.0000	0.6050	0.1009	0.3321	0.0000	0.1009	0.4095	-1.0000	0.1496	0.1496	-0.0000	0.4192
125.0000	106.0000	Respond Naturally	FrozenBroccoli	1.0000	1.0000	6.0000	6	-1.0000	0.5378	0.1345	0.2432	0.0000	0.1345	0.2405	-1.0000	0.1479	0.1479	-0.0000	0.4017
125.0000	107.0000	Respond Naturally	HoneyNutCheerios	4.0000	6.0000	1.0000	5	-1.0000	0.5040	0.1009	0.1025	0.0000	0.1009	0.2093	-1.0000	0.1585	0.1585	-0.0000	0.5358
125.0000	108.0000	Respond Naturally	VanillaGreekYogurt	3.0000	3.0000	2.0000	2	-1.0000	0.3866	0.1009	0.2979	0.0000	0.1009	0.5895	-1.0000	0.2579	0.2579	-0.0000	0.7673
125.0000	109.0000	Respond Naturally	Prunes	1.0000	1.0000	6.0000	2	-1.0000	0.9745	0.1344	0.1382	0.0000	0.1344	0.2430	-1.0000	0.1462	0.1491	-0.0029	0.5005
125.0000	110.0000	Respond Naturally	Nutella	4.0000	6.0000	6.0000	4	-1.0000	0.5377	0.1009	0.0606	0.0000	0.1009	0.2170	-1.0000	0.1268	0.1268	-0.0000	0.4308
125.0000	111.0000	Decrease Desire	LaysClassic	6.0000	6.0000	1.0000	3	-1.0000	0.6218	0.1009	0.1424	0.0000	0.1009	0.3956	-1.0000	0.1897	0.1897	-0.0000	0.5867
125.0000	112.0000	Decrease Desire	SunChips	6.0000	6.0000	1.0000	4	-1.0000	0.5210	0.1009	0.3389	0.0000	0.1009	0.3571	-1.0000	0.2021	0.2021	-0.0000	0.5196
125.0000	113.0000	Decrease Desire	Smartfood	6.0000	6.0000	1.0000	4	-1.0000	0.4704	0.1007	0.4778	0.0000	0.1007	0.4702	-1.0000	0.1258	0.1258	-0.0000	0.2945
125.0000	114.0000	Decrease Desire	Tempeh	1.0000	1.0000	1.0000	4	-1.0000	0.6051	0.2690	0.3305	0.0000	0.2690	0.3621	-1.0000	0.2125	0.2125	-0.0000	0.5130
125.0000	115.0000	Decrease Desire	Orange	6.0000	6.0000	6.0000	5	-1.0000	0.6217	0.2353	0.1562	0.0000	0.2353	0.1457	-1.0000	0.1688	0.1688	-0.0000	0.3222
125.0000	116.0000	Decrease Desire	Onion	1.0000	2.0000	6.0000	4	-1.0000	0.7896	0.1344	0.2774	0.0000	0.1344	0.3639	-1.0000	0.0792	0.1227	-0.0435	0.5330
125.0000	117.0000	Decrease Desire	RomaineLettuce	1.0000	2.0000	6.0000	2	-1.0000	0.3697	0.1008	0.2941	0.0000	0.1008	0.5745	-1.0000	0.2301	0.2301	-0.0000	0.7256
125.0000	118.0000	Decrease Desire	WelchsFruitSnacks	6.0000	6.0000	6.0000	3	-1.0000	0.4701	0.1006	0.0564	0.0000	0.1006	0.4442	-1.0000	0.3956	0.3956	-0.0000	0.8847
125.0000	119.0000	Decrease Desire	Mars	6.0000	6.0000	2.0000	2	-1.0000	0.3865	0.1009	0.0675	0.0000	0.1009	0.2008	-1.0000	0.1428	0.1430	-0.0002	0.3394
125.0000	120.0000	Decrease Desire	AppleChips	1.0000	1.0000	3.0000	2	-1.0000	0.3697	0.1008	0.4169	0.0000	0.1008	0.3212	-1.0000	0.1627	0.1627	-0.0000	0.3729
125.0000	121.0000	Decrease Desire	RedPepper	1.0000	1.0000	5.0000	5	-1.0000	0.6892	0.1177	0.0146	0.0000	0.1177	0.7243	-1.0000	0.3927	0.3927	-0.0000	1.0142
125.0000	122.0000	Decrease Desire	Caramilk	6.0000	6.0000	1.0000	2	-1.0000	0.4703	0.1006	0.3441	0.0000	0.1006	0.3005	-1.0000	0.1763	0.1763	-0.0000	0.4417
125.0000	123.0000	Decrease Desire	Mackerel	1.0000	1.0000	3.0000	1	-1.0000	0.3864	0.1008	0.0661	0.0000	0.1008	0.2462	-1.0000	0.2127	0.2127	-0.0000	0.5526
125.0000	124.0000	Decrease Desire	Mackerel	1.0000	1.0000	2.0000	3	-1.0000	0.6887	0.5038	0.4554	0.0000	0.5038	0.3159	1.0000	-0.0601	0.0296	-0.0897	0.3020
125.0000	125.0000	Decrease Desire	Celery	1.0000	5.0000	6.0000	4	-1.0000	0.5372	0.1677	0.1032	0.0000	0.1677	0.2428	-1.0000	0.1312	0.1312	-0.0000	0.3283
125.0000	126.0000	Decrease Desire	AlmondMilk	1.0000	1.0000	2.0000	4	-1.0000	0.7051	0.2347	0.6084	0.0000	0.2347	0.2916	-1.0000	0.0324	0.0393	-0.0069	0.1473
125.0000	127.0000	Decrease Desire	GreenApple	6.0000	5.0000	6.0000	4	-1.0000	0.4538	0.1009	0.3308	0.0000	0.1009	0.2335	-1.0000	0.0195	0.0626	-0.0432	0.2935
125.0000	128.0000	Decrease Desire	SlicedTurkey	1.0000	1.0000	4.0000	2	-1.0000	0.4368	0.1007	0.4441	0.0000	0.1007	0.5920	-1.0000	0.1448	0.1448	-0.0000	0.3731
125.0000	129.0000	Decrease Desire	FrozenOkra	1.0000	1.0000	6.0000	2	-1.0000	0.4034	0.2017	0.2417	0.0000	0.2017	0.2976	-1.0000	0.2043	0.2043	-0.0000	0.5051
125.0000	130.0000	Decrease Desire	WaterChestnuts	1.0000	2.0000	2.0000	3	-1.0000	0.3699	0.1009	0.3704	0.0000	0.1009	0.4242	-1.0000	0.2262	0.2262	-0.0000	0.5254
125.0000	131.0000	Respond Naturally	Shreddies	1.0000	2.0000	1.0000	2	-1.0000	0.5878	0.2517	0.1775	0.0000	0.2517	0.2619	-1.0000	0.3023	0.3023	-0.0000	0.5577
125.0000	132.0000	Respond Naturally	GreenPepper	1.0000	2.0000	6.0000	2	-1.0000	1.1093	0.1009	0.0161	2.0000	0.7732	0.2868	-1.0000	0.1432	0.1706	-0.0275	0.6455
125.0000	133.0000	Respond Naturally	FrozenPeas	1.0000	4.0000	2.0000	2	-1.0000	0.4371	0.2522	0.1409	0.0000	0.2522	0.2076	-1.0000	0.1871	0.1871	-0.0000	0.3986
125.0000	134.0000	Respond Naturally	FrozenBroccoli	1.0000	1.0000	6.0000	2	-1.0000	0.4201	0.1177	0.3855	0.0000	0.1177	0.4816	-1.0000	0.2126	0.2126	-0.0000	0.4531
125.0000	135.0000	Respond Naturally	Twizzlers	6.0000	6.0000	2.0000	4	-1.0000	0.9408	0.1176	0.1967	0.0000	0.1176	0.1595	-1.0000	0.1020	0.1021	-0.0001	0.3223
125.0000	136.0000	Respond Naturally	Strawberries	3.0000	1.0000	2.0000	3	-1.0000	0.4535	0.1680	0.0814	0.0000	0.1680	0.2386	-1.0000	0.2119	0.2119	-0.0000	0.3786
125.0000	137.0000	Respond Naturally	AllBranCereal	1.0000	6.0000	2.0000	6	-1.0000	0.7562	0.1178	0.0030	0.0000	0.1178	0.2933	-1.0000	0.0676	0.1376	-0.0699	0.5986
125.0000	138.0000	Respond Naturally	EnglishCucumber	3.0000	5.0000	5.0000	5	-1.0000	0.4874	0.1850	0.1522	0.0000	0.1850	0.2289	-1.0000	0.2410	0.2411	-0.0000	0.4739
125.0000	139.0000	Respond Naturally	RedPepper	1.0000	1.0000	5.0000	2	-1.0000	0.5036	0.1009	0.2582	0.0000	0.1009	0.4738	-1.0000	0.3121	0.3121	-0.0000	0.7019
125.0000	140.0000	Respond Naturally	PCChipCookie	6.0000	1.0000	2.0000	2	1.0000	1.1927	0.1006	-0.2037	1.0000	0.4702	0.5087	-1.0000	0.5943	0.6132	-0.0189	1.4178
125.0000	141.0000	Respond Naturally	RitzCrackers	6.0000	2.0000	2.0000	2	-1.0000	0.6550	0.1174	0.1990	0.0000	0.1174	0.4520	-1.0000	0.3346	0.3346	-0.0000	0.7901
125.0000	142.0000	Respond Naturally	Cheerios	3.0000	2.0000	2.0000	2	-1.0000	0.7392	0.1679	0.2164	0.0000	0.1679	0.2628	-1.0000	0.2585	0.2585	-0.0000	0.5571
125.0000	143.0000	Respond Naturally	Tuna	1.0000	1.0000	5.0000	2	-1.0000	0.5710	0.1509	0.1556	0.0000	0.1509	0.3753	-1.0000	0.2680	0.2680	-0.0000	0.6910
125.0000	144.0000	Respond Naturally	Cauliflower	1.0000	2.0000	6.0000	6	-1.0000	0.9745	0.1513	0.2262	0.0000	0.1513	0.3711	-1.0000	0.1498	0.1700	-0.0201	0.6469
125.0000	145.0000	Respond Naturally	Smarties	6.0000	6.0000	6.0000	5	1.0000	0.8737	0.1007	-0.1924	1.0000	0.4031	0.5551	-1.0000	0.6810	0.6839	-0.0028	1.3449
125.0000	146.0000	Respond Naturally	DriedApricots	3.0000	1.0000	5.0000	2	-1.0000	0.5880	0.3024	0.4764	0.0000	0.3024	0.1954	-1.0000	0.0935	0.0935	-0.0000	0.1441
125.0000	147.0000	Respond Naturally	DriedHerring	1.0000	1.0000	2.0000	3	-1.0000	0.9238	0.3695	0.1686	0.0000	0.3695	0.1950	-1.0000	0.1914	0.1914	-0.0000	0.4261
125.0000	148.0000	Respond Naturally	Reese	6.0000	6.0000	1.0000	4	1.0000	0.9747	0.1345	-0.2990	1.0000	0.4202	0.3036	-1.0000	0.6203	0.6203	-0.0000	1.1410
125.0000	149.0000	Respond Naturally	GreenPepper	1.0000	1.0000	2.0000	6	-1.0000	0.8401	0.1512	0.1938	0.0000	0.1512	0.2647	-1.0000	0.2806	0.2806	-0.0000	0.6606
125.0000	150.0000	Respond Naturally	Aero	6.0000	6.0000	2.0000	1	1.0000	0.9577	0.1174	-0.3414	1.0000	0.4367	0.2825	-1.0000	0.5613	0.5630	-0.0017	1.4260
125.0000	151.0000	Decrease Desire	Beets	1.0000	1.0000	5.0000	2	-1.0000	1.0249	0.1680	0.2041	0.0000	0.1680	0.3066	-1.0000	0.2005	0.2005	-0.0000	0.5362
125.0000	152.0000	Decrease Desire	Triscuit	2.0000	5.0000	2.0000	2	-1.0000	0.7895	0.3024	0.1644	0.0000	0.3024	0.4400	-1.0000	0.2405	0.2758	-0.0352	0.7355
125.0000	153.0000	Decrease Desire	Twizzlers	6.0000	6.0000	2.0000	2	-1.0000	0.5038	0.2350	0.3064	0.0000	0.2350	0.1994	-1.0000	0.0974	0.0974	-0.0000	0.2589
125.0000	154.0000	Decrease Desire	FrozenBlueberries	1.0000	1.0000	6.0000	1	-1.0000	0.4369	0.1009	0.1565	0.0000	0.1009	0.3187	-1.0000	0.2226	0.2226	-0.0000	0.5992
125.0000	155.0000	Decrease Desire	OikosYogurt	1.0000	2.0000	6.0000	3	-1.0000	0.6047	0.1007	0.1855	0.0000	0.1007	0.4585	-1.0000	0.2395	0.2395	-0.0000	0.7066
125.0000	156.0000	Decrease Desire	ClamJuice	1.0000	1.0000	2.0000	3	-1.0000	0.4870	0.3190	0.3201	0.0000	0.3190	0.3057	-1.0000	0.2106	0.2106	-0.0000	0.4821
125.0000	157.0000	Decrease Desire	Bananas	2.0000	5.0000	6.0000	3	-1.0000	1.0416	0.1509	0.7446	1.0000	0.5038	0.9738	1.0000	0.0031	0.0467	-0.0436	-0.2359
125.0000	158.0000	Decrease Desire	TofuDessert	1.0000	2.0000	1.0000	2	-1.0000	0.3697	0.1344	0.4434	0.0000	0.1344	0.2152	-1.0000	0.0810	0.0828	-0.0017	0.2298
125.0000	159.0000	Decrease Desire	FrootLoops	6.0000	6.0000	2.0000	6	-1.0000	0.4368	0.1008	0.6183	0.0000	0.1008	0.4315	1.0000	0.0793	0.0793	-0.0000	0.1737
125.0000	160.0000	Decrease Desire	RiceKrispiesCereal	3.0000	5.0000	2.0000	7	-1.0000	0.4706	0.2521	0.3483	0.0000	0.2521	0.1609	-1.0000	0.0014	0.0447	-0.0433	0.2042
125.0000	161.0000	Decrease Desire	ClamJuice	1.0000	1.0000	2.0000	1	-1.0000	0.4706	0.1009	0.5306	0.0000	0.1009	0.4135	-1.0000	0.0828	0.0828	-0.0000	0.2059
125.0000	162.0000	Decrease Desire	Onion	3.0000	1.0000	5.0000	2	-1.0000	0.8566	0.1845	0.5373	0.0000	0.1845	0.5898	1.0000	-0.0598	0.0102	-0.0700	-0.1674
125.0000	163.0000	Decrease Desire	ClifBar	2.0000	2.0000	2.0000	2	-1.0000	0.4370	0.1177	0.5391	0.0000	0.1177	0.1921	-1.0000	0.0019	0.0381	-0.0361	-0.1566
125.0000	164.0000	Decrease Desire	MnMPeanuts	6.0000	6.0000	2.0000	2	-1.0000	0.6384	0.1512	0.5128	0.0000	0.1512	0.2008	-1.0000	0.0646	0.0646	-0.0000	0.1569
125.0000	165.0000	Decrease Desire	OatmealSquares	2.0000	1.0000	2.0000	3	-1.0000	0.4872	0.1176	0.1947	0.0000	0.1176	0.1541	-1.0000	0.1814	0.1814	-0.0000	0.3270
125.0000	166.0000	Decrease Desire	Beets	1.0000	1.0000	5.0000	5	-1.0000	0.5041	0.1008	0.6798	0.0000	0.1008	0.1666	-1.0000	-0.0911	0.0045	-0.0956	-0.2067
125.0000	167.0000	Decrease Desire	Raspberries	2.0000	4.0000	5.0000	5	-1.0000	0.4537	0.1177	0.3532	0.0000	0.1177	0.2679	-1.0000	0.1777	0.1777	-0.0000	0.3584
125.0000	168.0000	Decrease Desire	AllBranBar	2.0000	4.0000	6.0000	1	-1.0000	0.4199	0.1006	0.2548	0.0000	0.1006	0.2161	-1.0000	0.1215	0.1215	-0.0000	0.3573
125.0000	169.0000	Decrease Desire	Snickers	6.0000	6.0000	1.0000	3	-1.0000	0.3698	0.1009	0.2897	0.0000	0.1009	0.2313	-1.0000	0.1043	0.1043	-0.0000	0.2394
125.0000	170.0000	Decrease Desire	SpeltCakes	1.0000	4.0000	3.0000	5	-1.0000	0.3025	0.1008	0.4007	0.0000	0.1008	0.2679	-1.0000	0.1098	0.1098	-0.0000	0.2800
125.0000	171.0000	Respond Naturally	Snickers	6.0000	6.0000	6.0000	2	1.0000	1.6297	0.1345	-0.2138	1.0000	1.0248	0.3555	-1.0000	0.9042	0.9042	-0.0000	1.6600
125.0000	172.0000	Respond Naturally	Smarties	6.0000	6.0000	2.0000	2	1.0000	0.6213	0.2014	-0.0676	1.0000	0.3190	0.2993	-1.0000	0.5172	0.5172	-0.0000	1.0118
125.0000	173.0000	Respond Naturally	Avocado	2.0000	3.0000	6.0000	5	-1.0000	0.8061	0.2181	0.1071	0.0000	0.2181	0.3125	-1.0000	0.1597	0.1710	-0.0114	0.4999
125.0000	174.0000	Respond Naturally	VegetableThins	4.0000	2.0000	6.0000	5	-1.0000	0.9242	0.2856	0.2041	0.0000	0.2856	0.2324	-1.0000	0.1849	0.1849	-0.0000	0.2644
125.0000	175.0000	Respond Naturally	SpeltCakes	3.0000	5.0000	2.0000	2	-1.0000	0.5714	0.2689	0.5301	0.0000	0.2689	0.3381	-1.0000	0.1718	0.1718	-0.0000	0.3053
125.0000	176.0000	Respond Naturally	ProMax	3.0000	6.0000	2.0000	4	-1.0000	0.7893	0.4028	0.2771	0.0000	0.4028	0.3477	-1.0000	0.2943	0.2943	-0.0000	0.4881
125.0000	177.0000	Respond Naturally	IceCreamVanilla	6.0000	6.0000	2.0000	1	1.0000	1.1090	0.1345	-0.2972	1.0000	0.3698	0.4589	-1.0000	0.6897	0.7336	-0.0440	1.4232
125.0000	178.0000	Respond Naturally	Cheerios	3.0000	2.0000	2.0000	5	-1.0000	0.7055	0.3023	0.1218	0.0000	0.3023	0.2412	-1.0000	0.0885	0.1252	-0.0367	0.2622
125.0000	179.0000	Respond Naturally	HoneyNutCheerios	2.0000	2.0000	2.0000	2	-1.0000	0.6386	0.1344	0.2694	0.0000	0.1344	0.2322	-1.0000	0.1696	0.1696	-0.0000	0.4265
125.0000	180.0000	Respond Naturally	NatureValleyChocolate	1.0000	2.0000	3.0000	1	-1.0000	0.6886	0.3526	0.3386	0.0000	0.3526	0.2726	-1.0000	0.0609	0.0613	-0.0004	0.1360
125.0000	181.0000	Decrease Desire	OatBran	1.0000	1.0000	2.0000	2	-1.0000	0.7896	0.2015	0.1121	0.0000	0.2015	0.3932	-1.0000	0.2595	0.2653	-0.0057	0.6050
125.0000	182.0000	Decrease Desire	AllBranBar	1.0000	1.0000	5.0000	3	-1.0000	0.4537	0.1009	0.1706	0.0000	0.1009	0.3643	-1.0000	0.2299	0.2299	-0.0000	0.4876
125.0000	183.0000	Decrease Desire	AllBranCereal	1.0000	2.0000	2.0000	2	-1.0000	1.0914	0.7553	0.1157	0.0000	0.7553	0.2307	-1.0000	0.0949	0.0950	-0.0001	0.2937
125.0000	184.0000	Decrease Desire	Pringles	6.0000	1.0000	1.0000	5	-1.0000	0.7057	0.2185	0.2586	0.0000	0.2185	0.2917	-1.0000	0.1510	0.1510	-0.0000	0.2983
125.0000	185.0000	Decrease Desire	RiceKrispiesCereal	3.0000	2.0000	2.0000	3	-1.0000	0.7559	0.3191	0.1121	0.0000	0.3191	0.3366	-1.0000	0.2114	0.2508	-0.0394	0.5492
125.0000	186.0000	Decrease Desire	Spinach	1.0000	1.0000	6.0000	4	-1.0000	0.4707	0.1010	0.0906	0.0000	0.1010	0.2433	-1.0000	0.1881	0.1907	-0.0026	0.4794
125.0000	187.0000	Decrease Desire	RufflesSourCreamOnion	6.0000	6.0000	1.0000	5	1.0000	0.8736	0.1177	-0.3025	1.0000	0.4370	0.4649	-1.0000	0.5891	0.5891	-0.0000	1.1154
125.0000	188.0000	Decrease Desire	RitzCrackers	5.0000	5.0000	1.0000	5	-1.0000	0.6547	0.3356	0.0339	0.0000	0.3356	0.2075	-1.0000	0.2722	0.2722	-0.0000	0.5027
125.0000	189.0000	Decrease Desire	PCChipCookie	6.0000	6.0000	1.0000	5	1.0000	1.1259	0.2183	-0.0581	1.0000	0.4367	0.2925	-1.0000	0.3102	0.3619	-0.0517	0.9401
125.0000	190.0000	Decrease Desire	Pringles	6.0000	6.0000	2.0000	2	-1.0000	0.5882	0.1513	0.3244	0.0000	0.1513	0.5214	-1.0000	0.2554	0.2554	-0.0000	0.6004
125.0000	191.0000	Respond Naturally	AlmondMilk	1.0000	1.0000	2.0000	2	-1.0000	0.6720	0.1510	0.1885	0.0000	0.1510	0.3929	-1.0000	0.2898	0.2898	-0.0000	0.6001
125.0000	192.0000	Respond Naturally	Asparagus	1.0000	1.0000	5.0000	3	-1.0000	0.4536	0.1007	0.2357	0.0000	0.1007	0.5277	-1.0000	0.3458	0.3458	-0.0000	0.8199
125.0000	193.0000	Respond Naturally	RaisinBran	3.0000	1.0000	2.0000	7	-1.0000	1.0581	0.2013	0.3504	0.0000	0.2013	0.1954	-1.0000	0.0535	0.1115	-0.0580	0.3122
125.0000	194.0000	Respond Naturally	Strawberries	3.0000	1.0000	4.0000	2	-1.0000	0.6384	0.2353	0.2046	0.0000	0.2353	0.1924	-1.0000	0.1801	0.1801	-0.0000	0.4051
125.0000	195.0000	Respond Naturally	SlimStyles	1.0000	1.0000	5.0000	2	-1.0000	0.9742	0.4699	0.2903	0.0000	0.4699	0.3636	-1.0000	0.4063	0.4063	-0.0000	0.6110
125.0000	196.0000	Respond Naturally	LaysClassic	6.0000	6.0000	1.0000	4	1.0000	2.2003	0.1176	-0.1897	1.0000	1.5953	0.4724	-1.0000	1.1321	1.1321	-0.0000	1.4216
125.0000	197.0000	Respond Naturally	Aero	6.0000	6.0000	6.0000	3	1.0000	1.2429	0.6211	-0.1082	0.0000	0.6211	0.5018	1.0000	0.5986	0.6281	-0.0295	1.1381
125.0000	198.0000	Respond Naturally	Starburst	6.0000	6.0000	6.0000	6	1.0000	1.2265	0.1177	-0.1536	1.0000	0.7225	0.5806	-1.0000	0.8889	0.8889	-0.0000	1.4746
125.0000	199.0000	Respond Naturally	Almonds	2.0000	5.0000	2.0000	2	-1.0000	0.7559	0.1680	0.2095	1.0000	0.4031	0.5111	1.0000	0.3855	0.3855	-0.0000	0.7723
125.0000	200.0000	Respond Naturally	FrozenCorn	5.0000	1.0000	6.0000	4	-1.0000	0.6049	0.1345	0.1489	0.0000	0.1345	0.2676	-1.0000	0.0949	0.1422	-0.0473	0.4395
