Subject	Trial	Instruction	Food	Liking	Taste	Health	Amount	Choice	ChoiceRT	FirstDevTimeChoice	InitAngleChoice	NumChangeMindChoice	FinalDevTimeChoice	MaxVelocityChoice	DrxFirstDevChoice	TotalAUCChoice	AUCtoNonChosenChoice	AUCtoChosenChoice	MaxDevChoice
129.0000	1.0000	Respond Naturally	SkittlesSour	5.0000	6.0000	2.0000	6	1.0000	1.6298	0.1009	0.2270	2.0000	0.4706	0.3072	1.0000	0.2839	0.2839	-0.0000	1.5096
129.0000	2.0000	Respond Naturally	FrootLoops	4.0000	4.0000	2.0000	6	1.0000	0.7055	0.1009	0.2945	0.0000	0.1009	0.1901	1.0000	0.1647	0.1647	-0.0000	0.3378
129.0000	3.0000	Respond Naturally	Snickers	5.0000	6.0000	2.0000	3	1.0000	0.7229	0.1348	0.6688	0.0000	0.1348	0.2716	1.0000	0.0678	0.0716	-0.0039	0.1769
129.0000	4.0000	Respond Naturally	NatureValleyChocolate	4.0000	3.0000	2.0000	4	-1.0000	0.7558	0.4367	0.7190	0.0000	0.4367	0.4162	-1.0000	0.0461	0.0461	-0.0000	0.0658
129.0000	5.0000	Respond Naturally	AllBranCereal	2.0000	2.0000	5.0000	2	-1.0000	1.3944	0.1009	-0.6807	1.0000	0.7727	0.2778	1.0000	0.4115	0.4115	-0.0000	0.9899
129.0000	6.0000	Respond Naturally	CoffeeCrisp	5.0000	6.0000	2.0000	3	1.0000	1.0415	0.1008	-0.5906	1.0000	0.6385	0.2880	-1.0000	0.6791	0.6791	-0.0000	1.2235
129.0000	7.0000	Respond Naturally	RitzCrackers	4.0000	4.0000	4.0000	5	-1.0000	0.6886	0.2855	0.6794	0.0000	0.2855	0.3491	-1.0000	0.1113	0.1114	-0.0001	0.2445
129.0000	8.0000	Respond Naturally	OikosYogurt	2.0000	4.0000	5.0000	6	1.0000	1.2770	0.2016	0.3869	1.0000	0.6385	0.2681	-1.0000	0.5617	0.5617	-0.0000	1.6204
129.0000	9.0000	Respond Naturally	SlimStyles	1.0000	1.0000	4.0000	2	-1.0000	1.2429	0.3358	NA	1.0000	0.6550	0.2713	1.0000	0.3614	0.3614	-0.0000	1.2417
129.0000	10.0000	Respond Naturally	Twizzlers	5.0000	5.0000	2.0000	2	-1.0000	1.0246	0.1344	-0.4170	1.0000	0.4032	0.2076	1.0000	0.2881	0.2881	-0.0000	0.7517
129.0000	11.0000	Decrease Desire	AllBranBar	2.0000	2.0000	5.0000	3	-1.0000	2.6706	0.1510	0.7170	3.0000	1.9986	0.3490	1.0000	0.6232	0.6261	-0.0030	1.6023
129.0000	12.0000	Decrease Desire	RaisinBran	2.0000	1.0000	5.0000	7	-1.0000	1.6291	0.5205	-0.0237	1.0000	0.7053	0.3703	1.0000	0.3559	0.3568	-0.0009	1.3616
129.0000	13.0000	Decrease Desire	PopTartStrawberry	4.0000	4.0000	2.0000	5	1.0000	1.1250	0.4027	0.2591	1.0000	0.7219	0.3371	-1.0000	0.4673	0.4673	-0.0000	1.3555
129.0000	14.0000	Decrease Desire	Cheerios	2.0000	3.0000	5.0000	5	-1.0000	1.3937	0.2686	0.2830	0.0000	0.2686	0.2686	-1.0000	0.0398	0.0430	-0.0032	0.1394
129.0000	15.0000	Decrease Desire	FrozenOkra	2.0000	1.0000	6.0000	5	-1.0000	1.1084	0.3188	0.7502	0.0000	0.3188	0.1576	-1.0000	0.0428	0.0428	-0.0000	0.0988
129.0000	16.0000	Decrease Desire	Aero	5.0000	6.0000	6.0000	1	-1.0000	1.1088	0.1007	0.7702	2.0000	0.6384	0.1890	-1.0000	0.1162	0.1168	-0.0006	0.5611
129.0000	17.0000	Decrease Desire	GreenPepper	2.0000	1.0000	6.0000	6	-1.0000	0.9070	0.2351	0.4073	0.0000	0.2351	0.2431	-1.0000	0.0854	0.0854	-0.0000	0.2146
129.0000	18.0000	Decrease Desire	Butternut	3.0000	1.0000	4.0000	7	-1.0000	0.9743	0.2016	0.5151	0.0000	0.2016	0.1992	-1.0000	0.0188	0.0222	-0.0034	-0.0516
129.0000	19.0000	Decrease Desire	BBQCrisps	3.0000	5.0000	2.0000	2	-1.0000	0.9740	0.2350	0.4153	0.0000	0.2350	0.2161	-1.0000	0.0878	0.0878	-0.0000	0.1567
129.0000	20.0000	Decrease Desire	BabyFoodCarrots	4.0000	4.0000	4.0000	5	-1.0000	0.9576	0.1512	0.7658	0.0000	0.1512	0.1881	-1.0000	-0.0265	0.0007	-0.0272	-0.0817
129.0000	21.0000	Decrease Desire	AlmondMilk	3.0000	2.0000	3.0000	4	-1.0000	1.0243	0.4196	1.0050	0.0000	0.4196	0.2442	-1.0000	-0.0412	0.0259	-0.0671	-0.1637
129.0000	22.0000	Decrease Desire	SkimMilk	3.0000	4.0000	5.0000	1	-1.0000	0.9738	0.2180	1.0198	0.0000	0.2180	0.2237	-1.0000	-0.0198	0.0066	-0.0265	-0.0996
129.0000	23.0000	Decrease Desire	DriedHerring	1.0000	1.0000	5.0000	1	-1.0000	0.8904	0.2015	0.6673	0.0000	0.2015	0.2566	-1.0000	0.0567	0.0569	-0.0002	0.1200
129.0000	24.0000	Decrease Desire	FrozenPeas	1.0000	1.0000	6.0000	2	-1.0000	0.7559	0.2183	0.8507	0.0000	0.2183	0.1670	-1.0000	0.0610	0.0680	-0.0069	0.2167
129.0000	25.0000	Decrease Desire	LaysClassic	5.0000	4.0000	2.0000	3	-1.0000	1.3266	0.1677	0.8932	0.0000	0.1677	0.1265	-1.0000	0.0307	0.0403	-0.0096	0.2080
129.0000	26.0000	Decrease Desire	GreenBeans	2.0000	2.0000	6.0000	2	-1.0000	0.7221	0.1006	0.9998	0.0000	0.1006	0.1802	-1.0000	0.0109	0.0277	-0.0168	-0.1047
129.0000	27.0000	Decrease Desire	Bananas	4.0000	4.0000	6.0000	2	-1.0000	0.9070	0.1008	0.4765	0.0000	0.1008	0.2356	-1.0000	0.1056	0.1056	-0.0000	0.2195
129.0000	28.0000	Decrease Desire	MangoChunks	2.0000	3.0000	6.0000	2	1.0000	1.2261	0.3358	-0.4062	1.0000	0.6046	0.2118	-1.0000	0.4309	0.4309	-0.0000	0.9995
129.0000	29.0000	Decrease Desire	TofuDessert	1.0000	1.0000	4.0000	4	-1.0000	1.0244	0.3189	0.6052	0.0000	0.3189	0.1578	-1.0000	0.0329	0.0329	-0.0000	0.0556
129.0000	30.0000	Decrease Desire	Tuna	4.0000	5.0000	4.0000	4	-1.0000	0.9406	0.2686	0.8554	0.0000	0.2686	0.1963	-1.0000	0.0754	0.0802	-0.0048	0.2451
129.0000	31.0000	Respond Naturally	Shreddies	2.0000	2.0000	4.0000	5	-1.0000	1.0581	0.2013	0.6638	0.0000	0.2013	0.2969	-1.0000	-0.0088	0.0445	-0.0533	0.2486
129.0000	32.0000	Respond Naturally	Mackerel	1.0000	1.0000	6.0000	3	-1.0000	1.0752	0.2184	0.7728	1.0000	0.5209	0.3513	1.0000	0.2221	0.2249	-0.0029	0.8771
129.0000	33.0000	Respond Naturally	GreenGrapes	1.0000	1.0000	6.0000	1	-1.0000	0.8564	0.3357	0.5034	0.0000	0.3357	0.2100	-1.0000	0.0476	0.0524	-0.0047	0.1347
129.0000	34.0000	Respond Naturally	GreenPepper	2.0000	2.0000	2.0000	2	-1.0000	0.9239	0.2352	0.0859	1.0000	0.3864	0.2510	1.0000	0.0608	0.0717	-0.0109	0.3100
129.0000	35.0000	Respond Naturally	ClamJuice	1.0000	1.0000	2.0000	1	-1.0000	1.2593	0.5540	0.7289	0.0000	0.5540	0.2321	-1.0000	0.0202	0.0202	-0.0000	0.1619
129.0000	36.0000	Respond Naturally	Almonds	2.0000	1.0000	6.0000	4	-1.0000	1.0076	0.2684	0.7424	0.0000	0.2684	0.3388	-1.0000	-0.0431	0.0030	-0.0460	-0.1960
129.0000	37.0000	Respond Naturally	AllBranBar	2.0000	2.0000	5.0000	1	-1.0000	1.2094	0.1680	0.7808	0.0000	0.1680	0.2596	-1.0000	0.0148	0.0166	-0.0018	0.0699
129.0000	38.0000	Respond Naturally	FrozenPeaches	2.0000	4.0000	5.0000	5	1.0000	1.9982	0.1175	-0.7086	1.0000	1.3770	0.4000	-1.0000	0.7474	0.7474	-0.0000	1.1848
129.0000	39.0000	Respond Naturally	VegetableThins	4.0000	3.0000	2.0000	5	-1.0000	1.0917	0.1006	0.6717	0.0000	0.1006	0.3139	-1.0000	0.1209	0.1216	-0.0007	0.6692
129.0000	40.0000	Respond Naturally	KashiBars	3.0000	4.0000	4.0000	4	-1.0000	0.9406	0.4030	0.1414	0.0000	0.4030	0.1298	-1.0000	0.1083	0.1083	-0.0000	0.1929
129.0000	41.0000	Decrease Desire	Skittles	5.0000	5.0000	2.0000	3	-1.0000	1.4951	0.2184	-0.0035	2.0000	0.8063	0.3248	-1.0000	0.7250	0.7250	-0.0000	1.7167
129.0000	42.0000	Decrease Desire	WelchsFruitSnacks	5.0000	4.0000	3.0000	1	-1.0000	0.9069	0.4365	0.8869	0.0000	0.4365	0.1746	-1.0000	-0.0720	0.0014	-0.0734	-0.1764
129.0000	43.0000	Decrease Desire	MnMPeanuts	5.0000	5.0000	2.0000	4	-1.0000	0.9576	0.1008	0.9789	0.0000	0.1008	0.2378	-1.0000	-0.1294	0.0000	-0.1294	-0.3065
129.0000	44.0000	Decrease Desire	SunChips	4.0000	6.0000	1.0000	4	-1.0000	1.2596	0.3863	0.7545	0.0000	0.3863	0.1706	-1.0000	-0.0165	0.0181	-0.0346	-0.1266
129.0000	45.0000	Decrease Desire	RomaineLettuce	2.0000	2.0000	6.0000	4	-1.0000	0.8397	0.2184	0.4897	0.0000	0.2184	0.1718	-1.0000	0.1151	0.1151	-0.0000	0.2219
129.0000	46.0000	Decrease Desire	AppleChips	3.0000	3.0000	5.0000	5	-1.0000	1.0414	0.5037	0.7488	0.0000	0.5037	0.2173	-1.0000	0.0979	0.0979	-0.0000	0.2835
129.0000	47.0000	Decrease Desire	Strawberries	3.0000	5.0000	6.0000	3	-1.0000	2.0652	0.3863	0.8563	0.0000	0.3863	0.1547	-1.0000	-0.0243	0.0092	-0.0336	-0.1845
129.0000	48.0000	Decrease Desire	Broccoli	2.0000	2.0000	6.0000	1	-1.0000	1.1925	0.1680	0.4857	0.0000	0.1680	0.1374	-1.0000	0.0703	0.0703	-0.0000	0.1106
129.0000	49.0000	Decrease Desire	RedPepper	2.0000	2.0000	4.0000	2	-1.0000	0.7890	0.1677	0.7845	0.0000	0.1677	0.2901	-1.0000	0.1136	0.1153	-0.0017	0.2908
129.0000	50.0000	Decrease Desire	YorkPeppermintPatties	2.0000	3.0000	3.0000	4	-1.0000	0.9909	0.3524	1.0265	0.0000	0.3524	0.2029	-1.0000	0.0082	0.0602	-0.0519	0.1766
129.0000	51.0000	Respond Naturally	Smartfood	6.0000	6.0000	2.0000	4	1.0000	0.8230	0.2855	-0.6005	0.0000	0.2855	0.1542	1.0000	0.0680	0.0680	-0.0000	0.1814
129.0000	52.0000	Respond Naturally	FrozenBlueberries	3.0000	4.0000	6.0000	3	1.0000	1.0749	0.1008	-0.0041	0.0000	0.1008	0.2922	1.0000	0.0044	0.0490	-0.0446	0.2676
129.0000	53.0000	Respond Naturally	Almonds	2.0000	2.0000	6.0000	2	-1.0000	1.1086	0.1007	-0.0770	1.0000	0.3359	0.3233	1.0000	0.6486	0.6546	-0.0060	1.6051
129.0000	54.0000	Respond Naturally	FrozenBroccoli	2.0000	1.0000	6.0000	6	-1.0000	1.1424	0.1008	-0.5594	1.0000	0.4368	0.2506	1.0000	0.5275	0.5275	-0.0000	1.1955
129.0000	55.0000	Respond Naturally	Shreddies	2.0000	2.0000	4.0000	2	-1.0000	1.1759	0.5544	-0.0744	0.0000	0.5544	0.1873	-1.0000	0.1082	0.1139	-0.0057	0.2721
129.0000	56.0000	Respond Naturally	OatmealSquares	2.0000	2.0000	5.0000	3	-1.0000	0.7727	0.2519	0.5542	0.0000	0.2519	0.2175	-1.0000	0.0504	0.0568	-0.0065	0.1265
129.0000	57.0000	Respond Naturally	RomaineLettuce	2.0000	2.0000	6.0000	2	-1.0000	0.7895	0.2183	0.7089	0.0000	0.2183	0.2834	-1.0000	0.0484	0.0484	-0.0000	0.1198
129.0000	58.0000	Respond Naturally	Raspberries	2.0000	1.0000	6.0000	5	-1.0000	1.4276	0.3860	0.2173	1.0000	0.7556	0.4330	1.0000	0.6925	0.6934	-0.0009	1.8348
129.0000	59.0000	Respond Naturally	Cheetos	5.0000	5.0000	1.0000	3	1.0000	2.1999	0.2016	-0.2048	1.0000	1.7465	0.4525	-1.0000	0.8968	0.8973	-0.0005	1.3220
129.0000	60.0000	Respond Naturally	Onion	2.0000	2.0000	5.0000	4	-1.0000	0.9738	0.3526	-0.1668	0.0000	0.3526	0.2428	-1.0000	0.1581	0.1581	-0.0000	0.4041
129.0000	61.0000	Respond Naturally	SlicedTurkey	2.0000	4.0000	4.0000	2	-1.0000	1.1926	0.1008	0.4586	0.0000	0.1008	0.1515	-1.0000	0.0258	0.0266	-0.0009	0.1034
129.0000	62.0000	Respond Naturally	GreenApple	4.0000	4.0000	6.0000	4	1.0000	1.3103	0.2016	-0.2712	1.0000	0.5712	0.2718	-1.0000	0.4167	0.4167	-0.0000	1.3346
129.0000	63.0000	Respond Naturally	Doritos	6.0000	6.0000	2.0000	2	1.0000	1.4782	0.4870	-0.7334	1.0000	0.7222	0.1889	-1.0000	0.4617	0.4617	-0.0000	0.9263
129.0000	64.0000	Respond Naturally	Doritos	5.0000	6.0000	2.0000	5	1.0000	1.8971	0.1512	0.5422	0.0000	0.1512	0.2844	1.0000	0.0425	0.0425	-0.0000	0.2716
129.0000	65.0000	Respond Naturally	BabyFoodCarrots	4.0000	4.0000	6.0000	3	1.0000	0.8901	0.3192	0.5886	0.0000	0.3192	0.1556	1.0000	0.0308	0.0315	-0.0006	0.0873
129.0000	66.0000	Respond Naturally	RitzCrackers	3.0000	4.0000	3.0000	2	-1.0000	1.4949	0.1008	-0.4151	1.0000	0.8062	0.4814	1.0000	0.5617	0.5617	-0.0000	1.2197
129.0000	67.0000	Respond Naturally	SlimStyles	1.0000	1.0000	4.0000	6	-1.0000	1.1424	0.2520	-0.3098	2.0000	0.5040	0.3235	-1.0000	0.5726	0.5726	-0.0000	1.1899
129.0000	68.0000	Respond Naturally	Avocado	4.0000	4.0000	4.0000	2	-1.0000	1.8305	0.3863	-0.2850	2.0000	1.4946	0.1647	-1.0000	0.1507	0.1511	-0.0004	0.5183
129.0000	69.0000	Respond Naturally	Smartfood	5.0000	6.0000	2.0000	2	1.0000	0.9236	0.3524	-0.4035	0.0000	0.3524	0.2786	1.0000	0.2961	0.2961	-0.0000	0.5505
129.0000	70.0000	Respond Naturally	Reese	5.0000	6.0000	6.0000	1	1.0000	1.3436	0.1008	-0.3600	1.0000	0.3024	0.2179	-1.0000	0.2862	0.2955	-0.0093	1.1682
129.0000	71.0000	Decrease Desire	Caramilk	5.0000	6.0000	6.0000	5	1.0000	1.1256	0.2016	0.0957	0.0000	0.2016	0.1678	1.0000	0.1139	0.1155	-0.0016	0.3600
129.0000	72.0000	Decrease Desire	Starburst	5.0000	5.0000	2.0000	6	1.0000	0.9408	0.1007	0.7397	0.0000	0.1007	0.1258	1.0000	0.0529	0.0570	-0.0041	0.2263
129.0000	73.0000	Decrease Desire	Celery	2.0000	2.0000	6.0000	2	-1.0000	1.2095	0.2015	-0.4713	1.0000	0.6046	0.2546	1.0000	0.6036	0.6036	-0.0000	1.2617
129.0000	74.0000	Decrease Desire	HoneyNutCheerios	3.0000	4.0000	3.0000	2	-1.0000	1.0913	0.4365	-0.0508	0.0000	0.4365	0.2986	-1.0000	0.2526	0.2526	-0.0001	0.6029
129.0000	75.0000	Decrease Desire	OatmealSquares	2.0000	2.0000	4.0000	7	-1.0000	0.9073	0.1848	0.0564	0.0000	0.1848	0.1693	-1.0000	0.0537	0.0789	-0.0252	0.2046
129.0000	76.0000	Decrease Desire	Avocado	3.0000	4.0000	6.0000	5	-1.0000	0.9908	0.5205	0.7624	0.0000	0.5205	0.1835	-1.0000	0.0104	0.0145	-0.0041	0.0402
129.0000	77.0000	Decrease Desire	KashiBars	4.0000	3.0000	4.0000	1	-1.0000	0.8400	0.3025	0.7800	0.0000	0.3025	0.1061	-1.0000	-0.0357	0.0002	-0.0359	-0.0919
129.0000	78.0000	Decrease Desire	NatureValleyChocolate	3.0000	2.0000	2.0000	1	-1.0000	1.0247	0.2856	0.2292	1.0000	0.4872	0.3198	1.0000	0.2403	0.2794	-0.0391	1.1424
129.0000	79.0000	Decrease Desire	CheeseNips	4.0000	5.0000	2.0000	2	-1.0000	1.0245	0.2688	0.7702	1.0000	0.4200	0.2769	1.0000	0.1122	0.1188	-0.0066	0.3455
129.0000	80.0000	Decrease Desire	SpeltCakes	4.0000	4.0000	4.0000	2	-1.0000	0.9578	0.1513	0.8906	0.0000	0.1513	0.1580	-1.0000	-0.0485	0.0001	-0.0486	-0.1132
129.0000	81.0000	Respond Naturally	RufflesSourCreamOnion	5.0000	6.0000	2.0000	5	1.0000	0.8902	0.2855	-0.0042	0.0000	0.2855	0.1666	1.0000	0.0795	0.0954	-0.0160	0.2722
129.0000	82.0000	Respond Naturally	IceCreamVanilla	4.0000	6.0000	2.0000	4	1.0000	0.7392	0.2856	0.3614	0.0000	0.2856	0.1588	1.0000	0.0933	0.0963	-0.0030	0.2191
129.0000	83.0000	Respond Naturally	ClifBar	4.0000	2.0000	3.0000	4	-1.0000	1.0919	0.1513	-0.5580	1.0000	0.4032	0.2484	1.0000	0.7479	0.7479	-0.0000	1.5351
129.0000	84.0000	Respond Naturally	WelchsFruitSnacks	5.0000	4.0000	3.0000	3	-1.0000	1.5619	0.2016	0.3708	1.0000	0.4536	0.2282	1.0000	0.3035	0.3035	-0.0000	1.2265
129.0000	85.0000	Respond Naturally	Smarties	5.0000	5.0000	2.0000	2	1.0000	1.0413	0.4367	0.0575	0.0000	0.4367	0.3231	1.0000	0.0741	0.1175	-0.0434	0.2816
129.0000	86.0000	Respond Naturally	DriedHerring	1.0000	1.0000	6.0000	3	-1.0000	1.2763	0.1341	-0.2422	1.0000	0.6379	0.2114	1.0000	0.2934	0.3271	-0.0337	0.7732
129.0000	87.0000	Respond Naturally	AlmondMilk	2.0000	2.0000	4.0000	2	-1.0000	1.0246	0.1681	-0.3253	1.0000	0.4033	0.3397	1.0000	0.2743	0.2743	-0.0000	0.7690
129.0000	88.0000	Respond Naturally	Reese	6.0000	6.0000	6.0000	4	1.0000	0.9068	0.4198	-0.2093	0.0000	0.4198	0.2321	1.0000	0.3069	0.3069	-0.0000	0.5929
129.0000	89.0000	Respond Naturally	SevenGrain	4.0000	4.0000	4.0000	3	-1.0000	0.9739	0.5206	-0.0000	0.0000	0.5206	0.2731	-1.0000	0.2996	0.2996	-0.0000	0.5334
129.0000	90.0000	Respond Naturally	Orange	4.0000	4.0000	6.0000	5	1.0000	2.4181	0.4198	0.0000	3.0000	1.4780	0.3438	-1.0000	0.2020	0.2186	-0.0165	1.1913
129.0000	91.0000	Decrease Desire	Bananas	3.0000	4.0000	6.0000	3	-1.0000	2.0992	0.4029	-0.2208	1.0000	1.4609	0.2399	1.0000	0.7261	0.7261	-0.0000	1.2588
129.0000	92.0000	Decrease Desire	ProMax	5.0000	4.0000	3.0000	4	-1.0000	0.7892	0.2518	0.3263	0.0000	0.2518	0.2428	-1.0000	0.0203	0.0606	-0.0403	0.1578
129.0000	93.0000	Decrease Desire	Spinach	2.0000	2.0000	1.0000	4	-1.0000	0.7388	0.2181	0.7689	0.0000	0.2181	0.2406	-1.0000	0.0191	0.0271	-0.0080	0.0853
129.0000	94.0000	Decrease Desire	Beets	1.0000	1.0000	6.0000	5	-1.0000	0.7222	0.2183	0.5630	0.0000	0.2183	0.3488	-1.0000	0.0168	0.0246	-0.0078	0.0654
129.0000	95.0000	Decrease Desire	MangoChunks	4.0000	4.0000	6.0000	5	-1.0000	1.0912	0.6210	0.8277	0.0000	0.6210	0.3981	-1.0000	-0.0393	0.0000	-0.0393	-0.0788
129.0000	96.0000	Decrease Desire	Raspberries	1.0000	1.0000	6.0000	4	-1.0000	0.7219	0.1006	0.9170	0.0000	0.1006	0.4692	1.0000	-0.1114	0.0000	-0.1114	-0.1762
129.0000	97.0000	Decrease Desire	Cauliflower	1.0000	1.0000	1.0000	6	-1.0000	0.9911	0.1848	0.5430	0.0000	0.1848	0.1817	-1.0000	0.0748	0.0748	-0.0000	0.1602
129.0000	98.0000	Decrease Desire	Mentos	3.0000	5.0000	2.0000	2	-1.0000	0.8903	0.1511	1.0101	0.0000	0.1511	0.4123	1.0000	-0.1831	0.0000	-0.1831	-0.4059
129.0000	99.0000	Decrease Desire	CheeseNips	5.0000	5.0000	2.0000	5	-1.0000	0.6887	0.2015	0.8179	0.0000	0.2015	0.3099	-1.0000	0.0119	0.0266	-0.0148	0.0847
129.0000	100.0000	Decrease Desire	Tempeh	1.0000	1.0000	5.0000	4	-1.0000	0.5711	0.1848	0.8573	0.0000	0.1848	0.4110	-1.0000	-0.0323	0.0001	-0.0324	-0.0894
129.0000	101.0000	Respond Naturally	LaysClassic	5.0000	6.0000	2.0000	4	-1.0000	1.4609	0.4197	0.4273	1.0000	0.6549	0.3837	1.0000	0.2705	0.2796	-0.0091	1.2396
129.0000	102.0000	Respond Naturally	GreenGrapes	3.0000	3.0000	6.0000	4	1.0000	2.1497	0.1680	-0.2329	2.0000	0.7390	0.2511	1.0000	0.4040	0.4040	-0.0000	1.2973
129.0000	103.0000	Respond Naturally	DriedApricots	3.0000	3.0000	4.0000	2	-1.0000	1.0582	0.2350	1.0786	0.0000	0.2350	0.2326	-1.0000	-0.0645	0.0000	-0.0645	-0.1583
129.0000	104.0000	Respond Naturally	OatBran	1.0000	1.0000	2.0000	4	-1.0000	0.8565	0.3022	0.4721	0.0000	0.3022	0.2106	-1.0000	0.0687	0.0687	-0.0000	0.1455
129.0000	105.0000	Respond Naturally	Fritos	4.0000	4.0000	2.0000	2	1.0000	1.5453	0.1512	-0.5053	2.0000	0.9743	0.3343	1.0000	0.6315	0.6315	-0.0000	1.2486
129.0000	106.0000	Respond Naturally	Spinach	1.0000	2.0000	6.0000	2	-1.0000	1.2092	0.2184	0.3201	1.0000	0.4200	0.1959	1.0000	0.1248	0.1248	-0.0000	0.5678
129.0000	107.0000	Respond Naturally	DriedApricots	3.0000	4.0000	5.0000	5	-1.0000	1.2428	0.2518	0.2897	1.0000	0.6551	0.2873	1.0000	0.4574	0.4574	-0.0000	1.4503
129.0000	108.0000	Respond Naturally	SpeltCakes	4.0000	4.0000	3.0000	5	-1.0000	0.9238	0.2182	0.4171	1.0000	0.4535	0.3279	1.0000	0.2150	0.2150	-0.0000	0.6731
129.0000	109.0000	Respond Naturally	Fritos	4.0000	5.0000	2.0000	5	1.0000	1.1084	0.4869	-0.3668	0.0000	0.4869	0.1825	1.0000	0.1962	0.1962	-0.0000	0.4222
129.0000	110.0000	Respond Naturally	BBQCrisps	4.0000	4.0000	2.0000	6	1.0000	1.9819	0.4196	-0.3658	3.0000	1.0411	0.3323	-1.0000	0.6020	0.6054	-0.0035	1.2411
129.0000	111.0000	Decrease Desire	YorkPeppermintPatties	3.0000	3.0000	2.0000	2	-1.0000	1.1422	0.4030	0.6906	0.0000	0.4030	0.1962	-1.0000	0.0207	0.0414	-0.0207	0.1589
129.0000	112.0000	Decrease Desire	BrusselsSprouts	1.0000	1.0000	6.0000	4	-1.0000	1.1589	0.2687	0.4016	3.0000	0.9070	0.2800	1.0000	0.2398	0.2444	-0.0047	1.0084
129.0000	113.0000	Decrease Desire	WaterChestnuts	2.0000	1.0000	4.0000	3	-1.0000	0.7893	0.2351	0.5112	0.0000	0.2351	0.2305	-1.0000	0.1067	0.1067	-0.0000	0.2390
129.0000	114.0000	Decrease Desire	VanillaGreekYogurt	4.0000	4.0000	4.0000	4	-1.0000	0.7053	0.1343	0.7573	0.0000	0.1343	0.1851	-1.0000	0.0191	0.0192	-0.0001	0.0804
129.0000	115.0000	Decrease Desire	Triscuit	2.0000	1.0000	4.0000	2	-1.0000	0.6887	0.1343	0.9498	0.0000	0.1343	0.1386	-1.0000	0.0170	0.0217	-0.0048	0.0691
129.0000	116.0000	Decrease Desire	SkimMilk	2.0000	3.0000	4.0000	4	-1.0000	0.6382	0.1344	0.8455	0.0000	0.1344	0.2164	-1.0000	-0.0128	0.0006	-0.0133	-0.0574
129.0000	117.0000	Decrease Desire	SevenGrain	4.0000	2.0000	4.0000	1	-1.0000	0.6887	0.1176	0.2725	0.0000	0.1176	0.2004	-1.0000	0.0540	0.0540	-0.0000	0.1406
129.0000	118.0000	Decrease Desire	PopTartStrawberry	4.0000	4.0000	2.0000	2	-1.0000	0.5877	0.1007	0.4106	0.0000	0.1007	0.1978	-1.0000	0.0407	0.0407	-0.0000	0.1283
129.0000	119.0000	Decrease Desire	Orange	3.0000	4.0000	6.0000	1	-1.0000	0.6719	0.1008	0.6975	0.0000	0.1008	0.2347	-1.0000	0.0234	0.0234	-0.0000	0.0678
129.0000	120.0000	Decrease Desire	HoneyNutCheerios	3.0000	3.0000	4.0000	5	-1.0000	0.6886	0.1344	0.4839	0.0000	0.1344	0.1273	-1.0000	0.0679	0.0679	-0.0000	0.1311
129.0000	121.0000	Respond Naturally	TofuDessert	2.0000	2.0000	6.0000	2	-1.0000	1.7969	0.3021	-0.1612	0.0000	0.3021	0.2130	-1.0000	0.1536	0.2028	-0.0492	1.0190
129.0000	122.0000	Respond Naturally	GreenApple	4.0000	4.0000	6.0000	2	1.0000	3.5766	0.3024	-0.4131	3.0000	2.2332	0.2898	-1.0000	0.8074	0.8113	-0.0039	1.4897
129.0000	123.0000	Respond Naturally	AppleChips	3.0000	3.0000	5.0000	2	-1.0000	1.0915	0.2014	0.5618	0.0000	0.2014	0.1943	-1.0000	-0.0097	0.0045	-0.0142	-0.0682
129.0000	124.0000	Respond Naturally	EnglishCucumber	4.0000	4.0000	6.0000	2	-1.0000	0.9741	0.2183	0.5362	0.0000	0.2183	0.1942	-1.0000	-0.0288	0.0189	-0.0477	-0.2216
129.0000	125.0000	Respond Naturally	FrozenPeas	1.0000	2.0000	6.0000	6	-1.0000	0.7561	0.1176	0.5543	0.0000	0.1176	0.1352	-1.0000	-0.0093	0.0141	-0.0235	0.0797
129.0000	126.0000	Respond Naturally	Tuna	4.0000	4.0000	4.0000	2	-1.0000	0.9741	0.5374	0.6077	0.0000	0.5374	0.2401	-1.0000	0.0176	0.0292	-0.0116	0.1031
129.0000	127.0000	Respond Naturally	PCChipCookie	5.0000	6.0000	1.0000	2	1.0000	1.4443	0.2014	-0.6279	1.0000	0.5373	0.2846	-1.0000	0.3846	0.3930	-0.0084	1.1755
129.0000	128.0000	Respond Naturally	Butternut	3.0000	1.0000	5.0000	3	-1.0000	1.1423	0.2016	-0.0891	0.0000	0.2016	0.1487	-1.0000	0.0675	0.0675	-0.0000	0.2062
129.0000	129.0000	Respond Naturally	Pringles	3.0000	4.0000	2.0000	2	1.0000	1.1256	0.2352	-0.2980	1.0000	0.6048	0.4578	-1.0000	0.4135	0.4135	-0.0000	1.0099
129.0000	130.0000	Respond Naturally	Asparagus	1.0000	1.0000	6.0000	3	-1.0000	1.0245	0.1007	0.0044	1.0000	0.3023	0.2235	1.0000	0.1879	0.1883	-0.0004	0.6412
129.0000	131.0000	Decrease Desire	Skittles	5.0000	6.0000	1.0000	6	1.0000	1.3437	0.5877	-0.1628	0.0000	0.5877	0.2166	1.0000	0.0154	0.0391	-0.0237	0.1519
129.0000	132.0000	Decrease Desire	PCChipCookie	5.0000	6.0000	2.0000	5	-1.0000	3.1569	0.2185	-0.2166	1.0000	2.4684	0.4007	1.0000	0.8473	0.8473	-0.0000	1.4091
129.0000	133.0000	Decrease Desire	FrozenCorn	4.0000	4.0000	6.0000	4	-1.0000	1.0415	0.2353	0.3646	0.0000	0.2353	0.1074	-1.0000	0.0109	0.0291	-0.0182	0.1660
129.0000	134.0000	Decrease Desire	Onion	2.0000	3.0000	4.0000	2	-1.0000	0.9407	0.1512	0.8737	0.0000	0.1512	0.1840	-1.0000	-0.0406	0.0000	-0.0406	-0.1208
129.0000	135.0000	Decrease Desire	PureFit	1.0000	1.0000	5.0000	2	-1.0000	1.9312	0.1008	0.1651	0.0000	0.1008	0.2454	-1.0000	0.0323	0.0341	-0.0018	0.1435
129.0000	136.0000	Decrease Desire	Mars	6.0000	4.0000	1.0000	4	-1.0000	1.0578	0.1006	0.6004	0.0000	0.1006	0.2196	-1.0000	0.0087	0.0152	-0.0065	-0.0835
129.0000	137.0000	Decrease Desire	Mentos	5.0000	5.0000	2.0000	5	-1.0000	1.0077	0.4199	0.6697	0.0000	0.4199	0.3553	-1.0000	0.0488	0.0488	-0.0000	0.0992
129.0000	138.0000	Decrease Desire	CornFlakes	2.0000	2.0000	5.0000	3	-1.0000	1.0245	0.4367	0.9351	0.0000	0.4367	0.4830	1.0000	-0.1158	0.0000	-0.1158	-0.2347
129.0000	139.0000	Decrease Desire	Twizzlers	5.0000	5.0000	2.0000	4	-1.0000	0.8227	0.1008	0.7397	0.0000	0.1008	0.3116	-1.0000	0.0069	0.0069	-0.0000	0.0425
129.0000	140.0000	Decrease Desire	MnMPlain	4.0000	5.0000	2.0000	3	-1.0000	0.7895	0.1008	0.7585	0.0000	0.1008	0.3168	-1.0000	-0.0447	0.0011	-0.0458	-0.0916
129.0000	141.0000	Decrease Desire	FrozenOkra	1.0000	1.0000	6.0000	2	-1.0000	0.8396	0.3526	0.6118	0.0000	0.3526	0.2189	-1.0000	0.0633	0.0633	-0.0000	0.2690
129.0000	142.0000	Decrease Desire	Mars	5.0000	6.0000	2.0000	2	-1.0000	0.8231	0.4199	0.6706	0.0000	0.4199	0.2517	-1.0000	0.0610	0.0610	-0.0000	0.0924
129.0000	143.0000	Decrease Desire	RaisinBran	2.0000	1.0000	4.0000	3	-1.0000	0.6884	0.1006	0.7928	0.0000	0.1006	0.2415	-1.0000	0.0289	0.0312	-0.0023	0.0661
129.0000	144.0000	Decrease Desire	Pringles	6.0000	4.0000	2.0000	5	-1.0000	0.7729	0.2016	0.7604	0.0000	0.2016	0.2650	-1.0000	0.0598	0.0598	-0.0000	0.1381
129.0000	145.0000	Decrease Desire	VanillaGreekYogurt	3.0000	4.0000	4.0000	2	-1.0000	1.2760	0.3859	0.7584	0.0000	0.3859	0.2044	-1.0000	0.0125	0.0135	-0.0011	0.0533
129.0000	146.0000	Decrease Desire	FrozenBroccoli	1.0000	1.0000	6.0000	2	-1.0000	0.5708	0.1175	0.7485	0.0000	0.1175	0.2208	-1.0000	0.0011	0.0017	-0.0006	0.0288
129.0000	147.0000	Decrease Desire	GreenBeans	3.0000	1.0000	6.0000	4	-1.0000	1.0246	0.3694	0.5073	0.0000	0.3694	0.1992	-1.0000	0.0816	0.0816	-0.0000	0.1428
129.0000	148.0000	Decrease Desire	ProMax	5.0000	4.0000	4.0000	2	-1.0000	0.9574	0.1176	0.9482	0.0000	0.1176	0.2249	-1.0000	-0.0155	0.0113	-0.0268	-0.1300
129.0000	149.0000	Decrease Desire	RiceKrispiesCereal	3.0000	3.0000	4.0000	7	-1.0000	0.9405	0.3693	0.8405	0.0000	0.3693	0.2663	-1.0000	-0.0079	0.0124	-0.0203	0.0614
129.0000	150.0000	Decrease Desire	Cauliflower	2.0000	2.0000	6.0000	2	-1.0000	0.9741	0.4534	0.2527	0.0000	0.4534	0.1636	-1.0000	0.1406	0.1406	-0.0000	0.2088
129.0000	151.0000	Respond Naturally	Starburst	4.0000	6.0000	2.0000	3	1.0000	1.7805	0.2855	-0.3454	1.0000	0.7392	0.1472	-1.0000	0.2674	0.2674	-0.0000	0.8271
129.0000	152.0000	Respond Naturally	CannedArtichoke	2.0000	1.0000	6.0000	2	-1.0000	2.4515	0.1008	-0.1345	1.0000	0.6886	0.5743	1.0000	0.3703	0.3703	-0.0000	1.4697
129.0000	153.0000	Respond Naturally	BabyFoodSweetPotatos	4.0000	5.0000	5.0000	5	1.0000	1.6460	0.2519	0.4626	1.0000	0.6383	0.2651	-1.0000	0.3197	0.3197	-0.0000	1.1041
129.0000	154.0000	Respond Naturally	AllBranCereal	2.0000	2.0000	5.0000	6	-1.0000	1.1421	0.2688	-0.0069	1.0000	0.4704	0.2840	1.0000	0.3080	0.3080	-0.0000	1.0633
129.0000	155.0000	Respond Naturally	CoffeeCrisp	5.0000	5.0000	1.0000	1	1.0000	1.2766	0.2185	0.1295	1.0000	0.4705	0.2935	-1.0000	0.1471	0.1821	-0.0350	0.9306
129.0000	156.0000	Respond Naturally	Smarties	5.0000	6.0000	1.0000	5	1.0000	0.8231	0.1344	0.5979	0.0000	0.1344	0.2325	1.0000	0.0280	0.0343	-0.0063	0.1142
129.0000	157.0000	Respond Naturally	Snickers	5.0000	5.0000	2.0000	2	1.0000	0.7559	0.1008	0.3628	0.0000	0.1008	0.1600	1.0000	0.1373	0.1373	-0.0000	0.2644
129.0000	158.0000	Respond Naturally	EnglishCucumber	4.0000	4.0000	6.0000	5	-1.0000	0.9239	0.1008	-0.4061	1.0000	0.4368	0.4356	1.0000	0.5145	0.5145	-0.0000	1.2214
129.0000	159.0000	Respond Naturally	RufflesSourCreamOnion	5.0000	6.0000	2.0000	3	1.0000	0.7725	0.3527	0.6201	0.0000	0.3527	0.2261	1.0000	0.0415	0.0418	-0.0003	0.0987
129.0000	160.0000	Respond Naturally	Strawberries	3.0000	4.0000	6.0000	2	-1.0000	1.4617	0.1848	-0.3445	1.0000	0.9072	0.2970	1.0000	0.6653	0.6653	-0.0000	1.2412
129.0000	161.0000	Decrease Desire	IceCreamVanilla	6.0000	6.0000	2.0000	1	-1.0000	2.2168	0.1007	0.0349	3.0000	1.4946	0.4581	1.0000	0.8933	0.9006	-0.0073	1.6710
129.0000	162.0000	Decrease Desire	Triscuit	2.0000	2.0000	5.0000	5	-1.0000	0.7558	0.4031	0.5287	0.0000	0.4031	0.2037	-1.0000	0.0559	0.0559	-0.0000	0.1086
129.0000	163.0000	Decrease Desire	ClamJuice	1.0000	1.0000	2.0000	3	-1.0000	0.8901	0.2520	0.4573	0.0000	0.2520	0.3393	-1.0000	0.0226	0.0576	-0.0350	0.1682
129.0000	164.0000	Decrease Desire	MnMPeanuts	5.0000	4.0000	2.0000	2	-1.0000	1.4274	0.5204	0.4367	1.0000	0.7556	0.2941	1.0000	0.2665	0.2776	-0.0111	1.1550
129.0000	165.0000	Decrease Desire	CornFlakes	3.0000	3.0000	4.0000	6	-1.0000	0.7054	0.1008	0.7909	0.0000	0.1008	0.3339	-1.0000	-0.0277	0.0013	-0.0290	-0.0865
129.0000	166.0000	Decrease Desire	Nutella	5.0000	6.0000	2.0000	1	-1.0000	1.0746	0.1008	0.5001	0.0000	0.1008	0.3375	-1.0000	0.0725	0.0725	-0.0000	0.1792
129.0000	167.0000	Decrease Desire	FrootLoops	4.0000	4.0000	2.0000	2	-1.0000	0.8061	0.1008	0.8568	0.0000	0.1008	0.3662	-1.0000	-0.0203	0.0000	-0.0203	-0.0571
129.0000	168.0000	Decrease Desire	Prunes	1.0000	1.0000	5.0000	5	-1.0000	0.8902	0.2184	0.9464	0.0000	0.2184	0.3637	1.0000	-0.0695	0.0005	-0.0700	-0.2285
129.0000	169.0000	Decrease Desire	OatBran	1.0000	1.0000	5.0000	2	-1.0000	0.8230	0.3862	0.6174	0.0000	0.3862	0.2821	-1.0000	0.0621	0.0621	-0.0000	0.1090
129.0000	170.0000	Decrease Desire	IceCreamChocolate	5.0000	6.0000	6.0000	1	-1.0000	1.0581	0.1344	0.6584	0.0000	0.1344	0.2662	-1.0000	0.1007	0.1007	-0.0000	0.1476
129.0000	171.0000	Respond Naturally	Caramilk	5.0000	5.0000	2.0000	2	1.0000	1.2427	0.4031	-0.3156	0.0000	0.4031	0.1708	1.0000	0.0806	0.0916	-0.0110	0.2634
129.0000	172.0000	Respond Naturally	Cheetos	6.0000	6.0000	2.0000	6	1.0000	0.6887	0.1344	0.4718	0.0000	0.1344	0.1888	1.0000	0.0977	0.0977	-0.0000	0.2498
129.0000	173.0000	Respond Naturally	Celery	3.0000	3.0000	6.0000	4	-1.0000	1.3774	0.1680	-0.4348	1.0000	0.4873	0.3789	1.0000	0.3410	0.3679	-0.0269	1.3046
129.0000	174.0000	Respond Naturally	SkittlesSour	5.0000	5.0000	1.0000	3	1.0000	1.3606	0.1344	0.1239	0.0000	0.1344	0.2394	1.0000	0.0436	0.0828	-0.0392	0.3008
129.0000	175.0000	Respond Naturally	MnMPlain	6.0000	6.0000	1.0000	5	1.0000	1.0748	0.3358	0.2640	0.0000	0.3358	0.2386	1.0000	0.0375	0.0736	-0.0361	0.2170
129.0000	176.0000	Respond Naturally	Asparagus	1.0000	1.0000	6.0000	6	-1.0000	1.1253	0.3358	-0.4457	1.0000	0.4869	0.3267	1.0000	0.2363	0.2710	-0.0347	0.9507
129.0000	177.0000	Respond Naturally	FrozenPeaches	3.0000	4.0000	5.0000	2	-1.0000	2.2498	0.3861	0.3180	0.0000	0.3861	0.1840	-1.0000	0.0503	0.0555	-0.0051	0.1941
129.0000	178.0000	Respond Naturally	Prunes	1.0000	1.0000	6.0000	2	-1.0000	0.7894	0.1176	0.2131	0.0000	0.1176	0.2538	-1.0000	0.1226	0.1226	-0.0000	0.2646
129.0000	179.0000	Respond Naturally	SlicedTurkey	4.0000	4.0000	4.0000	5	-1.0000	1.5449	0.1007	0.0543	0.0000	0.1007	0.2021	-1.0000	0.0677	0.1221	-0.0544	0.3000
129.0000	180.0000	Respond Naturally	RiceKrispiesCereal	3.0000	2.0000	4.0000	3	-1.0000	1.2089	0.3189	0.5190	0.0000	0.3189	0.2187	-1.0000	0.0663	0.0665	-0.0001	0.1833
129.0000	181.0000	Decrease Desire	WaterChestnuts	1.0000	1.0000	6.0000	5	-1.0000	0.7055	0.1344	0.3926	0.0000	0.1344	0.3418	-1.0000	0.1323	0.1327	-0.0003	0.2897
129.0000	182.0000	Decrease Desire	FrozenCorn	1.0000	4.0000	6.0000	2	-1.0000	0.9908	0.4366	0.5933	0.0000	0.4366	0.2518	-1.0000	0.0752	0.0828	-0.0076	0.1744
129.0000	183.0000	Decrease Desire	Beets	1.0000	1.0000	6.0000	2	-1.0000	0.8734	0.4031	0.7204	0.0000	0.4031	0.2537	-1.0000	-0.0264	0.0023	-0.0287	-0.0903
129.0000	184.0000	Decrease Desire	FrozenBlueberries	3.0000	4.0000	6.0000	1	-1.0000	1.1420	0.4869	0.7965	0.0000	0.4869	0.3258	-1.0000	0.0237	0.0249	-0.0012	0.0906
129.0000	185.0000	Decrease Desire	VegetableThins	3.0000	4.0000	2.0000	2	-1.0000	1.0076	0.3359	0.4272	0.0000	0.3359	0.1745	-1.0000	0.1458	0.1458	-0.0000	0.2769
129.0000	186.0000	Decrease Desire	Cheerios	2.0000	1.0000	2.0000	2	-1.0000	1.2427	0.6381	0.7192	0.0000	0.6381	0.3141	-1.0000	0.0341	0.0436	-0.0096	0.1376
129.0000	187.0000	Decrease Desire	ClifBar	1.0000	2.0000	3.0000	2	-1.0000	0.6719	0.1176	0.8189	0.0000	0.1176	0.2153	-1.0000	-0.0315	0.0004	-0.0319	-0.0691
129.0000	188.0000	Decrease Desire	Broccoli	4.0000	2.0000	6.0000	4	-1.0000	0.6549	0.1510	0.4706	0.0000	0.1510	0.2713	-1.0000	0.0554	0.0719	-0.0165	0.1923
129.0000	189.0000	Decrease Desire	BrusselsSprouts	2.0000	1.0000	6.0000	2	-1.0000	0.9573	0.3191	0.7273	0.0000	0.3191	0.1969	-1.0000	0.0242	0.0317	-0.0075	0.1119
129.0000	190.0000	Decrease Desire	Aero	6.0000	6.0000	1.0000	3	-1.0000	1.0914	0.1008	0.7692	0.0000	0.1008	0.1764	-1.0000	-0.0670	0.0002	-0.0673	-0.1596
129.0000	191.0000	Respond Naturally	RedPepper	1.0000	1.0000	4.0000	5	-1.0000	0.9742	0.2183	0.4726	0.0000	0.2183	0.1598	-1.0000	0.0534	0.0537	-0.0003	0.2143
129.0000	192.0000	Respond Naturally	Tempeh	1.0000	1.0000	2.0000	2	-1.0000	0.8398	0.1176	0.6142	0.0000	0.1176	0.1924	-1.0000	0.0715	0.0715	-0.0000	0.1310
129.0000	193.0000	Respond Naturally	OikosYogurt	4.0000	4.0000	5.0000	3	-1.0000	0.9402	0.1510	0.7942	1.0000	0.3190	0.2896	1.0000	0.1205	0.1303	-0.0098	0.7013
129.0000	194.0000	Respond Naturally	Nutella	6.0000	6.0000	2.0000	4	1.0000	1.0920	0.1175	0.0610	2.0000	0.4368	0.3735	1.0000	0.1068	0.1726	-0.0658	0.8826
129.0000	195.0000	Respond Naturally	BabyFoodSweetPotatos	3.0000	4.0000	6.0000	2	1.0000	0.9404	0.3695	0.6502	0.0000	0.3695	0.2185	1.0000	0.0004	0.0054	-0.0050	0.0758
129.0000	196.0000	Respond Naturally	IceCreamChocolate	5.0000	6.0000	2.0000	4	1.0000	0.8569	0.5545	0.8082	0.0000	0.5545	0.1630	1.0000	-0.0723	0.0004	-0.0727	-0.1745
129.0000	197.0000	Respond Naturally	Mackerel	1.0000	1.0000	6.0000	1	-1.0000	1.2262	0.4032	-0.5362	0.0000	0.4032	0.3671	-1.0000	0.3756	0.3756	-0.0000	0.9912
129.0000	198.0000	Respond Naturally	PureFit	2.0000	4.0000	4.0000	4	-1.0000	1.3939	0.3359	-0.3237	2.0000	0.6719	0.2841	-1.0000	0.4199	0.4438	-0.0239	1.0996
129.0000	199.0000	Respond Naturally	SunChips	4.0000	4.0000	2.0000	2	1.0000	1.6289	0.2688	-0.1360	1.0000	0.9571	0.3819	-1.0000	0.6989	0.6989	-0.0000	1.4212
129.0000	200.0000	Respond Naturally	CannedArtichoke	1.0000	1.0000	6.0000	5	-1.0000	1.1923	0.2181	-0.3046	1.0000	0.6045	0.2706	1.0000	0.2309	0.2309	-0.0000	0.9238
