Subject	Trial	Instruction	Food	Liking	Taste	Health	Amount	Choice	ChoiceRT	FirstDevTimeChoice	InitAngleChoice	NumChangeMindChoice	FinalDevTimeChoice	MaxVelocityChoice	DrxFirstDevChoice	TotalAUCChoice	AUCtoNonChosenChoice	AUCtoChosenChoice	MaxDevChoice
85.0000	1.0000	Respond Naturally	RiceKrispiesCereal	4.0000	5.0000	4.0000	3	-1.0000	1.6291	0.6382	0.2021	0.0000	0.6382	0.2868	-1.0000	0.1808	0.2110	-0.0301	0.3483
85.0000	2.0000	Respond Naturally	Butternut	5.0000	6.0000	4.0000	3	-1.0000	1.6629	0.5879	0.2882	1.0000	1.0079	0.3352	1.0000	0.4677	0.4681	-0.0004	1.8155
85.0000	3.0000	Respond Naturally	OikosYogurt	1.0000	1.0000	5.0000	3	-1.0000	0.9573	0.4533	0.0430	0.0000	0.4533	0.3475	-1.0000	0.1080	0.1293	-0.0213	0.2712
85.0000	4.0000	Respond Naturally	SkimMilk	5.0000	6.0000	5.0000	1	1.0000	1.5281	0.4703	-0.3482	1.0000	1.0410	0.3453	-1.0000	0.6971	0.7049	-0.0078	1.3028
85.0000	5.0000	Respond Naturally	RaisinBran	4.0000	3.0000	4.0000	7	-1.0000	1.2261	0.7053	0.6197	0.0000	0.7053	0.1342	-1.0000	0.0785	0.0785	-0.0000	0.1893
85.0000	6.0000	Respond Naturally	Triscuit	4.0000	4.0000	4.0000	5	-1.0000	0.8565	0.4199	0.3416	0.0000	0.4199	0.1773	-1.0000	0.1806	0.1810	-0.0005	0.3163
85.0000	7.0000	Respond Naturally	FrozenCorn	6.0000	6.0000	4.0000	4	-1.0000	0.8905	0.3694	0.9270	0.0000	0.3694	0.3735	-1.0000	-0.0698	0.0001	-0.0699	-0.1190
85.0000	8.0000	Respond Naturally	FrozenBlueberries	6.0000	6.0000	5.0000	1	-1.0000	0.6723	0.3699	0.7397	0.0000	0.3699	0.2278	1.0000	-0.1181	0.0021	-0.1203	-0.2307
85.0000	9.0000	Respond Naturally	BBQCrisps	2.0000	6.0000	2.0000	6	-1.0000	0.6719	0.4368	0.5228	0.0000	0.4368	0.2275	1.0000	0.0052	0.0168	-0.0116	0.1299
85.0000	10.0000	Respond Naturally	GreenPepper	1.0000	1.0000	5.0000	6	-1.0000	0.6215	0.1008	0.6043	0.0000	0.1008	0.2783	-1.0000	0.0203	0.0206	-0.0003	0.1283
85.0000	11.0000	Decrease Desire	Butternut	4.0000	6.0000	5.0000	7	-1.0000	1.2603	0.1680	0.0379	0.0000	0.1680	0.0753	-1.0000	0.1224	0.1224	-0.0000	0.2618
85.0000	12.0000	Decrease Desire	Aero	2.0000	1.0000	2.0000	1	-1.0000	0.7561	0.2856	0.6589	0.0000	0.2856	0.1226	-1.0000	0.1124	0.1124	-0.0000	0.1789
85.0000	13.0000	Decrease Desire	BrusselsSprouts	5.0000	6.0000	4.0000	2	-1.0000	0.7223	0.3025	0.8464	0.0000	0.3025	0.2144	-1.0000	-0.0203	0.0007	-0.0210	-0.0575
85.0000	14.0000	Decrease Desire	YorkPeppermintPatties	1.0000	1.0000	2.0000	4	-1.0000	1.1416	0.1847	0.1089	0.0000	0.1847	0.2247	-1.0000	0.1423	0.1423	-0.0000	0.2788
85.0000	15.0000	Decrease Desire	FrootLoops	4.0000	5.0000	2.0000	6	-1.0000	1.2926	0.3021	0.0517	0.0000	0.3021	0.3148	-1.0000	0.0450	0.0662	-0.0212	0.2256
85.0000	16.0000	Decrease Desire	OatmealSquares	4.0000	4.0000	3.0000	7	-1.0000	0.6551	0.1848	0.2094	0.0000	0.1848	0.2548	-1.0000	0.1360	0.1613	-0.0253	0.3944
85.0000	17.0000	Decrease Desire	GreenGrapes	1.0000	5.0000	5.0000	1	-1.0000	0.7392	0.1344	0.1502	0.0000	0.1344	0.1703	-1.0000	0.1742	0.1742	-0.0000	0.3906
85.0000	18.0000	Decrease Desire	FrootLoops	4.0000	5.0000	2.0000	2	-1.0000	0.9406	0.4198	0.1932	0.0000	0.4198	0.1436	-1.0000	0.0534	0.0572	-0.0038	0.1377
85.0000	19.0000	Decrease Desire	Celery	6.0000	6.0000	5.0000	2	-1.0000	0.8731	0.4198	0.2316	0.0000	0.4198	0.2205	-1.0000	0.2000	0.2000	-0.0000	0.3565
85.0000	20.0000	Decrease Desire	Reese	4.0000	5.0000	2.0000	4	-1.0000	0.8567	0.3694	0.5665	0.0000	0.3694	0.2730	-1.0000	0.0063	0.0540	-0.0477	-0.1761
85.0000	21.0000	Respond Naturally	SlicedTurkey	5.0000	5.0000	5.0000	2	-1.0000	1.5116	1.0074	-0.0057	0.0000	1.0074	0.1441	-1.0000	0.1745	0.1847	-0.0102	0.3044
85.0000	22.0000	Respond Naturally	HoneyNutCheerios	4.0000	4.0000	5.0000	5	-1.0000	0.9571	0.4196	0.0226	0.0000	0.4196	0.1490	-1.0000	0.1844	0.1844	-0.0000	0.2821
85.0000	23.0000	Respond Naturally	ClamJuice	1.0000	6.0000	4.0000	3	-1.0000	0.9243	0.2521	0.2933	0.0000	0.2521	0.1411	-1.0000	0.1580	0.1580	-0.0000	0.2260
85.0000	24.0000	Respond Naturally	PopTartStrawberry	1.0000	3.0000	2.0000	5	-1.0000	0.9068	0.4029	-0.0767	0.0000	0.4029	0.1055	-1.0000	0.2226	0.2226	-0.0000	0.3328
85.0000	25.0000	Respond Naturally	SlicedTurkey	5.0000	5.0000	5.0000	5	-1.0000	0.8565	0.4869	-0.0000	0.0000	0.4869	0.2043	-1.0000	0.2074	0.2074	-0.0000	0.3448
85.0000	26.0000	Respond Naturally	MangoChunks	6.0000	6.0000	4.0000	2	1.0000	1.1084	0.6716	0.0000	0.0000	0.6716	0.1471	1.0000	0.2086	0.2086	-0.0000	0.3664
85.0000	27.0000	Respond Naturally	Mentos	1.0000	2.0000	1.0000	5	-1.0000	0.8566	0.4534	-0.0000	0.0000	0.4534	0.2093	-1.0000	0.2156	0.2156	-0.0000	0.3602
85.0000	28.0000	Respond Naturally	Cheerios	4.0000	5.0000	4.0000	5	-1.0000	0.9407	0.4535	0.2180	0.0000	0.4535	0.1858	-1.0000	0.1563	0.1563	-0.0000	0.2898
85.0000	29.0000	Respond Naturally	SpeltCakes	1.0000	1.0000	4.0000	5	-1.0000	0.8062	0.4199	0.2526	0.0000	0.4199	0.1822	-1.0000	0.1782	0.1782	-0.0000	0.2964
85.0000	30.0000	Respond Naturally	Pringles	1.0000	6.0000	2.0000	2	-1.0000	0.9397	0.5028	0.0624	0.0000	0.5028	0.1829	-1.0000	0.0874	0.0914	-0.0040	0.2465
85.0000	31.0000	Decrease Desire	Smarties	1.0000	1.0000	1.0000	2	-1.0000	0.9742	0.4534	0.1390	0.0000	0.4534	0.1164	-1.0000	0.1662	0.1662	-0.0000	0.2853
85.0000	32.0000	Decrease Desire	IceCreamVanilla	6.0000	6.0000	2.0000	1	1.0000	3.4267	0.3358	-0.3311	7.0000	2.9731	0.6827	-1.0000	0.5128	0.5228	-0.0099	1.4465
85.0000	33.0000	Decrease Desire	CheeseNips	4.0000	4.0000	2.0000	2	-1.0000	0.9236	0.4028	0.0659	0.0000	0.4028	0.0963	-1.0000	0.1315	0.1315	-0.0000	0.2377
85.0000	34.0000	Decrease Desire	Almonds	6.0000	6.0000	5.0000	4	-1.0000	0.9067	0.2016	0.4381	0.0000	0.2016	0.2224	-1.0000	0.1103	0.1103	-0.0000	0.3634
85.0000	35.0000	Decrease Desire	AppleChips	6.0000	6.0000	4.0000	5	-1.0000	0.7389	0.1007	0.4077	0.0000	0.1007	0.1768	-1.0000	0.0955	0.0955	-0.0000	0.2856
85.0000	36.0000	Decrease Desire	Spinach	6.0000	6.0000	4.0000	2	-1.0000	0.7223	0.1008	0.7446	0.0000	0.1008	0.2091	-1.0000	0.0564	0.0564	-0.0000	0.1233
85.0000	37.0000	Decrease Desire	NatureValleyChocolate	1.0000	1.0000	2.0000	1	-1.0000	0.6047	0.1678	0.4038	0.0000	0.1678	0.1963	-1.0000	0.2181	0.2181	-0.0000	0.3913
85.0000	38.0000	Decrease Desire	CornFlakes	4.0000	5.0000	5.0000	6	-1.0000	0.5037	0.1676	0.2096	0.0000	0.1676	0.2050	-1.0000	0.1970	0.1970	-0.0000	0.4159
85.0000	39.0000	Decrease Desire	NatureValleyChocolate	1.0000	1.0000	3.0000	4	-1.0000	0.7559	0.2182	-0.0000	0.0000	0.2182	0.3002	-1.0000	0.1106	0.1106	-0.0000	0.3550
85.0000	40.0000	Decrease Desire	FrozenOkra	6.0000	6.0000	4.0000	2	-1.0000	0.9073	0.2351	0.0533	0.0000	0.2351	0.2217	-1.0000	0.0767	0.1101	-0.0335	0.2808
85.0000	41.0000	Decrease Desire	AllBranCereal	3.0000	4.0000	4.0000	2	-1.0000	0.8734	0.3525	0.5260	0.0000	0.3525	0.2658	-1.0000	0.0902	0.0903	-0.0000	0.1458
85.0000	42.0000	Decrease Desire	CoffeeCrisp	6.0000	5.0000	1.0000	1	-1.0000	0.7894	0.2687	-0.0446	0.0000	0.2687	0.1818	-1.0000	0.2267	0.2271	-0.0005	0.5302
85.0000	43.0000	Decrease Desire	YorkPeppermintPatties	1.0000	1.0000	3.0000	2	-1.0000	0.6384	0.2015	0.2146	0.0000	0.2015	0.2058	-1.0000	0.2337	0.2337	-0.0000	0.4982
85.0000	44.0000	Decrease Desire	PCChipCookie	4.0000	5.0000	2.0000	5	-1.0000	0.6383	0.1344	0.0860	0.0000	0.1344	0.1988	-1.0000	0.2118	0.2125	-0.0007	0.5927
85.0000	45.0000	Decrease Desire	Smarties	1.0000	1.0000	1.0000	5	-1.0000	0.6554	0.1343	0.2468	0.0000	0.1343	0.2765	-1.0000	0.2721	0.2721	-0.0000	0.5982
85.0000	46.0000	Decrease Desire	SlimStyles	1.0000	1.0000	1.0000	6	-1.0000	0.7056	0.2352	0.1512	0.0000	0.2352	0.2131	-1.0000	0.1787	0.1787	-0.0000	0.4960
85.0000	47.0000	Decrease Desire	WaterChestnuts	2.0000	3.0000	1.0000	5	-1.0000	0.7218	0.2183	0.2571	0.0000	0.2183	0.2339	-1.0000	0.2071	0.2078	-0.0007	0.4507
85.0000	48.0000	Decrease Desire	RomaineLettuce	4.0000	6.0000	5.0000	2	-1.0000	0.9741	0.4029	0.0551	0.0000	0.4029	0.1815	-1.0000	0.0875	0.1239	-0.0364	0.2633
85.0000	49.0000	Decrease Desire	MangoChunks	6.0000	6.0000	5.0000	5	-1.0000	1.5604	0.5031	0.2886	0.0000	0.5031	0.1462	-1.0000	0.1157	0.1157	-0.0000	0.2780
85.0000	50.0000	Decrease Desire	Spinach	5.0000	6.0000	5.0000	4	-1.0000	0.7730	0.1680	0.4566	0.0000	0.1680	0.1301	-1.0000	0.0637	0.0642	-0.0006	0.1342
85.0000	51.0000	Respond Naturally	Cheetos	4.0000	6.0000	2.0000	6	-1.0000	1.0583	0.4198	-0.1333	0.0000	0.4198	0.0996	-1.0000	0.2758	0.2758	-0.0000	0.4247
85.0000	52.0000	Respond Naturally	WaterChestnuts	1.0000	1.0000	3.0000	3	-1.0000	0.7894	0.4366	0.4456	0.0000	0.4366	0.1235	-1.0000	-0.0004	0.0155	-0.0159	0.1148
85.0000	53.0000	Respond Naturally	EnglishCucumber	6.0000	6.0000	5.0000	5	-1.0000	1.5110	0.4703	0.0339	1.0000	0.9238	0.2435	1.0000	0.5109	0.5109	-0.0000	1.3482
85.0000	54.0000	Respond Naturally	Caramilk	1.0000	1.0000	3.0000	2	-1.0000	0.7893	0.3020	0.6503	0.0000	0.3020	0.1652	-1.0000	0.0483	0.0483	-0.0000	0.1139
85.0000	55.0000	Respond Naturally	FrozenBroccoli	6.0000	6.0000	5.0000	2	-1.0000	1.0246	0.3527	0.3254	0.0000	0.3527	0.1928	-1.0000	0.1360	0.1360	-0.0000	0.2333
85.0000	56.0000	Respond Naturally	Beets	5.0000	5.0000	5.0000	2	-1.0000	0.7558	0.2014	0.3544	0.0000	0.2014	0.1683	-1.0000	0.1798	0.1798	-0.0000	0.3935
85.0000	57.0000	Respond Naturally	BabyFoodCarrots	5.0000	6.0000	5.0000	5	1.0000	1.2933	0.2687	-0.2273	1.0000	0.8397	0.2950	-1.0000	0.8023	0.8023	-0.0000	1.2902
85.0000	58.0000	Respond Naturally	Snickers	2.0000	5.0000	1.0000	2	-1.0000	1.1255	0.3861	0.1022	0.0000	0.3861	0.1200	-1.0000	0.2308	0.2308	-0.0000	0.4311
85.0000	59.0000	Respond Naturally	RaisinBran	4.0000	4.0000	4.0000	3	-1.0000	0.8900	0.3023	0.2755	0.0000	0.3023	0.1949	-1.0000	0.1671	0.1671	-0.0000	0.3339
85.0000	60.0000	Respond Naturally	Pringles	2.0000	4.0000	2.0000	5	-1.0000	0.8233	0.4873	0.3733	0.0000	0.4873	0.2813	-1.0000	0.0731	0.0731	-0.0000	0.3091
85.0000	61.0000	Respond Naturally	Skittles	1.0000	1.0000	5.0000	6	-1.0000	0.7729	0.2688	-0.0000	0.0000	0.2688	0.1537	-1.0000	0.1995	0.2028	-0.0033	0.4216
85.0000	62.0000	Respond Naturally	SevenGrain	3.0000	3.0000	4.0000	3	-1.0000	0.8567	0.4198	0.1440	0.0000	0.4198	0.1556	-1.0000	0.1683	0.1683	-0.0000	0.2685
85.0000	63.0000	Respond Naturally	Asparagus	6.0000	6.0000	4.0000	3	-1.0000	1.3769	0.8728	0.3892	0.0000	0.8728	0.1376	-1.0000	0.1212	0.1212	-0.0000	0.2428
85.0000	64.0000	Respond Naturally	Celery	6.0000	6.0000	5.0000	4	-1.0000	1.7630	0.4531	0.3116	2.0000	1.1921	0.3885	-1.0000	0.4121	0.4121	-0.0000	1.5094
85.0000	65.0000	Respond Naturally	Cauliflower	6.0000	6.0000	4.0000	2	-1.0000	1.1753	0.4197	0.0531	0.0000	0.4197	0.1815	-1.0000	0.2093	0.2093	-0.0000	0.4292
85.0000	66.0000	Respond Naturally	Skittles	1.0000	1.0000	2.0000	3	-1.0000	0.7897	0.1848	0.1189	0.0000	0.1848	0.2088	-1.0000	0.1206	0.1355	-0.0149	0.3362
85.0000	67.0000	Respond Naturally	Shreddies	4.0000	4.0000	4.0000	5	-1.0000	0.8059	0.4197	0.2981	0.0000	0.4197	0.2084	-1.0000	0.1649	0.1649	-0.0000	0.2674
85.0000	68.0000	Respond Naturally	LaysClassic	2.0000	5.0000	2.0000	4	-1.0000	0.7895	0.3863	0.2925	0.0000	0.3863	0.1751	-1.0000	0.1425	0.1425	-0.0000	0.2301
85.0000	69.0000	Respond Naturally	VanillaGreekYogurt	1.0000	1.0000	4.0000	2	-1.0000	0.8570	0.1512	0.5718	0.0000	0.1512	0.1339	-1.0000	0.0516	0.0516	-0.0000	0.1473
85.0000	70.0000	Respond Naturally	Onion	1.0000	1.0000	5.0000	2	-1.0000	0.7895	0.1342	0.1291	0.0000	0.1342	0.2396	-1.0000	0.2146	0.2146	-0.0000	0.4685
85.0000	71.0000	Decrease Desire	Prunes	4.0000	5.0000	4.0000	5	-1.0000	0.7562	0.1513	0.6739	0.0000	0.1513	0.1434	-1.0000	0.0304	0.0305	-0.0001	0.0902
85.0000	72.0000	Decrease Desire	FrozenPeaches	6.0000	6.0000	4.0000	2	-1.0000	0.5545	0.2857	0.4412	0.0000	0.2857	0.1745	-1.0000	0.0882	0.0882	-0.0000	0.2158
85.0000	73.0000	Decrease Desire	Bananas	6.0000	6.0000	5.0000	2	-1.0000	0.5881	0.1008	0.5384	0.0000	0.1008	0.2712	-1.0000	0.0755	0.0755	-0.0000	0.2224
85.0000	74.0000	Decrease Desire	Broccoli	6.0000	6.0000	5.0000	1	-1.0000	0.4538	0.1008	0.6697	0.0000	0.1008	0.1999	-1.0000	0.0329	0.0329	-0.0000	0.0762
85.0000	75.0000	Decrease Desire	Avocado	6.0000	6.0000	6.0000	2	-1.0000	3.5110	0.1680	0.6471	2.0000	1.9653	0.3269	-1.0000	0.4033	0.4034	-0.0001	1.4812
85.0000	76.0000	Decrease Desire	CheeseNips	4.0000	3.0000	2.0000	5	-1.0000	1.0919	0.6382	0.1675	0.0000	0.6382	0.1565	-1.0000	0.0554	0.0558	-0.0004	0.1610
85.0000	77.0000	Decrease Desire	Bananas	6.0000	6.0000	5.0000	3	-1.0000	1.1420	0.7052	0.7609	0.0000	0.7052	0.0914	-1.0000	-0.0420	0.0269	-0.0688	-0.1498
85.0000	78.0000	Decrease Desire	VegetableThins	4.0000	4.0000	2.0000	2	-1.0000	0.6213	0.1008	0.5025	0.0000	0.1008	0.1357	-1.0000	0.0265	0.0266	-0.0000	0.1170
85.0000	79.0000	Decrease Desire	Beets	5.0000	6.0000	5.0000	5	-1.0000	0.8064	0.2352	0.6041	0.0000	0.2352	0.2024	-1.0000	0.0234	0.0237	-0.0003	0.0969
85.0000	80.0000	Decrease Desire	DriedApricots	4.0000	4.0000	5.0000	5	-1.0000	0.7058	0.1682	0.3056	0.0000	0.1682	0.1322	-1.0000	0.1847	0.1847	-0.0000	0.2935
85.0000	81.0000	Decrease Desire	PureFit	1.0000	1.0000	2.0000	4	-1.0000	0.8231	0.3191	0.2166	0.0000	0.3191	0.2006	-1.0000	0.1248	0.1387	-0.0138	0.2943
85.0000	82.0000	Decrease Desire	Nutella	1.0000	5.0000	3.0000	4	-1.0000	0.6385	0.1009	0.4701	0.0000	0.1009	0.2063	-1.0000	0.0578	0.0578	-0.0000	0.1697
85.0000	83.0000	Decrease Desire	FrozenPeas	6.0000	6.0000	5.0000	6	-1.0000	0.5375	0.2183	0.4110	0.0000	0.2183	0.2423	-1.0000	0.1328	0.1328	-0.0000	0.3587
85.0000	84.0000	Decrease Desire	CoffeeCrisp	5.0000	6.0000	2.0000	3	-1.0000	0.6050	0.1008	0.5873	0.0000	0.1008	0.2280	-1.0000	0.1027	0.1027	-0.0000	0.2454
85.0000	85.0000	Decrease Desire	GreenPepper	1.0000	3.0000	4.0000	2	-1.0000	0.5375	0.1847	0.4823	0.0000	0.1847	0.2524	-1.0000	0.0663	0.0664	-0.0001	0.2125
85.0000	86.0000	Decrease Desire	CannedArtichoke	2.0000	1.0000	5.0000	2	-1.0000	0.5880	0.1008	0.5914	0.0000	0.1008	0.1600	-1.0000	-0.0251	0.0158	-0.0409	-0.1030
85.0000	87.0000	Decrease Desire	OatmealSquares	3.0000	3.0000	4.0000	3	-1.0000	0.5713	0.1512	0.6341	0.0000	0.1512	0.2027	-1.0000	0.0075	0.0274	-0.0199	0.1022
85.0000	88.0000	Decrease Desire	Mackerel	6.0000	5.0000	4.0000	1	-1.0000	1.0248	0.1176	0.0513	0.0000	0.1176	0.2719	-1.0000	0.0791	0.0795	-0.0004	0.2936
85.0000	89.0000	Decrease Desire	OatBran	4.0000	5.0000	4.0000	4	-1.0000	0.9405	0.5373	0.3646	0.0000	0.5373	0.2903	-1.0000	0.1603	0.1603	-0.0000	0.2272
85.0000	90.0000	Decrease Desire	Snickers	1.0000	1.0000	2.0000	3	-1.0000	0.7728	0.1680	0.6366	0.0000	0.1680	0.3705	-1.0000	0.0875	0.0875	-0.0001	0.2301
85.0000	91.0000	Respond Naturally	IceCreamVanilla	6.0000	6.0000	3.0000	4	1.0000	0.9741	0.5540	-0.1937	0.0000	0.5540	0.1857	1.0000	0.3463	0.3463	-0.0000	0.5072
85.0000	92.0000	Respond Naturally	Cheerios	4.0000	5.0000	4.0000	2	-1.0000	1.1255	0.4030	-0.0000	1.0000	0.6383	0.1810	1.0000	0.4325	0.4325	-0.0000	0.8342
85.0000	93.0000	Respond Naturally	ClamJuice	1.0000	1.0000	4.0000	1	-1.0000	0.9404	0.5372	0.2016	0.0000	0.5372	0.2296	-1.0000	0.3169	0.3169	-0.0000	0.4927
85.0000	94.0000	Respond Naturally	PureFit	1.0000	1.0000	1.0000	2	-1.0000	0.8065	0.2016	0.0479	0.0000	0.2016	0.2192	-1.0000	0.3121	0.3121	-0.0000	0.5620
85.0000	95.0000	Respond Naturally	RedPepper	1.0000	4.0000	5.0000	2	-1.0000	0.9909	0.4868	0.0545	0.0000	0.4868	0.1570	-1.0000	0.1586	0.1615	-0.0029	0.3017
85.0000	96.0000	Respond Naturally	SlimStyles	1.0000	2.0000	1.0000	2	-1.0000	0.8400	0.3022	0.0045	0.0000	0.3022	0.0985	-1.0000	0.1668	0.1668	-0.0000	0.3253
85.0000	97.0000	Respond Naturally	IceCreamChocolate	1.0000	1.0000	3.0000	4	-1.0000	1.0919	0.1342	0.3411	2.0000	0.5543	0.2955	-1.0000	0.3015	0.3015	-0.0000	1.1055
85.0000	98.0000	Respond Naturally	ProMax	1.0000	1.0000	2.0000	2	-1.0000	1.0750	0.4198	0.2709	0.0000	0.4198	0.0994	-1.0000	0.0798	0.0811	-0.0013	0.1866
85.0000	99.0000	Respond Naturally	BabyFoodCarrots	5.0000	5.0000	4.0000	3	1.0000	1.5955	0.6043	-0.2567	0.0000	0.6043	0.2493	1.0000	0.2928	0.3000	-0.0072	0.7548
85.0000	100.0000	Respond Naturally	Aero	1.0000	1.0000	2.0000	3	-1.0000	0.7390	0.2518	0.3136	0.0000	0.2518	0.0790	-1.0000	0.1215	0.1215	-0.0000	0.2310
85.0000	101.0000	Respond Naturally	Avocado	6.0000	6.0000	5.0000	5	1.0000	1.7302	0.3865	-0.2408	1.0000	1.2263	0.3704	-1.0000	0.6372	0.6516	-0.0144	1.2757
85.0000	102.0000	Respond Naturally	RitzCrackers	4.0000	4.0000	3.0000	5	-1.0000	1.1756	0.3861	-0.0000	0.0000	0.3861	0.1723	-1.0000	-0.0028	0.0511	-0.0539	0.2401
85.0000	103.0000	Respond Naturally	Twizzlers	1.0000	1.0000	2.0000	4	-1.0000	0.8559	0.3862	0.0350	0.0000	0.3862	0.1745	-1.0000	0.2331	0.2331	-0.0000	0.3959
85.0000	104.0000	Respond Naturally	Tuna	5.0000	5.0000	4.0000	2	-1.0000	1.1418	0.1007	0.6525	0.0000	0.1007	0.2129	-1.0000	0.0238	0.0238	-0.0000	0.1016
85.0000	105.0000	Respond Naturally	RufflesSourCreamOnion	6.0000	6.0000	1.0000	3	1.0000	0.9576	0.5040	-0.4068	0.0000	0.5040	0.4772	1.0000	0.5817	0.5817	-0.0000	1.2475
85.0000	106.0000	Respond Naturally	AlmondMilk	6.0000	6.0000	5.0000	2	1.0000	1.1086	0.3357	NA	1.0000	0.5374	0.2515	-1.0000	0.1080	0.1546	-0.0466	0.8050
85.0000	107.0000	Respond Naturally	PCChipCookie	1.0000	2.0000	2.0000	2	-1.0000	0.8232	0.3358	NA	0.0000	0.3358	0.1716	-1.0000	0.0889	0.0889	-0.0000	0.2756
85.0000	108.0000	Respond Naturally	SpeltCakes	1.0000	4.0000	4.0000	2	-1.0000	0.8399	0.3695	0.0778	0.0000	0.3695	0.1556	-1.0000	0.1098	0.1098	-0.0000	0.2455
85.0000	109.0000	Respond Naturally	BrusselsSprouts	6.0000	6.0000	4.0000	4	-1.0000	0.7558	0.5375	0.5202	0.0000	0.5375	0.2011	-1.0000	0.1148	0.1148	-0.0000	0.2213
85.0000	110.0000	Respond Naturally	Orange	5.0000	6.0000	5.0000	5	-1.0000	0.8398	0.3524	0.7874	0.0000	0.3524	0.1374	-1.0000	-0.0074	0.0030	-0.0104	-0.0519
85.0000	111.0000	Decrease Desire	AppleChips	5.0000	6.0000	3.0000	2	-1.0000	1.3441	0.3528	0.4738	0.0000	0.3528	0.0954	-1.0000	0.0373	0.0373	-0.0000	0.0849
85.0000	112.0000	Decrease Desire	KashiBars	1.0000	1.0000	4.0000	1	-1.0000	0.9071	0.3695	0.3957	0.0000	0.3695	0.1165	-1.0000	0.0623	0.0770	-0.0147	0.1562
85.0000	113.0000	Decrease Desire	SkittlesSour	1.0000	1.0000	1.0000	6	-1.0000	0.6213	0.2013	0.3390	0.0000	0.2013	0.2099	-1.0000	0.1325	0.1333	-0.0008	0.2933
85.0000	114.0000	Decrease Desire	FrozenCorn	5.0000	6.0000	5.0000	2	-1.0000	0.9068	0.1008	0.0486	0.0000	0.1008	0.2384	-1.0000	0.1359	0.1359	-0.0000	0.3884
85.0000	115.0000	Decrease Desire	AlmondMilk	6.0000	6.0000	5.0000	4	-1.0000	3.2232	0.2014	0.3341	0.0000	0.2014	0.2740	-1.0000	0.0371	0.0371	-0.0000	0.4963
85.0000	116.0000	Decrease Desire	PopTartStrawberry	1.0000	3.0000	1.0000	2	-1.0000	0.5713	0.2521	0.5479	0.0000	0.2521	0.1404	-1.0000	0.0708	0.0708	-0.0001	0.1603
85.0000	117.0000	Decrease Desire	FrozenPeaches	6.0000	6.0000	4.0000	5	-1.0000	0.5209	0.2184	0.3856	0.0000	0.2184	0.1988	-1.0000	0.1777	0.1777	-0.0000	0.3479
85.0000	118.0000	Decrease Desire	Shreddies	4.0000	5.0000	4.0000	2	-1.0000	0.8402	0.2016	0.1670	0.0000	0.2016	0.2746	-1.0000	0.0957	0.1154	-0.0197	0.6294
85.0000	119.0000	Decrease Desire	ProMax	1.0000	1.0000	2.0000	4	-1.0000	0.6216	0.1680	0.1479	0.0000	0.1680	0.2534	-1.0000	0.1585	0.1585	-0.0000	0.4212
85.0000	120.0000	Decrease Desire	FrozenOkra	6.0000	6.0000	4.0000	5	-1.0000	0.6385	0.2184	0.1712	0.0000	0.2184	0.1762	-1.0000	0.2643	0.2643	-0.0000	0.4810
85.0000	121.0000	Respond Naturally	Cheetos	4.0000	6.0000	1.0000	3	1.0000	1.5617	0.3524	-0.4158	1.0000	0.6716	0.3971	-1.0000	0.4556	0.4686	-0.0130	1.3164
85.0000	122.0000	Respond Naturally	Doritos	4.0000	6.0000	2.0000	2	1.0000	1.0750	0.4030	-0.3138	1.0000	0.7391	0.4710	-1.0000	0.6439	0.6447	-0.0008	1.2699
85.0000	123.0000	Respond Naturally	GreenBeans	6.0000	6.0000	5.0000	2	-1.0000	1.1422	0.2184	0.4672	2.0000	0.8736	0.2517	-1.0000	0.1715	0.1715	-0.0000	0.3766
85.0000	124.0000	Respond Naturally	MnMPlain	1.0000	1.0000	2.0000	3	-1.0000	0.7896	0.3864	0.0925	0.0000	0.3864	0.2576	-1.0000	0.2812	0.2812	-0.0000	0.5014
85.0000	125.0000	Respond Naturally	Tempeh	5.0000	4.0000	4.0000	2	-1.0000	0.6047	0.1343	0.0768	0.0000	0.1343	0.1873	-1.0000	0.2383	0.2383	-0.0000	0.4992
85.0000	126.0000	Respond Naturally	RomaineLettuce	5.0000	6.0000	5.0000	4	-1.0000	0.9743	0.1177	0.0987	0.0000	0.1177	0.2545	-1.0000	0.1647	0.1647	-0.0000	0.5724
85.0000	127.0000	Respond Naturally	GreenBeans	5.0000	5.0000	4.0000	4	-1.0000	1.3270	0.1512	0.0586	0.0000	0.1512	0.1388	-1.0000	0.1531	0.1531	-0.0000	0.3119
85.0000	128.0000	Respond Naturally	Prunes	4.0000	4.0000	5.0000	2	-1.0000	0.6216	0.1679	0.1247	0.0000	0.1679	0.1364	-1.0000	0.1082	0.1082	-0.0000	0.2804
85.0000	129.0000	Respond Naturally	BBQCrisps	2.0000	6.0000	2.0000	2	1.0000	1.5118	0.1514	-0.4810	1.0000	0.9240	0.3531	-1.0000	0.7966	0.7994	-0.0028	1.3831
85.0000	130.0000	Respond Naturally	Strawberries	6.0000	5.0000	4.0000	2	-1.0000	1.0917	0.1343	0.1616	0.0000	0.1343	0.1421	-1.0000	0.1201	0.1201	-0.0000	0.3106
85.0000	131.0000	Decrease Desire	TofuDessert	1.0000	1.0000	4.0000	4	-1.0000	0.8901	0.5038	0.3094	0.0000	0.5038	0.2186	-1.0000	0.2019	0.2019	-0.0000	0.2959
85.0000	132.0000	Decrease Desire	WelchsFruitSnacks	4.0000	4.0000	1.0000	3	-1.0000	0.6721	0.2689	0.2841	0.0000	0.2689	0.2545	-1.0000	0.1856	0.1856	-0.0000	0.3993
85.0000	133.0000	Decrease Desire	HoneyNutCheerios	4.0000	4.0000	4.0000	2	-1.0000	0.6384	0.5040	0.4036	0.0000	0.5040	0.2256	1.0000	0.1387	0.1387	-0.0000	0.3511
85.0000	134.0000	Decrease Desire	MnMPlain	1.0000	1.0000	1.0000	5	-1.0000	0.7221	0.5206	0.4172	0.0000	0.5206	0.1875	1.0000	0.0353	0.0383	-0.0030	0.2162
85.0000	135.0000	Decrease Desire	Mackerel	5.0000	6.0000	5.0000	3	-1.0000	0.5375	0.2351	0.4352	0.0000	0.2351	0.1750	-1.0000	0.0670	0.0677	-0.0007	0.2175
85.0000	136.0000	Decrease Desire	MnMPeanuts	1.0000	1.0000	2.0000	2	-1.0000	0.6552	0.2353	0.6696	0.0000	0.2353	0.1848	-1.0000	0.0751	0.0763	-0.0012	0.1698
85.0000	137.0000	Decrease Desire	Raspberries	1.0000	4.0000	4.0000	5	-1.0000	0.5038	0.1007	0.6663	0.0000	0.1007	0.1823	-1.0000	0.0248	0.0250	-0.0002	0.0889
85.0000	138.0000	Decrease Desire	Cauliflower	6.0000	6.0000	5.0000	6	-1.0000	0.5880	0.2688	0.8939	0.0000	0.2688	0.1723	-1.0000	0.0035	0.0126	-0.0092	-0.0561
85.0000	139.0000	Decrease Desire	Starburst	2.0000	1.0000	1.0000	6	-1.0000	0.5880	0.2353	0.6790	0.0000	0.2353	0.2401	-1.0000	0.0357	0.0357	-0.0000	0.0895
85.0000	140.0000	Decrease Desire	Smartfood	5.0000	5.0000	4.0000	2	-1.0000	0.5882	0.1008	0.5676	0.0000	0.1008	0.1520	-1.0000	0.0616	0.0616	-0.0000	0.1663
85.0000	141.0000	Respond Naturally	Tempeh	5.0000	5.0000	4.0000	4	-1.0000	0.9408	0.3863	-0.0041	0.0000	0.3863	0.1492	-1.0000	0.1579	0.1614	-0.0035	0.3074
85.0000	142.0000	Respond Naturally	Starburst	2.0000	1.0000	2.0000	3	-1.0000	0.6547	0.1680	0.4783	0.0000	0.1680	0.1236	-1.0000	0.1334	0.1334	-0.0000	0.2754
85.0000	143.0000	Respond Naturally	Orange	6.0000	5.0000	5.0000	1	-1.0000	0.8900	0.1006	0.4087	0.0000	0.1006	0.1851	-1.0000	0.0544	0.0562	-0.0018	0.2308
85.0000	144.0000	Respond Naturally	ClifBar	1.0000	1.0000	2.0000	4	-1.0000	0.6216	0.1176	0.6272	0.0000	0.1176	0.1570	-1.0000	0.0378	0.0378	-0.0000	0.0722
85.0000	145.0000	Respond Naturally	OikosYogurt	1.0000	1.0000	2.0000	6	-1.0000	1.1253	0.1680	0.3162	0.0000	0.1680	0.1380	-1.0000	0.0797	0.0797	-0.0000	0.1987
85.0000	146.0000	Respond Naturally	BabyFoodSweetPotatos	6.0000	5.0000	4.0000	5	1.0000	1.2599	0.2016	-0.0756	1.0000	0.4702	0.2178	-1.0000	0.3751	0.3971	-0.0220	0.9779
85.0000	147.0000	Respond Naturally	Caramilk	1.0000	1.0000	2.0000	5	-1.0000	0.7555	0.3355	-0.2226	0.0000	0.3355	0.1631	-1.0000	0.2759	0.2759	-0.0000	0.4646
85.0000	148.0000	Respond Naturally	Asparagus	6.0000	6.0000	4.0000	6	-1.0000	1.0077	0.1680	0.0737	0.0000	0.1680	0.0839	-1.0000	0.1015	0.1015	-0.0000	0.2328
85.0000	149.0000	Respond Naturally	RiceKrispiesCereal	4.0000	4.0000	4.0000	7	-1.0000	0.7730	0.1680	0.0358	0.0000	0.1680	0.1897	-1.0000	0.2025	0.2025	-0.0000	0.4301
85.0000	150.0000	Respond Naturally	AllBranCereal	1.0000	1.0000	2.0000	6	-1.0000	0.9243	0.1009	0.0674	0.0000	0.1009	0.1261	-1.0000	0.0473	0.0600	-0.0127	0.2644
85.0000	151.0000	Decrease Desire	Mentos	1.0000	1.0000	1.0000	2	-1.0000	0.9233	0.4866	0.1809	0.0000	0.4866	0.1192	-1.0000	0.0896	0.0896	-0.0000	0.1925
85.0000	152.0000	Decrease Desire	Reese	5.0000	5.0000	1.0000	1	-1.0000	0.5377	0.2520	0.3526	0.0000	0.2520	0.2512	-1.0000	0.1015	0.1015	-0.0000	0.2525
85.0000	153.0000	Decrease Desire	Almonds	6.0000	1.0000	2.0000	2	-1.0000	0.6216	0.3360	0.2981	0.0000	0.3360	0.2388	1.0000	0.0985	0.1040	-0.0055	0.3415
85.0000	154.0000	Decrease Desire	LaysClassic	1.0000	4.0000	1.0000	3	-1.0000	0.5041	0.1008	0.2953	0.0000	0.1008	0.1289	-1.0000	0.0498	0.0498	-0.0000	0.1474
85.0000	155.0000	Decrease Desire	Raspberries	4.0000	5.0000	4.0000	4	-1.0000	0.5207	0.1511	-0.0200	0.0000	0.1511	0.1105	-1.0000	0.1399	0.1399	-0.0000	0.3356
85.0000	156.0000	Decrease Desire	Smartfood	5.0000	5.0000	4.0000	4	-1.0000	0.6049	0.2520	0.2870	0.0000	0.2520	0.1462	-1.0000	0.1219	0.1222	-0.0003	0.2530
85.0000	157.0000	Decrease Desire	DriedApricots	5.0000	4.0000	4.0000	2	-1.0000	0.5206	0.1678	0.4855	0.0000	0.1678	0.2054	-1.0000	0.0999	0.0999	-0.0000	0.2122
85.0000	158.0000	Decrease Desire	SevenGrain	1.0000	1.0000	5.0000	1	-1.0000	0.6050	0.1344	0.3696	0.0000	0.1344	0.2814	-1.0000	0.1373	0.1373	-0.0000	0.3773
85.0000	159.0000	Decrease Desire	Fritos	4.0000	5.0000	1.0000	2	-1.0000	0.6385	0.1176	0.5360	0.0000	0.1176	0.1065	-1.0000	0.0423	0.0424	-0.0000	0.1113
85.0000	160.0000	Decrease Desire	Nutella	3.0000	5.0000	2.0000	1	-1.0000	0.7224	0.2520	0.4022	0.0000	0.2520	0.1285	-1.0000	0.1169	0.1169	-0.0000	0.2734
85.0000	161.0000	Decrease Desire	DriedHerring	3.0000	1.0000	4.0000	1	-1.0000	0.6889	0.1680	0.6023	0.0000	0.1680	0.2389	-1.0000	0.1060	0.1060	-0.0000	0.2340
85.0000	162.0000	Decrease Desire	GreenApple	6.0000	6.0000	5.0000	4	1.0000	1.6129	0.2185	-0.3370	1.0000	0.6554	0.3419	-1.0000	0.9620	0.9637	-0.0017	1.5020
85.0000	163.0000	Decrease Desire	SkimMilk	4.0000	6.0000	5.0000	4	1.0000	1.2601	0.2353	-0.4370	1.0000	0.4202	0.3025	-1.0000	0.4789	0.5046	-0.0258	1.3211
85.0000	164.0000	Decrease Desire	Twizzlers	3.0000	2.0000	2.0000	2	-1.0000	0.7057	0.2689	0.3409	0.0000	0.2689	0.1179	-1.0000	0.1122	0.1122	-0.0000	0.2184
85.0000	165.0000	Decrease Desire	Broccoli	6.0000	6.0000	6.0000	4	-1.0000	0.5712	0.2351	0.4661	0.0000	0.2351	0.2138	-1.0000	0.1023	0.1023	-0.0000	0.2421
85.0000	166.0000	Decrease Desire	OatBran	2.0000	5.0000	4.0000	2	-1.0000	0.5711	0.1847	0.6136	0.0000	0.1847	0.1424	-1.0000	0.0369	0.0380	-0.0011	0.1173
85.0000	167.0000	Decrease Desire	Doritos	2.0000	4.0000	2.0000	5	-1.0000	0.6887	0.2519	0.3921	0.0000	0.2519	0.1573	-1.0000	0.0735	0.0735	-0.0000	0.2065
85.0000	168.0000	Decrease Desire	RufflesSourCreamOnion	6.0000	6.0000	1.0000	5	-1.0000	0.7220	0.1174	0.6703	0.0000	0.1174	0.1191	-1.0000	0.0621	0.0621	-0.0000	0.1608
85.0000	169.0000	Decrease Desire	SkittlesSour	1.0000	1.0000	2.0000	3	-1.0000	0.7729	0.5713	0.6138	0.0000	0.5713	0.2890	1.0000	0.0304	0.0367	-0.0063	0.1303
85.0000	170.0000	Decrease Desire	CornFlakes	4.0000	4.0000	4.0000	3	-1.0000	0.4705	0.1008	0.6023	0.0000	0.1008	0.1921	-1.0000	0.0262	0.0262	-0.0000	0.0714
85.0000	171.0000	Respond Naturally	Fritos	3.0000	4.0000	1.0000	5	-1.0000	0.9404	0.3694	0.6755	0.0000	0.3694	0.2766	-1.0000	0.0067	0.0119	-0.0052	0.0555
85.0000	172.0000	Respond Naturally	IceCreamChocolate	2.0000	1.0000	3.0000	1	-1.0000	0.9240	0.1345	0.5305	0.0000	0.1345	0.1027	-1.0000	0.0178	0.0268	-0.0089	0.1073
85.0000	173.0000	Respond Naturally	GreenApple	6.0000	6.0000	5.0000	2	1.0000	1.2262	0.2351	-0.5229	1.0000	0.5206	0.2957	-1.0000	0.6129	0.6140	-0.0011	1.3443
85.0000	174.0000	Respond Naturally	VegetableThins	6.0000	5.0000	5.0000	5	-1.0000	0.8906	0.2017	0.0428	0.0000	0.2017	0.1051	-1.0000	0.1226	0.1226	-0.0000	0.3009
85.0000	175.0000	Respond Naturally	DriedHerring	2.0000	2.0000	4.0000	3	-1.0000	0.9073	0.3027	0.3064	0.0000	0.3027	0.0807	-1.0000	0.0985	0.0988	-0.0003	0.2377
85.0000	176.0000	Respond Naturally	SunChips	3.0000	5.0000	2.0000	2	1.0000	1.1593	0.1847	-0.3747	1.0000	0.5376	0.2454	-1.0000	0.3237	0.3237	-0.0000	0.8640
85.0000	177.0000	Respond Naturally	MnMPeanuts	1.0000	1.0000	1.0000	4	-1.0000	0.7731	0.1345	0.0428	0.0000	0.1345	0.1614	-1.0000	0.1658	0.1744	-0.0086	0.4118
85.0000	178.0000	Respond Naturally	Onion	1.0000	4.0000	4.0000	4	-1.0000	0.7561	0.1175	0.2765	0.0000	0.1175	0.1046	-1.0000	0.0689	0.0689	-0.0000	0.1549
85.0000	179.0000	Respond Naturally	WelchsFruitSnacks	4.0000	5.0000	3.0000	1	-1.0000	0.7560	0.1176	0.2561	0.0000	0.1176	0.0904	-1.0000	0.1223	0.1223	-0.0000	0.2149
85.0000	180.0000	Respond Naturally	AllBranBar	1.0000	1.0000	5.0000	3	-1.0000	0.6721	0.1680	0.3767	0.0000	0.1680	0.1156	-1.0000	0.1351	0.1351	-0.0000	0.2742
85.0000	181.0000	Decrease Desire	FrozenBroccoli	6.0000	6.0000	4.0000	6	-1.0000	0.6046	0.1510	0.5365	0.0000	0.1510	0.1761	-1.0000	0.0102	0.0188	-0.0086	0.1143
85.0000	182.0000	Decrease Desire	Mars	1.0000	2.0000	2.0000	2	-1.0000	0.5713	0.1512	0.5695	0.0000	0.1512	0.2468	-1.0000	0.0424	0.0443	-0.0018	0.1445
85.0000	183.0000	Decrease Desire	ClifBar	1.0000	1.0000	1.0000	2	-1.0000	0.5377	0.2353	0.3599	0.0000	0.2353	0.1831	-1.0000	0.0803	0.0804	-0.0001	0.2068
85.0000	184.0000	Decrease Desire	EnglishCucumber	6.0000	6.0000	4.0000	2	-1.0000	1.6455	0.3863	-0.0000	0.0000	0.3863	0.1883	-1.0000	0.0363	0.0363	-0.0000	0.2125
85.0000	185.0000	Decrease Desire	FrozenBlueberries	5.0000	6.0000	4.0000	3	-1.0000	0.7054	0.1846	0.3749	0.0000	0.1846	0.1540	-1.0000	0.1007	0.1007	-0.0000	0.2618
85.0000	186.0000	Decrease Desire	VanillaGreekYogurt	1.0000	1.0000	5.0000	4	-1.0000	0.7392	0.1680	0.3281	0.0000	0.1680	0.1911	-1.0000	0.1202	0.1203	-0.0001	0.2966
85.0000	187.0000	Decrease Desire	Triscuit	1.0000	2.0000	5.0000	2	-1.0000	0.7726	0.6048	0.3770	0.0000	0.6048	0.1570	1.0000	0.0471	0.0590	-0.0120	0.2343
85.0000	188.0000	Decrease Desire	SunChips	4.0000	4.0000	1.0000	4	-1.0000	0.5881	0.1008	0.1248	0.0000	0.1008	0.1517	-1.0000	0.1867	0.1867	-0.0000	0.4050
85.0000	189.0000	Decrease Desire	BabyFoodSweetPotatos	6.0000	5.0000	4.0000	2	-1.0000	1.0413	0.1680	0.3159	0.0000	0.1680	0.2217	-1.0000	0.1015	0.1015	-0.0000	0.4266
85.0000	190.0000	Decrease Desire	Mars	2.0000	2.0000	1.0000	4	-1.0000	0.6044	0.1008	0.2737	0.0000	0.1008	0.2065	-1.0000	0.1150	0.1150	-0.0000	0.3359
85.0000	191.0000	Respond Naturally	KashiBars	1.0000	1.0000	5.0000	4	-1.0000	1.0245	0.5036	0.5069	0.0000	0.5036	0.1429	-1.0000	0.0659	0.0681	-0.0022	0.1272
85.0000	192.0000	Respond Naturally	Strawberries	6.0000	6.0000	5.0000	3	-1.0000	0.8904	0.1513	0.2785	0.0000	0.1513	0.1884	-1.0000	0.0505	0.0509	-0.0004	0.2500
85.0000	193.0000	Respond Naturally	FrozenPeas	6.0000	6.0000	4.0000	2	1.0000	1.9318	0.2351	-0.5437	1.0000	1.3101	0.4259	-1.0000	0.9088	0.9297	-0.0209	1.4517
85.0000	194.0000	Respond Naturally	TofuDessert	3.0000	3.0000	4.0000	2	-1.0000	1.0081	0.2016	0.0911	0.0000	0.2016	0.0786	-1.0000	0.1113	0.1117	-0.0004	0.2673
85.0000	195.0000	Respond Naturally	CannedArtichoke	1.0000	3.0000	5.0000	5	-1.0000	0.7392	0.2519	0.5966	0.0000	0.2519	0.1344	-1.0000	0.0106	0.0173	-0.0067	0.0810
85.0000	196.0000	Respond Naturally	GreenGrapes	6.0000	6.0000	4.0000	4	-1.0000	0.9240	0.2521	0.4985	0.0000	0.2521	0.1770	1.0000	0.0190	0.0350	-0.0160	0.1874
85.0000	197.0000	Respond Naturally	AllBranBar	1.0000	1.0000	4.0000	1	-1.0000	0.7057	0.4200	0.6851	0.0000	0.4200	0.2007	-1.0000	0.0264	0.0274	-0.0010	0.0965
85.0000	198.0000	Respond Naturally	RitzCrackers	1.0000	4.0000	2.0000	2	-1.0000	0.6719	0.1007	0.4674	0.0000	0.1007	0.1390	-1.0000	0.0374	0.0421	-0.0047	0.1523
85.0000	199.0000	Respond Naturally	RedPepper	1.0000	4.0000	4.0000	5	-1.0000	0.6049	0.1345	0.1765	0.0000	0.1345	0.1157	-1.0000	0.1087	0.1087	-0.0000	0.2654
85.0000	200.0000	Respond Naturally	Tuna	3.0000	5.0000	4.0000	4	-1.0000	0.7392	0.1008	0.4445	0.0000	0.1008	0.1317	-1.0000	0.0260	0.0341	-0.0081	0.1581
