Subject	Trial	Instruction	Food	Liking	Taste	Health	Amount	Choice	ChoiceRT	FirstDevTimeChoice	InitAngleChoice	NumChangeMindChoice	FinalDevTimeChoice	MaxVelocityChoice	DrxFirstDevChoice	TotalAUCChoice	AUCtoNonChosenChoice	AUCtoChosenChoice	MaxDevChoice
26.0000	1.0000	Focus on Health	MnMPeanuts	4.0000	3.0000	2.0000	4	-1.0000	3.0056	1.5279	0.0957	0.0000	1.5279	0.2007	-1.0000	0.3296	0.3867	-0.0572	0.8430
26.0000	2.0000	Focus on Health	Mackerel	4.0000	3.0000	3.0000	3	-1.0000	1.5282	0.7724	-0.0076	0.0000	0.7724	0.2524	-1.0000	0.3077	0.3184	-0.0107	0.5715
26.0000	3.0000	Focus on Health	Cauliflower	4.0000	3.0000	5.0000	6	-1.0000	1.7299	0.9069	-0.0257	1.0000	1.0581	0.2298	1.0000	0.3975	0.3975	-0.0000	0.9326
26.0000	4.0000	Focus on Health	GreenBeans	4.0000	1.0000	4.0000	4	-1.0000	8.4437	0.9231	0.1297	10.0000	7.2850	0.5173	-1.0000	0.6724	0.6913	-0.0188	1.5488
26.0000	5.0000	Focus on Health	Raspberries	4.0000	3.0000	5.0000	5	-1.0000	4.8181	3.2737	-0.0530	0.0000	3.2737	0.2215	-1.0000	0.3315	0.3381	-0.0065	0.5966
26.0000	6.0000	Focus on Health	Triscuit	4.0000	3.0000	2.0000	2	1.0000	2.5694	1.4942	-0.0430	0.0000	1.4942	0.0485	1.0000	0.1214	0.1215	-0.0001	0.1817
26.0000	7.0000	Focus on Health	Triscuit	4.0000	4.0000	3.0000	5	-1.0000	9.2999	0.7726	-0.0212	5.0000	8.5441	0.3686	1.0000	0.8802	0.8977	-0.0175	1.3991
26.0000	8.0000	Focus on Health	Almonds	4.0000	3.0000	2.0000	2	1.0000	2.0482	1.5610	0.3246	0.0000	1.5610	0.2509	1.0000	0.0312	0.0312	-0.0000	0.1127
26.0000	9.0000	Focus on Health	DriedApricots	4.0000	4.0000	4.0000	5	1.0000	3.0885	1.0742	0.1826	0.0000	1.0742	0.2480	1.0000	0.0813	0.0869	-0.0056	0.2433
26.0000	10.0000	Focus on Health	Caramilk	5.0000	5.0000	2.0000	2	1.0000	9.1666	6.4796	0.1091	0.0000	6.4796	0.0912	1.0000	0.1139	0.1608	-0.0469	0.2609
26.0000	11.0000	Respond Naturally	RomaineLettuce	4.0000	4.0000	4.0000	2	1.0000	1.9312	0.6044	-0.0069	1.0000	0.8059	0.2790	-1.0000	0.6593	0.6704	-0.0111	1.2609
26.0000	12.0000	Respond Naturally	FrozenBroccoli	4.0000	1.0000	4.0000	6	-1.0000	1.0071	0.5536	-0.0224	0.0000	0.5536	0.2241	-1.0000	0.3672	0.3683	-0.0010	0.6195
26.0000	13.0000	Respond Naturally	PureFit	4.0000	3.0000	2.0000	4	-1.0000	2.2667	0.8393	0.0165	0.0000	0.8393	0.2093	-1.0000	0.2673	0.2673	-0.0000	0.5163
26.0000	14.0000	Respond Naturally	Reese	4.0000	3.0000	2.0000	1	-1.0000	3.7943	0.5370	0.0902	2.0000	1.7801	0.1943	-1.0000	0.7327	0.7342	-0.0014	1.3075
26.0000	15.0000	Respond Naturally	Tempeh	3.0000	2.0000	4.0000	2	-1.0000	1.1585	0.6883	0.0994	0.0000	0.6883	0.2196	-1.0000	0.2839	0.2839	-0.0000	0.4266
26.0000	16.0000	Respond Naturally	OikosYogurt	5.0000	5.0000	4.0000	3	1.0000	1.3095	0.8224	-0.0340	0.0000	0.8224	0.1424	1.0000	0.3030	0.3030	-0.0000	0.4228
26.0000	17.0000	Respond Naturally	Celery	4.0000	2.0000	4.0000	2	-1.0000	1.6122	0.8900	-0.0305	0.0000	0.8900	0.1789	-1.0000	0.2434	0.2531	-0.0097	0.7445
26.0000	18.0000	Respond Naturally	Mars	4.0000	3.0000	3.0000	2	1.0000	1.0238	0.5367	0.1226	0.0000	0.5367	0.2031	1.0000	0.2169	0.2169	-0.0000	0.3541
26.0000	19.0000	Respond Naturally	Mentos	4.0000	2.0000	2.0000	5	1.0000	5.1538	0.8904	0.0986	0.0000	0.8904	0.1602	1.0000	0.0675	0.0753	-0.0078	0.3529
26.0000	20.0000	Respond Naturally	VanillaGreekYogurt	5.0000	5.0000	4.0000	2	1.0000	1.1917	0.7553	0.0197	0.0000	0.7553	0.3471	1.0000	0.3896	0.3946	-0.0050	0.6068
26.0000	21.0000	Focus on Health	BBQCrisps	5.0000	4.0000	3.0000	2	1.0000	2.1487	1.2583	0.2637	0.0000	1.2583	0.1692	1.0000	0.2041	0.2041	-0.0000	0.3211
26.0000	22.0000	Focus on Health	Tempeh	3.0000	2.0000	4.0000	4	-1.0000	1.7802	0.5707	-0.3552	0.0000	0.5707	0.2445	-1.0000	0.1984	0.1984	-0.0000	0.3203
26.0000	23.0000	Focus on Health	FrozenBlueberries	4.0000	2.0000	4.0000	3	-1.0000	1.7797	0.8225	-0.0392	0.0000	0.8225	0.2335	-1.0000	0.1240	0.1829	-0.0589	0.3778
26.0000	24.0000	Focus on Health	Snickers	4.0000	3.0000	2.0000	2	-1.0000	1.6961	0.8898	-0.2080	0.0000	0.8898	0.1198	-1.0000	0.2311	0.2334	-0.0022	0.4076
26.0000	25.0000	Focus on Health	WaterChestnuts	4.0000	3.0000	4.0000	3	-1.0000	2.9544	1.7953	-0.2368	0.0000	1.7953	0.2153	-1.0000	0.5430	0.5440	-0.0010	0.8013
26.0000	26.0000	Focus on Health	Celery	4.0000	3.0000	4.0000	4	-1.0000	1.5950	1.0071	0.0128	0.0000	1.0071	0.1795	-1.0000	0.2708	0.2708	-0.0000	0.3655
26.0000	27.0000	Focus on Health	Mackerel	4.0000	4.0000	3.0000	1	-1.0000	1.9136	1.1414	-0.0008	0.0000	1.1414	0.2567	-1.0000	0.1726	0.1910	-0.0185	0.3138
26.0000	28.0000	Focus on Health	CoffeeCrisp	4.0000	3.0000	3.0000	1	1.0000	7.5878	5.3208	-0.1912	1.0000	5.4720	0.1862	-1.0000	0.4249	0.4249	-0.0000	0.5691
26.0000	29.0000	Focus on Health	AlmondMilk	4.0000	5.0000	5.0000	4	1.0000	1.5610	0.9062	-0.0528	0.0000	0.9062	0.1929	1.0000	0.1273	0.1599	-0.0326	0.2802
26.0000	30.0000	Focus on Health	Skittles	5.0000	3.0000	2.0000	3	1.0000	7.8214	2.0468	-0.0282	6.0000	6.2766	0.4513	1.0000	0.1307	0.1347	-0.0041	0.3736
26.0000	31.0000	Respond Naturally	Caramilk	5.0000	5.0000	2.0000	5	1.0000	1.1587	0.3023	0.2872	0.0000	0.3023	0.1713	1.0000	0.1837	0.2053	-0.0216	0.3754
26.0000	32.0000	Respond Naturally	ClifBar	4.0000	3.0000	2.0000	2	-1.0000	1.5787	0.5543	-0.2833	0.0000	0.5543	0.3054	-1.0000	0.0872	0.1304	-0.0432	0.4169
26.0000	33.0000	Respond Naturally	Tuna	6.0000	6.0000	4.0000	4	1.0000	1.0075	0.5372	-0.0020	0.0000	0.5372	0.1633	1.0000	0.1824	0.1836	-0.0011	0.3094
26.0000	34.0000	Respond Naturally	FrozenPeaches	5.0000	4.0000	5.0000	2	1.0000	1.7291	0.7213	0.2579	0.0000	0.7213	0.1480	1.0000	0.0710	0.1232	-0.0522	0.2477
26.0000	35.0000	Respond Naturally	GreenApple	5.0000	4.0000	4.0000	2	1.0000	1.0573	0.4532	0.2194	0.0000	0.4532	0.2287	1.0000	0.0783	0.0823	-0.0040	0.1744
26.0000	36.0000	Respond Naturally	Fritos	5.0000	4.0000	3.0000	2	1.0000	1.0242	0.4870	0.1166	0.0000	0.4870	0.2522	1.0000	0.1283	0.1304	-0.0021	0.2739
26.0000	37.0000	Respond Naturally	Shreddies	4.0000	3.0000	4.0000	2	1.0000	2.9216	0.7218	0.2812	1.0000	1.0073	0.3598	-1.0000	0.3123	0.3282	-0.0158	0.9577
26.0000	38.0000	Respond Naturally	Shreddies	4.0000	2.0000	3.0000	5	-1.0000	1.0244	0.5877	-0.1303	0.0000	0.5877	0.1661	-1.0000	0.2870	0.2870	-0.0000	0.4367
26.0000	39.0000	Respond Naturally	CornFlakes	4.0000	3.0000	3.0000	3	1.0000	1.7629	0.8560	0.1111	0.0000	0.8560	0.2297	1.0000	0.1084	0.1292	-0.0208	0.2459
26.0000	40.0000	Respond Naturally	MnMPlain	4.0000	3.0000	3.0000	3	1.0000	1.8131	1.2923	-0.2724	0.0000	1.2923	0.2356	1.0000	0.0962	0.1057	-0.0095	0.1502
26.0000	41.0000	Focus on Health	EnglishCucumber	5.0000	4.0000	6.0000	5	1.0000	1.4100	0.6715	-0.0172	0.0000	0.6715	0.4245	1.0000	0.4364	0.4364	-0.0000	0.8334
26.0000	42.0000	Focus on Health	Cheetos	6.0000	4.0000	3.0000	3	1.0000	0.9906	0.4364	0.1228	0.0000	0.4364	0.2049	1.0000	0.2553	0.2553	-0.0000	0.3676
26.0000	43.0000	Focus on Health	LaysClassic	6.0000	6.0000	3.0000	3	1.0000	2.2998	1.1915	0.8973	0.0000	1.1915	0.3731	1.0000	-0.0122	0.0095	-0.0217	-0.0892
26.0000	44.0000	Focus on Health	Beets	3.0000	2.0000	4.0000	5	-1.0000	2.4349	1.0574	-0.2064	0.0000	1.0574	0.1712	-1.0000	0.2874	0.2964	-0.0089	0.5637
26.0000	45.0000	Focus on Health	SkittlesSour	4.0000	3.0000	2.0000	6	-1.0000	1.9975	0.8390	0.0019	0.0000	0.8390	0.2660	-1.0000	0.2519	0.2519	-0.0000	0.4476
26.0000	46.0000	Focus on Health	MnMPeanuts	4.0000	4.0000	2.0000	2	-1.0000	2.0133	1.4763	0.0625	0.0000	1.4763	0.1650	-1.0000	0.2271	0.2295	-0.0024	0.2971
26.0000	47.0000	Focus on Health	HoneyNutCheerios	5.0000	6.0000	4.0000	2	1.0000	3.5593	2.6523	-0.0603	0.0000	2.6523	0.2817	1.0000	0.3086	0.3227	-0.0141	0.4266
26.0000	48.0000	Focus on Health	SlicedTurkey	6.0000	5.0000	4.0000	5	1.0000	1.1250	0.6546	0.5434	0.0000	0.6546	0.2233	1.0000	0.1408	0.1408	-0.0000	0.2427
26.0000	49.0000	Focus on Health	Snickers	4.0000	3.0000	2.0000	3	-1.0000	1.7289	1.1914	-0.1528	0.0000	1.1914	0.1683	-1.0000	0.3099	0.3099	-0.0000	0.4019
26.0000	50.0000	Focus on Health	Orange	4.0000	2.0000	4.0000	5	1.0000	3.3401	2.3659	0.1320	0.0000	2.3659	0.1662	1.0000	0.2396	0.2427	-0.0031	0.3395
26.0000	51.0000	Respond Naturally	SkimMilk	6.0000	6.0000	4.0000	4	1.0000	0.9902	0.4534	0.4237	0.0000	0.4534	0.2165	1.0000	0.1211	0.1562	-0.0350	0.3102
26.0000	52.0000	Respond Naturally	KashiBars	4.0000	3.0000	3.0000	1	-1.0000	1.4273	0.7555	-0.3153	0.0000	0.7555	0.1396	-1.0000	0.2239	0.2259	-0.0019	0.4297
26.0000	53.0000	Respond Naturally	DriedHerring	4.0000	1.0000	2.0000	1	-1.0000	7.0323	1.0236	-0.1011	2.0000	2.4172	0.2753	-1.0000	0.2101	0.2101	-0.0000	1.1658
26.0000	54.0000	Respond Naturally	SlimStyles	6.0000	5.0000	4.0000	6	1.0000	1.0916	0.5707	-0.1262	0.0000	0.5707	0.1885	1.0000	0.4241	0.4241	-0.0000	0.7012
26.0000	55.0000	Respond Naturally	Smartfood	6.0000	5.0000	2.0000	2	1.0000	0.8895	0.5033	0.1122	0.0000	0.5033	0.1750	1.0000	0.1828	0.1829	-0.0001	0.2871
26.0000	56.0000	Respond Naturally	Strawberries	4.0000	2.0000	4.0000	3	-1.0000	1.1919	0.5707	-0.1221	0.0000	0.5707	0.1730	-1.0000	0.1978	0.1978	-0.0000	0.3236
26.0000	57.0000	Respond Naturally	HoneyNutCheerios	5.0000	5.0000	2.0000	5	1.0000	1.3431	0.7551	0.3750	0.0000	0.7551	0.1446	1.0000	0.1328	0.1343	-0.0014	0.2311
26.0000	58.0000	Respond Naturally	CheeseNips	5.0000	4.0000	2.0000	2	1.0000	0.9906	0.4868	0.2027	0.0000	0.4868	0.1086	1.0000	0.1409	0.1409	-0.0000	0.2164
26.0000	59.0000	Respond Naturally	Bananas	5.0000	4.0000	5.0000	3	1.0000	0.9403	0.4531	0.3417	0.0000	0.4531	0.2835	1.0000	0.1243	0.1306	-0.0063	0.2513
26.0000	60.0000	Respond Naturally	WelchsFruitSnacks	5.0000	4.0000	3.0000	3	1.0000	1.6120	0.7216	0.4523	0.0000	0.7216	0.1402	1.0000	0.1089	0.1089	-0.0000	0.1825
26.0000	61.0000	Respond Naturally	BabyFoodCarrots	3.0000	1.0000	5.0000	3	-1.0000	1.1418	0.5539	-0.3266	0.0000	0.5539	0.3024	-1.0000	0.2926	0.3385	-0.0459	0.6852
26.0000	62.0000	Respond Naturally	Butternut	4.0000	4.0000	4.0000	7	1.0000	1.5109	0.6878	0.1296	1.0000	0.8054	0.3860	-1.0000	0.3883	0.3933	-0.0050	1.0504
26.0000	63.0000	Respond Naturally	YorkPeppermintPatties	4.0000	1.0000	1.0000	4	-1.0000	1.0916	0.4869	-0.1851	0.0000	0.4869	0.2271	-1.0000	0.1560	0.1560	-0.0000	0.3074
26.0000	64.0000	Respond Naturally	Starburst	5.0000	4.0000	3.0000	6	1.0000	1.0915	0.6378	0.1993	0.0000	0.6378	0.2034	1.0000	0.1881	0.2186	-0.0305	0.3547
26.0000	65.0000	Respond Naturally	RedPepper	4.0000	4.0000	3.0000	2	1.0000	1.2593	0.7554	0.1061	0.0000	0.7554	0.2444	1.0000	0.2257	0.2257	-0.0000	0.3725
26.0000	66.0000	Respond Naturally	BrusselsSprouts	4.0000	2.0000	4.0000	2	1.0000	6.2944	0.5707	0.5029	1.0000	0.7891	0.2563	-1.0000	0.1800	0.1801	-0.0000	1.4260
26.0000	67.0000	Respond Naturally	SlicedTurkey	6.0000	6.0000	4.0000	2	1.0000	1.1752	0.6377	0.0551	0.0000	0.6377	0.2098	1.0000	0.2714	0.2715	-0.0000	0.4430
26.0000	68.0000	Respond Naturally	ClifBar	4.0000	2.0000	2.0000	4	-1.0000	1.6287	0.6377	-0.2998	0.0000	0.6377	0.1935	-1.0000	0.1632	0.2082	-0.0451	0.4977
26.0000	69.0000	Respond Naturally	NatureValleyChocolate	4.0000	3.0000	3.0000	4	1.0000	1.4943	1.0076	0.1847	0.0000	1.0076	0.1244	1.0000	0.1796	0.1799	-0.0003	0.2933
26.0000	70.0000	Respond Naturally	MangoChunks	5.0000	4.0000	5.0000	2	1.0000	0.9739	0.4196	0.3967	0.0000	0.4196	0.2394	1.0000	0.1219	0.1297	-0.0078	0.2617
26.0000	71.0000	Focus on Health	FrozenBlueberries	4.0000	3.0000	4.0000	1	1.0000	5.4566	0.3694	0.6173	3.0000	3.1733	0.2247	-1.0000	0.5253	0.5292	-0.0039	0.9949
26.0000	72.0000	Focus on Health	Mars	4.0000	5.0000	2.0000	4	1.0000	5.3905	0.5541	0.3008	2.0000	3.2580	0.1149	1.0000	0.2954	0.2955	-0.0002	0.5851
26.0000	73.0000	Focus on Health	Pringles	6.0000	6.0000	3.0000	5	1.0000	4.1634	3.6595	0.5029	0.0000	3.6595	0.1695	1.0000	0.1322	0.1322	-0.0000	0.1720
26.0000	74.0000	Focus on Health	Asparagus	4.0000	3.0000	4.0000	3	1.0000	2.5181	2.1149	0.5361	0.0000	2.1149	0.2903	1.0000	0.1323	0.1323	-0.0000	0.1788
26.0000	75.0000	Focus on Health	Aero	6.0000	4.0000	3.0000	1	1.0000	1.0074	0.6043	0.7718	0.0000	0.6043	0.2812	1.0000	-0.0224	0.0004	-0.0228	-0.0778
26.0000	76.0000	Focus on Health	FrootLoops	4.0000	5.0000	2.0000	6	-1.0000	5.9945	4.7012	0.1007	0.0000	4.7012	0.0945	-1.0000	-0.0340	0.0859	-0.1199	-0.5295
26.0000	77.0000	Focus on Health	FrozenPeas	5.0000	1.0000	5.0000	6	-1.0000	8.0735	0.8560	-0.1117	4.0000	5.6064	0.1967	-1.0000	0.1595	0.1606	-0.0011	0.4575
26.0000	78.0000	Focus on Health	Strawberries	4.0000	3.0000	4.0000	2	-1.0000	2.3169	1.4266	0.0562	0.0000	1.4266	0.0884	-1.0000	0.1671	0.1671	-0.0000	0.2507
26.0000	79.0000	Focus on Health	FrozenCorn	5.0000	5.0000	4.0000	4	-1.0000	4.0622	3.1720	0.0135	0.0000	3.1720	0.1082	-1.0000	0.2116	0.2116	-0.0000	0.2847
26.0000	80.0000	Focus on Health	LaysClassic	6.0000	6.0000	3.0000	4	1.0000	3.1733	2.4509	0.0381	0.0000	2.4509	0.1388	1.0000	0.2448	0.2449	-0.0000	0.3138
26.0000	81.0000	Respond Naturally	NatureValleyChocolate	4.0000	3.0000	3.0000	1	1.0000	1.1755	0.4701	0.3042	0.0000	0.4701	0.1497	1.0000	0.1199	0.1200	-0.0001	0.1695
26.0000	82.0000	Respond Naturally	FrozenPeaches	4.0000	4.0000	4.0000	5	1.0000	1.6451	1.1915	0.0681	0.0000	1.1915	0.3222	1.0000	0.2820	0.2827	-0.0007	0.3841
26.0000	83.0000	Respond Naturally	Mentos	4.0000	4.0000	3.0000	2	1.0000	1.2761	0.4363	0.2033	0.0000	0.4363	0.1683	1.0000	0.0810	0.0853	-0.0043	0.1957
26.0000	84.0000	Respond Naturally	RitzCrackers	4.0000	4.0000	3.0000	5	1.0000	0.8225	0.3859	0.2581	0.0000	0.3859	0.1656	1.0000	0.0643	0.0645	-0.0003	0.1238
26.0000	85.0000	Respond Naturally	ProMax	4.0000	3.0000	3.0000	2	1.0000	1.0236	0.4696	0.3201	0.0000	0.4696	0.2447	1.0000	0.0602	0.0656	-0.0054	0.1327
26.0000	86.0000	Respond Naturally	SkimMilk	6.0000	6.0000	4.0000	1	1.0000	1.0247	0.3863	0.2738	0.0000	0.3863	0.1916	1.0000	0.0211	0.0668	-0.0457	0.1578
26.0000	87.0000	Respond Naturally	CheeseNips	5.0000	5.0000	2.0000	5	1.0000	1.2087	0.6044	0.4479	0.0000	0.6044	0.1868	1.0000	0.1197	0.1198	-0.0000	0.2060
26.0000	88.0000	Respond Naturally	MangoChunks	5.0000	5.0000	5.0000	5	1.0000	1.0416	0.3023	0.3369	0.0000	0.3023	0.1355	1.0000	0.0776	0.0776	-0.0000	0.2118
26.0000	89.0000	Respond Naturally	CannedArtichoke	4.0000	3.0000	4.0000	2	-1.0000	1.3597	0.8226	-0.1819	0.0000	0.8226	0.1420	-1.0000	0.2937	0.2962	-0.0025	0.4476
26.0000	90.0000	Respond Naturally	SunChips	6.0000	4.0000	3.0000	2	1.0000	1.0414	0.4199	0.0088	0.0000	0.4199	0.1206	1.0000	0.1904	0.1953	-0.0049	0.3332
26.0000	91.0000	Focus on Health	PopTartStrawberry	4.0000	2.0000	1.0000	5	-1.0000	1.9479	0.5708	-0.1565	1.0000	0.6884	0.2119	1.0000	0.3643	0.3650	-0.0007	0.8177
26.0000	92.0000	Focus on Health	BabyFoodSweetPotatos	3.0000	1.0000	5.0000	2	1.0000	8.8297	0.6209	0.1566	9.0000	5.1540	0.2129	-1.0000	0.4198	0.4203	-0.0005	0.9795
26.0000	93.0000	Focus on Health	Pringles	6.0000	5.0000	3.0000	2	1.0000	1.8134	1.0239	0.1126	0.0000	1.0239	0.2152	1.0000	0.1472	0.1723	-0.0251	0.2800
26.0000	94.0000	Focus on Health	Raspberries	4.0000	2.0000	4.0000	4	-1.0000	2.3163	1.4093	0.3790	0.0000	1.4093	0.1302	-1.0000	0.1718	0.1782	-0.0064	0.2944
26.0000	95.0000	Focus on Health	Butternut	4.0000	5.0000	4.0000	3	1.0000	1.6958	1.1078	0.2726	0.0000	1.1078	0.1404	1.0000	0.1734	0.1734	-0.0000	0.2297
26.0000	96.0000	Focus on Health	Orange	4.0000	3.0000	4.0000	1	1.0000	1.0579	0.6042	-0.1530	0.0000	0.6042	0.2180	1.0000	0.1222	0.1225	-0.0003	0.2032
26.0000	97.0000	Focus on Health	BabyFoodCarrots	3.0000	2.0000	6.0000	5	-1.0000	3.1221	2.0806	-0.2492	0.0000	2.0806	0.0831	-1.0000	0.0876	0.0920	-0.0044	0.1369
26.0000	98.0000	Focus on Health	IceCreamChocolate	6.0000	5.0000	3.0000	1	1.0000	1.3935	0.9400	0.2363	0.0000	0.9400	0.2724	1.0000	0.2996	0.3030	-0.0034	0.4044
26.0000	99.0000	Focus on Health	RiceKrispiesCereal	4.0000	3.0000	3.0000	7	1.0000	5.0013	1.9966	0.2034	1.0000	2.9875	0.1523	-1.0000	0.7408	0.7408	-0.0000	1.3148
26.0000	100.0000	Focus on Health	Smarties	4.0000	3.0000	3.0000	2	-1.0000	3.1719	2.0801	-0.0795	0.0000	2.0801	0.1882	-1.0000	0.1260	0.1262	-0.0003	0.2010
26.0000	101.0000	Focus on Health	FrozenOkra	4.0000	3.0000	4.0000	2	1.0000	3.3403	2.3493	0.0517	1.0000	2.5844	0.2290	-1.0000	0.1705	0.1768	-0.0063	0.6019
26.0000	102.0000	Focus on Health	RaisinBran	4.0000	3.0000	3.0000	7	1.0000	3.7930	2.7019	0.3073	0.0000	2.7019	0.2403	1.0000	0.1769	0.1773	-0.0003	0.2493
26.0000	103.0000	Focus on Health	Asparagus	4.0000	3.0000	4.0000	6	-1.0000	2.7870	1.4435	-0.1604	0.0000	1.4435	0.0695	-1.0000	0.1324	0.1324	-0.0000	0.2198
26.0000	104.0000	Focus on Health	Bananas	5.0000	5.0000	5.0000	2	1.0000	1.1083	0.5370	0.4137	0.0000	0.5370	0.3081	1.0000	0.0265	0.0362	-0.0097	0.0865
26.0000	105.0000	Focus on Health	Doritos	6.0000	6.0000	3.0000	5	1.0000	2.2329	0.5371	0.1389	0.0000	0.5371	0.2103	1.0000	0.0753	0.0753	-0.0000	0.2678
26.0000	106.0000	Focus on Health	ClamJuice	4.0000	2.0000	4.0000	3	-1.0000	1.3097	0.4870	-0.3298	1.0000	0.7055	0.2942	1.0000	0.4924	0.4933	-0.0008	1.0524
26.0000	107.0000	Focus on Health	Prunes	4.0000	3.0000	4.0000	5	1.0000	4.9011	1.5777	0.0000	0.0000	1.5777	0.1696	1.0000	0.1872	0.1929	-0.0057	0.4278
26.0000	108.0000	Focus on Health	Nutella	4.0000	2.0000	1.0000	1	-1.0000	2.5519	2.0818	-0.1796	0.0000	2.0818	0.1162	-1.0000	0.1616	0.1616	-0.0000	0.2369
26.0000	109.0000	Focus on Health	Spinach	4.0000	1.0000	5.0000	4	-1.0000	4.4642	2.7519	0.1696	0.0000	2.7519	0.1626	-1.0000	0.1634	0.1658	-0.0024	0.3845
26.0000	110.0000	Focus on Health	AlmondMilk	5.0000	5.0000	5.0000	2	1.0000	1.2250	0.8052	0.2012	0.0000	0.8052	0.2132	1.0000	0.1535	0.1535	-0.0000	0.2197
26.0000	111.0000	Respond Naturally	SlimStyles	6.0000	5.0000	4.0000	2	1.0000	1.0578	0.5371	-0.0714	0.0000	0.5371	0.2094	1.0000	0.3282	0.3282	-0.0000	0.4937
26.0000	112.0000	Respond Naturally	Beets	4.0000	2.0000	4.0000	2	-1.0000	1.0569	0.5529	0.2517	0.0000	0.5529	0.1094	-1.0000	0.1748	0.1748	-0.0000	0.2868
26.0000	113.0000	Respond Naturally	AllBranBar	4.0000	3.0000	2.0000	1	-1.0000	1.1751	0.7385	0.0409	0.0000	0.7385	0.1498	-1.0000	0.2275	0.2277	-0.0002	0.3289
26.0000	114.0000	Respond Naturally	AppleChips	5.0000	4.0000	3.0000	5	1.0000	1.8812	0.6716	0.0779	0.0000	0.6716	0.1613	1.0000	0.2730	0.2730	-0.0000	0.4639
26.0000	115.0000	Respond Naturally	Avocado	6.0000	6.0000	4.0000	5	1.0000	0.9237	0.5037	-0.0298	0.0000	0.5037	0.1968	1.0000	0.0891	0.0919	-0.0028	0.1687
26.0000	116.0000	Respond Naturally	RitzCrackers	4.0000	4.0000	2.0000	2	1.0000	2.0316	1.2591	-0.0579	0.0000	1.2591	0.2175	1.0000	0.2350	0.2386	-0.0036	0.5886
26.0000	117.0000	Respond Naturally	WaterChestnuts	4.0000	2.0000	4.0000	5	-1.0000	1.5955	0.3189	0.1148	1.0000	0.6213	0.1548	1.0000	0.3591	0.3598	-0.0007	0.9750
26.0000	118.0000	Respond Naturally	RaisinBran	4.0000	3.0000	4.0000	3	1.0000	1.4776	0.8560	-0.0310	0.0000	0.8560	0.1450	1.0000	0.2017	0.2024	-0.0007	0.2937
26.0000	119.0000	Respond Naturally	PCChipCookie	5.0000	4.0000	2.0000	2	1.0000	1.0743	0.6377	-0.0001	0.0000	0.6377	0.2329	1.0000	0.1763	0.1763	-0.0000	0.2522
26.0000	120.0000	Respond Naturally	Tuna	6.0000	5.0000	4.0000	2	1.0000	0.8561	0.4362	0.0484	0.0000	0.4362	0.2223	1.0000	0.1235	0.1525	-0.0290	0.2938
26.0000	121.0000	Focus on Health	GreenGrapes	5.0000	4.0000	4.0000	1	1.0000	1.3434	0.5204	-0.0818	0.0000	0.5204	0.1601	1.0000	0.1298	0.1448	-0.0150	0.3245
26.0000	122.0000	Focus on Health	Doritos	6.0000	4.0000	3.0000	2	1.0000	0.9405	0.3862	0.0338	0.0000	0.3862	0.1727	1.0000	0.0505	0.0766	-0.0261	0.1838
26.0000	123.0000	Focus on Health	OatBran	4.0000	1.0000	5.0000	4	-1.0000	2.0310	0.6545	-0.1633	0.0000	0.6545	0.1695	-1.0000	0.2196	0.2277	-0.0081	0.5598
26.0000	124.0000	Focus on Health	ClamJuice	4.0000	3.0000	4.0000	1	-1.0000	1.4435	0.5033	-0.0410	1.0000	0.7385	0.3934	1.0000	0.4454	0.4454	-0.0000	1.5019
26.0000	125.0000	Focus on Health	BBQCrisps	5.0000	5.0000	3.0000	6	1.0000	7.1696	0.5038	0.1941	4.0000	6.0109	0.1768	1.0000	0.3135	0.3158	-0.0023	0.8138
26.0000	126.0000	Focus on Health	AllBranCereal	4.0000	3.0000	3.0000	6	-1.0000	1.3262	0.8055	-0.0352	0.0000	0.8055	0.2057	-1.0000	0.1977	0.1977	-0.0000	0.2663
26.0000	127.0000	Focus on Health	AllBranCereal	4.0000	2.0000	4.0000	2	1.0000	3.6088	1.2081	0.1860	1.0000	1.6615	0.2064	-1.0000	0.4856	0.4859	-0.0003	1.2145
26.0000	128.0000	Focus on Health	PureFit	4.0000	2.0000	3.0000	2	-1.0000	1.8617	1.3417	-0.1146	0.0000	1.3417	0.2583	-1.0000	0.2137	0.2463	-0.0326	0.3298
26.0000	129.0000	Focus on Health	Twizzlers	4.0000	3.0000	3.0000	2	-1.0000	2.2671	1.6623	0.5942	0.0000	1.6623	0.1665	-1.0000	0.1323	0.1323	-0.0000	0.3770
26.0000	130.0000	Focus on Health	RufflesSourCreamOnion	6.0000	6.0000	3.0000	5	1.0000	0.9403	0.4194	-0.0307	0.0000	0.4194	0.1676	1.0000	0.2273	0.2273	-0.0000	0.3632
26.0000	131.0000	Respond Naturally	FrozenBroccoli	4.0000	3.0000	4.0000	2	1.0000	4.7681	1.4601	-0.0811	2.0000	3.5085	0.3609	1.0000	0.3325	0.3325	-0.0000	1.4715
26.0000	132.0000	Respond Naturally	SevenGrain	4.0000	2.0000	3.0000	1	-1.0000	1.2930	0.6212	-0.2482	0.0000	0.6212	0.3179	-1.0000	0.1986	0.2218	-0.0232	0.5276
26.0000	133.0000	Respond Naturally	Skittles	4.0000	2.0000	2.0000	6	1.0000	1.4435	0.9061	-0.1912	0.0000	0.9061	0.2795	1.0000	0.2873	0.2873	-0.0000	0.4072
26.0000	134.0000	Respond Naturally	TofuDessert	5.0000	4.0000	3.0000	2	1.0000	1.6449	0.8053	-0.2651	0.0000	0.8053	0.1790	1.0000	0.2516	0.2634	-0.0118	0.4538
26.0000	135.0000	Respond Naturally	YorkPeppermintPatties	4.0000	3.0000	3.0000	2	-1.0000	6.1761	2.6348	-0.0167	0.0000	2.6348	0.2473	-1.0000	0.1554	0.1556	-0.0002	0.3308
26.0000	136.0000	Respond Naturally	GreenBeans	4.0000	3.0000	3.0000	2	-1.0000	3.2400	1.5440	-0.0011	0.0000	1.5440	0.1879	-1.0000	0.2123	0.2285	-0.0162	0.4772
26.0000	137.0000	Respond Naturally	Onion	4.0000	2.0000	4.0000	2	-1.0000	1.1583	0.6880	0.3569	0.0000	0.6880	0.1595	-1.0000	0.1418	0.1426	-0.0008	0.2234
26.0000	138.0000	Respond Naturally	TofuDessert	5.0000	4.0000	3.0000	4	1.0000	5.7768	1.4607	-0.2901	3.0000	3.4428	0.2128	-1.0000	0.3715	0.3753	-0.0038	1.3450
26.0000	139.0000	Respond Naturally	OatmealSquares	4.0000	3.0000	4.0000	3	1.0000	5.5734	1.9633	0.2263	5.0000	4.1131	0.2951	-1.0000	0.3069	0.3198	-0.0129	1.0607
26.0000	140.0000	Respond Naturally	SpeltCakes	4.0000	3.0000	3.0000	5	1.0000	2.6184	1.6280	-0.0650	0.0000	1.6280	0.1382	1.0000	0.2541	0.2541	-0.0000	0.3681
26.0000	141.0000	Focus on Health	Cheerios	4.0000	4.0000	3.0000	2	1.0000	1.8800	0.8058	0.0476	0.0000	0.8058	0.1796	1.0000	0.1538	0.1584	-0.0045	0.3669
26.0000	142.0000	Focus on Health	BabyFoodSweetPotatos	3.0000	2.0000	6.0000	5	-1.0000	1.1919	0.6713	0.0525	0.0000	0.6713	0.2101	-1.0000	0.1394	0.1399	-0.0004	0.2253
26.0000	143.0000	Focus on Health	Cauliflower	4.0000	2.0000	4.0000	2	1.0000	2.7358	1.8630	0.1673	0.0000	1.8630	0.1459	1.0000	0.1438	0.1499	-0.0061	0.2247
26.0000	144.0000	Focus on Health	PopTartStrawberry	4.0000	3.0000	1.0000	2	-1.0000	1.5775	0.8720	-0.2679	0.0000	0.8720	0.2210	-1.0000	0.2259	0.2415	-0.0156	0.4216
26.0000	145.0000	Focus on Health	Cheerios	4.0000	4.0000	3.0000	5	-1.0000	6.1928	3.2721	-0.0930	0.0000	3.2721	0.1405	-1.0000	0.2053	0.2124	-0.0071	0.5315
26.0000	146.0000	Focus on Health	KashiBars	4.0000	2.0000	3.0000	4	-1.0000	1.2924	0.5204	-0.0878	0.0000	0.5204	0.1586	-1.0000	0.1595	0.1768	-0.0173	0.3595
26.0000	147.0000	Focus on Health	ProMax	4.0000	4.0000	3.0000	4	1.0000	4.3144	2.4673	0.0572	0.0000	2.4673	0.1350	1.0000	0.0912	0.0922	-0.0010	0.1720
26.0000	148.0000	Focus on Health	Smarties	4.0000	4.0000	2.0000	5	-1.0000	1.8621	1.4087	-0.0000	0.0000	1.4087	0.2530	-1.0000	0.2739	0.2739	-0.0000	0.3503
26.0000	149.0000	Focus on Health	FrozenPeas	5.0000	4.0000	4.0000	2	1.0000	4.4300	3.8589	-0.0234	0.0000	3.8589	0.1265	1.0000	0.1948	0.1958	-0.0010	0.2534
26.0000	150.0000	Focus on Health	DriedHerring	4.0000	3.0000	1.0000	3	-1.0000	1.9814	0.9236	-0.2441	0.0000	0.9236	0.1549	-1.0000	0.2271	0.2406	-0.0136	0.4766
26.0000	151.0000	Respond Naturally	IceCreamVanilla	6.0000	6.0000	3.0000	1	1.0000	0.9907	0.5708	0.0587	0.0000	0.5708	0.1957	1.0000	0.1464	0.1483	-0.0020	0.2517
26.0000	152.0000	Respond Naturally	PCChipCookie	5.0000	5.0000	3.0000	5	1.0000	0.8563	0.4197	0.0565	0.0000	0.4197	0.3296	1.0000	0.2270	0.2270	-0.0000	0.3687
26.0000	153.0000	Respond Naturally	IceCreamVanilla	6.0000	6.0000	3.0000	4	1.0000	0.9741	0.4030	-0.0897	0.0000	0.4030	0.1436	1.0000	0.1832	0.1832	-0.0000	0.3099
26.0000	154.0000	Respond Naturally	AppleChips	5.0000	5.0000	4.0000	2	1.0000	2.9884	0.8899	0.1432	0.0000	0.8899	0.1261	1.0000	0.0937	0.0940	-0.0004	0.2729
26.0000	155.0000	Respond Naturally	VegetableThins	4.0000	4.0000	3.0000	5	1.0000	0.8397	0.4533	0.4062	0.0000	0.4533	0.2367	1.0000	0.0887	0.0978	-0.0091	0.1814
26.0000	156.0000	Respond Naturally	Smartfood	6.0000	6.0000	2.0000	4	1.0000	0.8061	0.3525	-0.0566	0.0000	0.3525	0.2864	1.0000	0.1724	0.1764	-0.0040	0.3498
26.0000	157.0000	Respond Naturally	VegetableThins	4.0000	4.0000	3.0000	2	1.0000	0.8230	0.2855	0.3869	0.0000	0.2855	0.2217	1.0000	0.0986	0.0986	-0.0000	0.1951
26.0000	158.0000	Respond Naturally	Spinach	4.0000	2.0000	5.0000	2	-1.0000	2.0156	0.1847	-0.4782	3.0000	1.1253	0.3174	1.0000	0.2715	0.2764	-0.0049	0.9150
26.0000	159.0000	Respond Naturally	Cheetos	6.0000	6.0000	1.0000	6	1.0000	1.2756	0.4024	0.0342	0.0000	0.4024	0.2082	1.0000	0.1546	0.1546	-0.0000	0.3453
26.0000	160.0000	Respond Naturally	MnMPlain	4.0000	2.0000	2.0000	5	-1.0000	3.1224	0.3358	0.0614	1.0000	1.6113	0.1807	1.0000	0.5582	0.5582	-0.0000	1.2409
26.0000	161.0000	Respond Naturally	BrusselsSprouts	4.0000	2.0000	4.0000	4	-1.0000	1.3251	0.7045	-0.3270	0.0000	0.7045	0.2808	-1.0000	0.3279	0.3279	-0.0000	0.5331
26.0000	162.0000	Respond Naturally	OikosYogurt	5.0000	5.0000	4.0000	6	1.0000	0.9569	0.4698	0.1909	0.0000	0.4698	0.1976	1.0000	0.1772	0.1818	-0.0046	0.3276
26.0000	163.0000	Respond Naturally	RomaineLettuce	4.0000	4.0000	5.0000	4	1.0000	1.9975	0.9735	-0.0086	0.0000	0.9735	0.2073	1.0000	0.1477	0.1577	-0.0100	0.3141
26.0000	164.0000	Respond Naturally	Twizzlers	4.0000	2.0000	3.0000	4	-1.0000	0.9904	0.5203	-0.2640	0.0000	0.5203	0.2358	-1.0000	0.2623	0.2705	-0.0081	0.4610
26.0000	165.0000	Respond Naturally	DriedApricots	4.0000	4.0000	4.0000	2	1.0000	1.6456	1.2089	-0.2096	0.0000	1.2089	0.2360	1.0000	0.3010	0.3174	-0.0164	0.4319
26.0000	166.0000	Respond Naturally	SevenGrain	4.0000	3.0000	3.0000	3	-1.0000	1.3098	0.5037	-0.2516	0.0000	0.5037	0.2392	-1.0000	0.2636	0.2923	-0.0287	0.5087
26.0000	167.0000	Respond Naturally	Aero	6.0000	5.0000	3.0000	3	1.0000	1.0410	0.4866	-0.1031	0.0000	0.4866	0.1627	1.0000	0.2151	0.2176	-0.0024	0.4283
26.0000	168.0000	Respond Naturally	RedPepper	4.0000	3.0000	5.0000	5	-1.0000	1.6456	0.5708	-0.1315	0.0000	0.5708	0.1501	-1.0000	0.1807	0.1891	-0.0084	0.4409
26.0000	169.0000	Respond Naturally	OatmealSquares	4.0000	3.0000	4.0000	7	-1.0000	2.8872	0.9402	-0.0068	0.0000	0.9402	0.2446	-1.0000	0.0797	0.0817	-0.0020	0.2458
26.0000	170.0000	Respond Naturally	Avocado	6.0000	6.0000	4.0000	2	1.0000	0.8732	0.5204	0.6338	0.0000	0.5204	0.1894	1.0000	0.1528	0.1528	-0.0000	0.2491
26.0000	171.0000	Focus on Health	SpeltCakes	4.0000	2.0000	3.0000	2	1.0000	5.9755	0.8561	0.0124	0.0000	0.8561	0.1613	1.0000	0.0518	0.0548	-0.0030	0.3676
26.0000	172.0000	Focus on Health	AllBranBar	4.0000	3.0000	3.0000	3	-1.0000	1.7971	1.0243	0.3577	1.0000	1.1922	0.5000	1.0000	0.2570	0.2832	-0.0262	1.2550
26.0000	173.0000	Focus on Health	CannedArtichoke	4.0000	3.0000	4.0000	5	-1.0000	1.0914	0.6714	-0.0994	0.0000	0.6714	0.2311	-1.0000	0.3952	0.3962	-0.0010	0.6050
26.0000	174.0000	Focus on Health	GreenGrapes	4.0000	4.0000	5.0000	4	1.0000	1.2255	0.6712	-0.1227	0.0000	0.6712	0.1726	1.0000	0.3316	0.3316	-0.0000	0.5104
26.0000	175.0000	Focus on Health	OatBran	4.0000	2.0000	4.0000	2	1.0000	4.4976	3.2041	0.3522	0.0000	3.2041	0.1210	1.0000	0.3037	0.3038	-0.0000	0.4392
26.0000	176.0000	Focus on Health	Fritos	5.0000	6.0000	2.0000	5	1.0000	2.7365	0.4029	0.5075	1.0000	2.0815	0.2055	-1.0000	0.3365	0.3365	-0.0000	0.7232
26.0000	177.0000	Focus on Health	SunChips	6.0000	5.0000	3.0000	4	1.0000	1.0912	0.6548	0.1377	0.0000	0.6548	0.2340	1.0000	0.1704	0.1754	-0.0049	0.2949
26.0000	178.0000	Focus on Health	FrootLoops	4.0000	3.0000	3.0000	2	1.0000	1.2758	0.4366	0.1401	0.0000	0.4366	0.1479	1.0000	0.2093	0.2093	-0.0000	0.3358
26.0000	179.0000	Focus on Health	WelchsFruitSnacks	5.0000	4.0000	3.0000	1	1.0000	4.1794	0.2686	0.3928	0.0000	0.2686	0.1663	1.0000	0.1286	0.1287	-0.0000	0.2000
26.0000	180.0000	Focus on Health	FrozenOkra	4.0000	2.0000	4.0000	5	-1.0000	1.4930	0.9233	-0.2026	0.0000	0.9233	0.3708	-1.0000	0.4833	0.4834	-0.0000	0.7359
26.0000	181.0000	Respond Naturally	Broccoli	4.0000	2.0000	6.0000	4	-1.0000	1.0403	0.4361	0.0290	0.0000	0.4361	0.1983	-1.0000	0.1336	0.1535	-0.0199	0.3371
26.0000	182.0000	Respond Naturally	GreenPepper	4.0000	3.0000	5.0000	6	-1.0000	1.3432	0.5205	-0.0319	0.0000	0.5205	0.2058	-1.0000	0.1362	0.1362	-0.0000	0.2930
26.0000	183.0000	Respond Naturally	Onion	4.0000	2.0000	5.0000	4	-1.0000	1.0579	0.5541	-0.2206	0.0000	0.5541	0.2116	-1.0000	0.4219	0.4219	-0.0000	0.6466
26.0000	184.0000	Respond Naturally	Almonds	4.0000	3.0000	3.0000	4	-1.0000	0.9065	0.5204	0.2657	0.0000	0.5204	0.2380	-1.0000	0.2079	0.2079	-0.0000	0.3463
26.0000	185.0000	Respond Naturally	SkittlesSour	4.0000	4.0000	3.0000	3	1.0000	2.0483	0.5540	0.2211	1.0000	0.7219	0.2634	-1.0000	0.6591	0.6591	-0.0000	1.3308
26.0000	186.0000	Respond Naturally	Prunes	4.0000	3.0000	4.0000	2	-1.0000	1.0243	0.4868	0.1898	0.0000	0.4868	0.2101	-1.0000	0.1452	0.1452	-0.0000	0.2831
26.0000	187.0000	Respond Naturally	Nutella	4.0000	2.0000	1.0000	4	-1.0000	1.5281	0.7219	-0.3168	0.0000	0.7219	0.1856	-1.0000	0.3206	0.3206	-0.0000	0.5206
26.0000	188.0000	Respond Naturally	Broccoli	4.0000	3.0000	4.0000	1	-1.0000	0.9905	0.4866	-0.1288	0.0000	0.4866	0.3588	-1.0000	0.2122	0.2420	-0.0299	0.4635
26.0000	189.0000	Respond Naturally	CornFlakes	4.0000	3.0000	3.0000	6	1.0000	1.2759	0.8225	0.0960	0.0000	0.8225	0.1489	1.0000	0.1728	0.1728	-0.0000	0.2380
26.0000	190.0000	Respond Naturally	VanillaGreekYogurt	5.0000	5.0000	4.0000	4	1.0000	1.0748	0.6212	0.3476	0.0000	0.6212	0.2040	1.0000	0.1248	0.1288	-0.0041	0.2631
26.0000	191.0000	Focus on Health	GreenPepper	4.0000	3.0000	4.0000	2	1.0000	1.2761	0.2854	-0.1621	0.0000	0.2854	0.2076	1.0000	0.2488	0.2488	-0.0000	0.4667
26.0000	192.0000	Focus on Health	RiceKrispiesCereal	4.0000	3.0000	3.0000	3	1.0000	1.1755	0.7388	0.3505	0.0000	0.7388	0.1941	1.0000	0.1863	0.1865	-0.0002	0.2838
26.0000	193.0000	Focus on Health	GreenApple	4.0000	5.0000	4.0000	4	1.0000	4.0276	3.0035	0.0683	0.0000	3.0035	0.3511	1.0000	0.0834	0.0931	-0.0097	0.2263
26.0000	194.0000	Focus on Health	Reese	4.0000	3.0000	1.0000	4	-1.0000	1.6452	1.1584	-0.0695	0.0000	1.1584	0.1909	-1.0000	0.2585	0.2695	-0.0110	0.3723
26.0000	195.0000	Focus on Health	FrozenCorn	5.0000	5.0000	4.0000	2	1.0000	2.1996	1.4606	0.1879	0.0000	1.4606	0.1447	1.0000	0.1505	0.1519	-0.0014	0.2428
26.0000	196.0000	Focus on Health	IceCreamChocolate	6.0000	6.0000	3.0000	4	1.0000	2.9387	2.2164	0.2000	0.0000	2.2164	0.1132	1.0000	0.1406	0.1407	-0.0000	0.1751
26.0000	197.0000	Focus on Health	CoffeeCrisp	4.0000	5.0000	3.0000	3	1.0000	1.9142	0.5708	0.5668	0.0000	0.5708	0.1684	1.0000	0.0018	0.0275	-0.0257	0.1005
26.0000	198.0000	Focus on Health	Starburst	4.0000	4.0000	2.0000	3	1.0000	2.5848	2.1649	0.9591	0.0000	2.1649	0.2375	1.0000	-0.0604	0.0000	-0.0604	-0.1068
26.0000	199.0000	Focus on Health	RufflesSourCreamOnion	6.0000	6.0000	3.0000	3	1.0000	1.0407	0.6047	0.5410	0.0000	0.6047	0.1714	1.0000	0.1265	0.1265	-0.0000	0.2009
26.0000	200.0000	Focus on Health	EnglishCucumber	5.0000	4.0000	4.0000	2	1.0000	1.6451	0.8557	1.0640	0.0000	0.8557	0.3069	1.0000	-0.0666	0.0238	-0.0904	-0.2091
