Subject	Trial	Instruction	Food	Liking	Taste	Health	Amount	Choice	ChoiceRT	FirstDevTimeChoice	InitAngleChoice	NumChangeMindChoice	FinalDevTimeChoice	MaxVelocityChoice	DrxFirstDevChoice	TotalAUCChoice	AUCtoNonChosenChoice	AUCtoChosenChoice	MaxDevChoice
80.0000	1.0000	Respond Naturally	Caramilk	6.0000	6.0000	1.0000	5	1.0000	1.6451	1.0573	0.1110	0.0000	1.0573	0.2161	1.0000	0.1832	0.1840	-0.0007	0.2700
80.0000	2.0000	Respond Naturally	BBQCrisps	6.0000	5.0000	1.0000	6	1.0000	1.4437	0.7550	0.0000	1.0000	0.8894	0.2467	-1.0000	0.1878	0.1949	-0.0071	0.4361
80.0000	3.0000	Respond Naturally	SkittlesSour	4.0000	5.0000	1.0000	6	-1.0000	1.2759	0.7888	0.1351	0.0000	0.7888	0.2030	-1.0000	0.1724	0.1806	-0.0081	0.2814
80.0000	4.0000	Respond Naturally	SlicedTurkey	6.0000	5.0000	5.0000	2	-1.0000	1.6789	0.5872	0.1302	1.0000	0.9230	0.2673	1.0000	0.5916	0.5916	-0.0000	1.5489
80.0000	5.0000	Respond Naturally	ClifBar	1.0000	2.0000	2.0000	2	-1.0000	1.2926	0.7384	-0.0733	0.0000	0.7384	0.2110	-1.0000	0.3156	0.3157	-0.0001	0.4728
80.0000	6.0000	Respond Naturally	FrozenBroccoli	3.0000	4.0000	6.0000	2	1.0000	2.0140	1.6109	-0.1258	0.0000	1.6109	0.4084	1.0000	0.4443	0.4449	-0.0006	0.5423
80.0000	7.0000	Respond Naturally	GreenBeans	1.0000	2.0000	6.0000	2	-1.0000	1.4269	0.6881	-0.0172	0.0000	0.6881	0.1567	-1.0000	0.1678	0.1678	-0.0000	0.2961
80.0000	8.0000	Respond Naturally	SkittlesSour	6.0000	4.0000	2.0000	3	-1.0000	1.8300	1.2758	-0.1006	0.0000	1.2758	0.2621	-1.0000	0.2620	0.2620	-0.0000	0.3828
80.0000	9.0000	Respond Naturally	PureFit	2.0000	1.0000	4.0000	2	-1.0000	1.1583	0.7048	-0.1629	0.0000	0.7048	0.2502	-1.0000	0.2624	0.2624	-0.0000	0.3683
80.0000	10.0000	Respond Naturally	GreenPepper	2.0000	2.0000	5.0000	6	-1.0000	1.0915	0.6380	0.0331	0.0000	0.6380	0.3744	-1.0000	0.2120	0.2120	-0.0000	0.5004
80.0000	11.0000	Focus on Health	SevenGrain	2.0000	2.0000	4.0000	3	1.0000	2.0983	1.3761	-0.0349	0.0000	1.3761	0.1899	1.0000	0.2122	0.2122	-0.0000	0.3142
80.0000	12.0000	Focus on Health	SkimMilk	4.0000	3.0000	6.0000	1	1.0000	1.2420	0.8053	0.0272	0.0000	0.8053	0.1713	1.0000	0.1190	0.1190	-0.0000	0.1646
80.0000	13.0000	Focus on Health	PCChipCookie	5.0000	5.0000	2.0000	2	-1.0000	1.0912	0.5706	-0.0000	0.0000	0.5706	0.3261	-1.0000	0.2775	0.2797	-0.0022	0.4627
80.0000	14.0000	Focus on Health	PCChipCookie	6.0000	6.0000	1.0000	5	-1.0000	1.3766	0.7384	0.0260	0.0000	0.7384	0.2773	-1.0000	0.1942	0.1942	-0.0000	0.2476
80.0000	15.0000	Focus on Health	FrozenBroccoli	5.0000	4.0000	6.0000	6	1.0000	1.0746	0.5539	-0.0054	0.0000	0.5539	0.2313	1.0000	0.1616	0.1740	-0.0124	0.3072
80.0000	16.0000	Focus on Health	GreenApple	4.0000	2.0000	5.0000	4	1.0000	0.9739	0.4868	0.0429	0.0000	0.4868	0.2417	1.0000	0.1355	0.1355	-0.0000	0.2269
80.0000	17.0000	Focus on Health	OikosYogurt	2.0000	1.0000	4.0000	3	-1.0000	0.8725	0.4696	0.0568	0.0000	0.4696	0.1950	-1.0000	0.1751	0.1751	-0.0000	0.3213
80.0000	18.0000	Focus on Health	MangoChunks	6.0000	3.0000	4.0000	2	1.0000	1.0741	0.6040	-0.1494	0.0000	0.6040	0.3699	1.0000	0.2633	0.2633	-0.0000	0.4259
80.0000	19.0000	Focus on Health	RitzCrackers	2.0000	5.0000	3.0000	5	-1.0000	0.8729	0.4867	0.0300	0.0000	0.4867	0.2899	-1.0000	0.1867	0.1869	-0.0002	0.3027
80.0000	20.0000	Focus on Health	Spinach	3.0000	4.0000	5.0000	4	1.0000	0.9065	0.5372	-0.1005	0.0000	0.5372	0.2443	1.0000	0.4047	0.4047	-0.0000	0.6514
80.0000	21.0000	Respond Naturally	FrozenPeas	3.0000	6.0000	5.0000	2	-1.0000	1.0577	0.5874	0.0281	0.0000	0.5874	0.3453	-1.0000	0.1065	0.1074	-0.0009	0.1578
80.0000	22.0000	Respond Naturally	Snickers	5.0000	5.0000	1.0000	2	1.0000	1.1250	0.1511	0.0562	1.0000	0.6882	0.2197	-1.0000	0.1392	0.1392	-0.0000	0.3082
80.0000	23.0000	Respond Naturally	FrozenBlueberries	3.0000	6.0000	5.0000	3	-1.0000	0.9400	0.4867	0.0392	0.0000	0.4867	0.3553	-1.0000	0.1397	0.1397	-0.0000	0.2411
80.0000	24.0000	Respond Naturally	Skittles	3.0000	4.0000	1.0000	6	-1.0000	1.1245	0.1173	0.6775	1.0000	0.7719	0.2780	1.0000	0.2453	0.2453	-0.0000	0.4416
80.0000	25.0000	Respond Naturally	Twizzlers	6.0000	6.0000	1.0000	2	1.0000	1.0576	0.5874	-0.1506	0.0000	0.5874	0.2462	1.0000	0.1755	0.1811	-0.0056	0.2883
80.0000	26.0000	Respond Naturally	LaysClassic	3.0000	5.0000	1.0000	4	-1.0000	1.1414	0.5368	0.0074	0.0000	0.5368	0.2839	-1.0000	0.1826	0.2009	-0.0183	0.3760
80.0000	27.0000	Respond Naturally	VanillaGreekYogurt	1.0000	1.0000	3.0000	4	-1.0000	0.9568	0.4866	-0.0339	0.0000	0.4866	0.2006	-1.0000	0.1075	0.1335	-0.0260	0.2285
80.0000	28.0000	Respond Naturally	SunChips	6.0000	6.0000	1.0000	4	1.0000	0.8561	0.4699	-0.1413	0.0000	0.4699	0.4078	1.0000	0.2060	0.2081	-0.0022	0.3401
80.0000	29.0000	Respond Naturally	IceCreamChocolate	6.0000	6.0000	1.0000	4	1.0000	0.8393	0.4532	0.0748	0.0000	0.4532	0.2363	1.0000	0.1879	0.1879	-0.0000	0.3177
80.0000	30.0000	Respond Naturally	Onion	1.0000	1.0000	5.0000	2	-1.0000	1.0407	0.5538	-0.1086	0.0000	0.5538	0.2362	-1.0000	0.1650	0.1860	-0.0210	0.3280
80.0000	31.0000	Focus on Health	EnglishCucumber	6.0000	5.0000	6.0000	5	1.0000	0.9736	0.5035	-0.5727	0.0000	0.5035	0.2704	1.0000	0.1040	0.1086	-0.0046	0.2770
80.0000	32.0000	Focus on Health	EnglishCucumber	6.0000	5.0000	6.0000	2	1.0000	0.8733	0.1677	-0.0882	0.0000	0.1677	0.1333	1.0000	0.1471	0.1471	-0.0000	0.3000
80.0000	33.0000	Focus on Health	AllBranBar	1.0000	2.0000	2.0000	3	-1.0000	1.2758	0.6545	0.0015	0.0000	0.6545	0.3374	-1.0000	0.1249	0.1366	-0.0117	0.2507
80.0000	34.0000	Focus on Health	Mars	6.0000	5.0000	1.0000	4	-1.0000	0.9904	0.5706	0.0071	0.0000	0.5706	0.2770	-1.0000	0.1778	0.2005	-0.0228	0.3204
80.0000	35.0000	Focus on Health	RufflesSourCreamOnion	4.0000	6.0000	1.0000	3	-1.0000	1.0242	0.6043	0.0750	0.0000	0.6043	0.2667	-1.0000	0.3170	0.3174	-0.0005	0.5284
80.0000	36.0000	Focus on Health	DriedApricots	1.0000	1.0000	5.0000	5	1.0000	1.1417	0.6210	-0.0307	0.0000	0.6210	0.3202	1.0000	0.2387	0.2387	-0.0000	0.4559
80.0000	37.0000	Focus on Health	RaisinBran	2.0000	2.0000	4.0000	7	1.0000	1.1579	0.8054	0.1832	0.0000	0.8054	0.2151	1.0000	0.2187	0.2187	-0.0000	0.2980
80.0000	38.0000	Focus on Health	BrusselsSprouts	1.0000	1.0000	6.0000	4	1.0000	1.0744	0.4700	0.0665	0.0000	0.4700	0.2326	1.0000	0.1309	0.1309	-0.0000	0.2507
80.0000	39.0000	Focus on Health	Nutella	1.0000	1.0000	1.0000	4	-1.0000	0.9907	0.4701	-0.0000	0.0000	0.4701	0.1896	-1.0000	0.1347	0.1471	-0.0124	0.3612
80.0000	40.0000	Focus on Health	Orange	2.0000	5.0000	6.0000	5	1.0000	1.1080	0.6210	0.0960	0.0000	0.6210	0.3808	1.0000	0.3465	0.3465	-0.0000	0.5474
80.0000	41.0000	Respond Naturally	GreenPepper	1.0000	2.0000	6.0000	2	-1.0000	1.3598	0.7217	-0.0702	0.0000	0.7217	0.2508	-1.0000	0.1053	0.1290	-0.0236	0.2472
80.0000	42.0000	Respond Naturally	WelchsFruitSnacks	4.0000	6.0000	1.0000	3	-1.0000	1.6613	1.2417	0.0013	0.0000	1.2417	0.3351	-1.0000	0.3795	0.3795	-0.0000	0.4906
80.0000	43.0000	Respond Naturally	Doritos	6.0000	6.0000	1.0000	5	1.0000	0.8730	0.5540	-0.0136	0.0000	0.5540	0.3051	1.0000	0.1668	0.1668	-0.0000	0.3158
80.0000	44.0000	Respond Naturally	Strawberries	5.0000	4.0000	5.0000	2	1.0000	0.9737	0.5876	0.0000	0.0000	0.5876	0.4848	1.0000	0.4905	0.4905	-0.0000	0.7602
80.0000	45.0000	Respond Naturally	Mentos	3.0000	5.0000	2.0000	5	-1.0000	1.2756	0.8390	0.1619	0.0000	0.8390	0.2670	-1.0000	0.2024	0.2109	-0.0085	0.3117
80.0000	46.0000	Respond Naturally	FrozenPeas	2.0000	4.0000	5.0000	6	-1.0000	1.2087	0.7384	-0.1118	0.0000	0.7384	0.3241	-1.0000	0.4660	0.4660	-0.0000	0.7106
80.0000	47.0000	Respond Naturally	AppleChips	5.0000	5.0000	2.0000	2	-1.0000	1.1750	0.6881	-0.0384	0.0000	0.6881	0.3236	-1.0000	0.3219	0.3304	-0.0085	0.5238
80.0000	48.0000	Respond Naturally	Prunes	2.0000	4.0000	5.0000	5	-1.0000	0.9569	0.5707	0.0119	0.0000	0.5707	0.2566	-1.0000	0.2267	0.2267	-0.0000	0.3342
80.0000	49.0000	Respond Naturally	ClifBar	2.0000	2.0000	2.0000	4	-1.0000	1.1080	0.6713	0.3770	0.0000	0.6713	0.2660	-1.0000	0.2376	0.2376	-0.0000	0.3562
80.0000	50.0000	Respond Naturally	Mackerel	2.0000	1.0000	5.0000	1	-1.0000	0.9403	0.5372	0.2417	0.0000	0.5372	0.1812	-1.0000	0.2902	0.2903	-0.0001	0.4832
80.0000	51.0000	Focus on Health	WelchsFruitSnacks	5.0000	4.0000	5.0000	1	1.0000	1.0909	0.5872	-0.2429	0.0000	0.5872	0.2863	1.0000	0.3463	0.3463	-0.0000	0.5351
80.0000	52.0000	Focus on Health	DriedHerring	1.0000	1.0000	5.0000	1	1.0000	1.1245	0.7887	-0.0319	0.0000	0.7887	0.2478	1.0000	0.4873	0.4873	-0.0000	0.6511
80.0000	53.0000	Focus on Health	GreenGrapes	6.0000	6.0000	6.0000	1	1.0000	1.0914	0.5876	NA	0.0000	0.5876	0.4366	1.0000	0.1280	0.1640	-0.0360	0.3472
80.0000	54.0000	Focus on Health	Avocado	5.0000	4.0000	5.0000	5	1.0000	1.2930	0.4533	-0.0355	0.0000	0.4533	0.2331	1.0000	0.2323	0.2323	-0.0000	0.4985
80.0000	55.0000	Focus on Health	IceCreamVanilla	6.0000	6.0000	1.0000	1	-1.0000	1.0410	0.4699	-0.0016	1.0000	0.6211	0.2951	1.0000	0.4102	0.4102	-0.0000	0.7656
80.0000	56.0000	Focus on Health	AlmondMilk	3.0000	5.0000	6.0000	4	1.0000	1.1750	0.6377	NA	0.0000	0.6377	0.3429	1.0000	0.1330	0.1408	-0.0078	0.2577
80.0000	57.0000	Focus on Health	Onion	1.0000	1.0000	5.0000	4	-1.0000	1.2590	0.6545	0.0237	0.0000	0.6545	0.3693	-1.0000	0.3201	0.3508	-0.0307	0.6259
80.0000	58.0000	Focus on Health	Skittles	5.0000	6.0000	1.0000	3	-1.0000	0.9234	0.5203	0.1184	0.0000	0.5203	0.1733	-1.0000	0.2823	0.2823	-0.0000	0.4314
80.0000	59.0000	Focus on Health	MangoChunks	5.0000	5.0000	2.0000	5	1.0000	1.0076	0.4869	-0.1260	0.0000	0.4869	0.3349	1.0000	0.5062	0.5561	-0.0499	1.0217
80.0000	60.0000	Focus on Health	IceCreamVanilla	6.0000	6.0000	1.0000	4	-1.0000	0.8896	0.5706	0.1196	0.0000	0.5706	0.2394	-1.0000	0.3859	0.3859	-0.0000	0.5754
80.0000	61.0000	Respond Naturally	SlicedTurkey	6.0000	6.0000	5.0000	5	1.0000	1.1583	0.6546	-0.0475	0.0000	0.6546	0.3168	1.0000	0.2043	0.2318	-0.0275	0.3988
80.0000	62.0000	Respond Naturally	Twizzlers	6.0000	6.0000	1.0000	4	1.0000	0.7888	0.4362	-0.0793	0.0000	0.4362	0.3222	1.0000	0.3178	0.3178	-0.0000	0.5057
80.0000	63.0000	Respond Naturally	Snickers	5.0000	5.0000	1.0000	3	1.0000	1.4607	0.7384	-0.1119	1.0000	0.9231	0.3343	-1.0000	0.5528	0.5528	-0.0000	0.8203
80.0000	64.0000	Respond Naturally	Fritos	6.0000	4.0000	2.0000	2	1.0000	1.0743	0.5873	0.0987	0.0000	0.5873	0.2381	1.0000	0.2807	0.2925	-0.0118	0.4896
80.0000	65.0000	Respond Naturally	BBQCrisps	4.0000	4.0000	1.0000	2	1.0000	0.9233	0.5874	-0.0692	0.0000	0.5874	0.4594	1.0000	0.6487	0.6487	-0.0000	0.9516
80.0000	66.0000	Respond Naturally	Butternut	2.0000	1.0000	4.0000	3	-1.0000	0.8226	0.4700	0.1370	0.0000	0.4700	0.3770	-1.0000	0.4458	0.4458	-0.0000	0.6725
80.0000	67.0000	Respond Naturally	Pringles	5.0000	4.0000	2.0000	2	-1.0000	0.9400	0.5369	0.0653	0.0000	0.5369	0.6622	-1.0000	0.6246	0.6246	-0.0000	0.9195
80.0000	68.0000	Respond Naturally	AllBranCereal	1.0000	2.0000	5.0000	6	-1.0000	0.8562	0.4532	-0.0300	0.0000	0.4532	0.3430	-1.0000	0.3637	0.3637	-0.0000	0.5726
80.0000	69.0000	Respond Naturally	OatBran	2.0000	1.0000	6.0000	2	-1.0000	1.2088	0.7049	-0.0234	0.0000	0.7049	0.3050	-1.0000	0.3536	0.3536	-0.0000	0.4732
80.0000	70.0000	Respond Naturally	KashiBars	1.0000	4.0000	6.0000	1	-1.0000	0.8901	0.3862	-0.1294	0.0000	0.3862	0.2262	-1.0000	0.3975	0.3975	-0.0000	0.6570
80.0000	71.0000	Focus on Health	Raspberries	3.0000	3.0000	2.0000	4	-1.0000	0.8730	0.5036	-0.0884	0.0000	0.5036	0.3260	-1.0000	0.4543	0.4543	-0.0000	0.6992
80.0000	72.0000	Focus on Health	CannedArtichoke	5.0000	1.0000	1.0000	2	1.0000	3.1903	0.5205	0.0746	3.0000	2.6025	0.6214	-1.0000	0.6617	0.7248	-0.0630	1.5117
80.0000	73.0000	Focus on Health	Mentos	3.0000	5.0000	3.0000	2	-1.0000	0.8058	0.4699	0.0619	0.0000	0.4699	0.3931	-1.0000	0.5577	0.5577	-0.0000	0.8201
80.0000	74.0000	Focus on Health	FrootLoops	2.0000	1.0000	5.0000	6	-1.0000	0.9235	0.4028	0.0140	1.0000	0.5372	0.3699	1.0000	0.5733	0.5733	-0.0000	0.8896
80.0000	75.0000	Focus on Health	RomaineLettuce	2.0000	3.0000	6.0000	2	1.0000	1.3096	0.8392	-0.0370	0.0000	0.8392	0.2752	1.0000	0.4457	0.4457	-0.0000	0.6559
80.0000	76.0000	Focus on Health	Aero	6.0000	6.0000	1.0000	1	-1.0000	1.0913	0.6882	0.0194	0.0000	0.6882	0.3033	-1.0000	0.5067	0.5067	-0.0000	0.7456
80.0000	77.0000	Focus on Health	AlmondMilk	3.0000	2.0000	6.0000	2	1.0000	1.1250	0.6211	-0.0371	0.0000	0.6211	0.5656	1.0000	0.5610	0.5715	-0.0106	0.9152
80.0000	78.0000	Focus on Health	Caramilk	6.0000	6.0000	1.0000	2	-1.0000	0.8727	0.5033	-0.0812	0.0000	0.5033	0.3812	-1.0000	0.4299	0.4299	-0.0000	0.6728
80.0000	79.0000	Focus on Health	PureFit	1.0000	1.0000	1.0000	4	-1.0000	0.9905	0.4196	-0.0723	0.0000	0.4196	0.3967	-1.0000	0.2839	0.3098	-0.0259	0.6645
80.0000	80.0000	Focus on Health	SunChips	6.0000	6.0000	6.0000	2	-1.0000	0.9904	0.6210	-0.0037	0.0000	0.6210	0.4774	-1.0000	0.5165	0.5165	-0.0000	0.7463
80.0000	81.0000	Respond Naturally	SlimStyles	1.0000	1.0000	1.0000	2	-1.0000	0.9065	0.5371	-0.0669	0.0000	0.5371	0.2520	-1.0000	0.4929	0.4929	-0.0000	0.7711
80.0000	82.0000	Respond Naturally	Tempeh	1.0000	1.0000	5.0000	2	-1.0000	2.5185	0.5371	0.0852	2.0000	1.6617	0.3791	-1.0000	0.7577	0.7577	-0.0000	1.5052
80.0000	83.0000	Respond Naturally	CoffeeCrisp	5.0000	6.0000	5.0000	1	1.0000	0.7555	0.4364	-0.0286	0.0000	0.4364	0.2791	1.0000	0.4043	0.4043	-0.0000	0.6304
80.0000	84.0000	Respond Naturally	Almonds	3.0000	2.0000	5.0000	2	-1.0000	2.0645	1.5439	0.0551	0.0000	1.5439	0.3224	-1.0000	0.4498	0.4498	-0.0000	0.5822
80.0000	85.0000	Respond Naturally	Nutella	1.0000	1.0000	1.0000	1	-1.0000	1.0744	0.4700	-0.0124	0.0000	0.4700	0.2743	-1.0000	0.3219	0.3219	-0.0000	0.6158
80.0000	86.0000	Respond Naturally	BabyFoodCarrots	1.0000	1.0000	4.0000	5	-1.0000	1.3938	0.2015	0.0995	3.0000	0.8563	0.2803	1.0000	0.3197	0.3197	-0.0000	0.6628
80.0000	87.0000	Respond Naturally	NatureValleyChocolate	3.0000	3.0000	2.0000	4	-1.0000	0.9906	0.4531	0.0953	0.0000	0.4531	0.4125	-1.0000	0.5439	0.5439	-0.0000	0.8649
80.0000	88.0000	Respond Naturally	CornFlakes	5.0000	3.0000	2.0000	3	-1.0000	1.0574	0.7216	0.2072	0.0000	0.7216	0.2955	-1.0000	0.4220	0.4220	-0.0000	0.5869
80.0000	89.0000	Respond Naturally	ClamJuice	2.0000	1.0000	5.0000	1	-1.0000	1.0072	0.6378	0.0586	0.0000	0.6378	0.2790	-1.0000	0.4845	0.4845	-0.0000	0.6948
80.0000	90.0000	Respond Naturally	FrozenPeaches	5.0000	3.0000	5.0000	5	-1.0000	1.1079	0.7217	0.0469	0.0000	0.7217	0.5061	-1.0000	0.5570	0.5570	-0.0000	0.7620
80.0000	91.0000	Focus on Health	RitzCrackers	6.0000	4.0000	3.0000	2	-1.0000	1.2591	0.7553	0.0629	0.0000	0.7553	0.3013	-1.0000	0.2612	0.2891	-0.0279	0.4596
80.0000	92.0000	Focus on Health	CannedArtichoke	1.0000	1.0000	5.0000	5	1.0000	1.0409	0.5875	0.0000	0.0000	0.5875	0.1980	1.0000	0.3517	0.3537	-0.0020	0.6038
80.0000	93.0000	Focus on Health	Fritos	4.0000	5.0000	2.0000	5	-1.0000	1.1758	0.4199	0.0601	0.0000	0.4199	0.1837	-1.0000	0.2971	0.3030	-0.0059	0.5841
80.0000	94.0000	Focus on Health	Starburst	5.0000	6.0000	1.0000	3	-1.0000	1.3265	0.5538	-0.0618	0.0000	0.5538	0.5039	-1.0000	0.1844	0.2003	-0.0160	0.4361
80.0000	95.0000	Focus on Health	DriedApricots	1.0000	2.0000	5.0000	2	1.0000	1.1751	0.7385	-0.0026	0.0000	0.7385	0.2110	1.0000	0.3431	0.3431	-0.0000	0.4791
80.0000	96.0000	Focus on Health	Raspberries	3.0000	2.0000	6.0000	5	1.0000	1.0241	0.6546	0.1207	0.0000	0.6546	0.1737	1.0000	0.3636	0.3636	-0.0000	0.5479
80.0000	97.0000	Focus on Health	SlimStyles	1.0000	1.0000	1.0000	6	-1.0000	0.9231	0.4361	-0.0378	0.0000	0.4361	0.4574	-1.0000	0.5515	0.5515	-0.0000	0.8965
80.0000	98.0000	Focus on Health	BabyFoodSweetPotatos	1.0000	1.0000	5.0000	2	-1.0000	1.0914	0.5708	0.0996	0.0000	0.5708	0.3012	-1.0000	0.4466	0.4466	-0.0000	0.6758
80.0000	99.0000	Focus on Health	Tempeh	1.0000	1.0000	4.0000	4	1.0000	1.1248	0.6713	0.0761	0.0000	0.6713	0.3360	1.0000	0.4780	0.4780	-0.0000	0.6991
80.0000	100.0000	Focus on Health	Starburst	6.0000	6.0000	1.0000	6	-1.0000	0.8393	0.4700	-0.0424	0.0000	0.4700	0.3535	-1.0000	0.4860	0.4860	-0.0000	0.7876
80.0000	101.0000	Focus on Health	YorkPeppermintPatties	4.0000	1.0000	5.0000	2	-1.0000	0.8896	0.5539	0.0295	0.0000	0.5539	0.2411	-1.0000	0.3662	0.3662	-0.0000	0.5514
80.0000	102.0000	Focus on Health	CheeseNips	5.0000	5.0000	2.0000	2	-1.0000	2.4513	2.0818	0.1847	0.0000	2.0818	0.3072	-1.0000	0.5778	0.5778	-0.0000	0.7065
80.0000	103.0000	Focus on Health	Cheetos	6.0000	6.0000	1.0000	3	-1.0000	0.8732	0.2686	-0.0605	0.0000	0.2686	0.3344	-1.0000	0.3772	0.3772	-0.0000	0.6942
80.0000	104.0000	Focus on Health	RiceKrispiesCereal	4.0000	3.0000	3.0000	7	-1.0000	0.8226	0.4028	0.0293	0.0000	0.4028	0.3305	-1.0000	0.4270	0.4270	-0.0000	0.7160
80.0000	105.0000	Focus on Health	CoffeeCrisp	6.0000	6.0000	5.0000	3	-1.0000	0.7555	0.3693	0.0009	0.0000	0.3693	0.2982	-1.0000	0.3798	0.3798	-0.0000	0.6663
80.0000	106.0000	Focus on Health	Beets	2.0000	1.0000	5.0000	5	1.0000	0.9904	0.5201	-0.0013	0.0000	0.5201	0.3310	1.0000	0.3092	0.3155	-0.0063	0.5436
80.0000	107.0000	Focus on Health	HoneyNutCheerios	2.0000	2.0000	3.0000	5	-1.0000	0.8059	0.4196	-0.0272	0.0000	0.4196	0.2757	-1.0000	0.5734	0.5734	-0.0000	0.9230
80.0000	108.0000	Focus on Health	VegetableThins	4.0000	3.0000	4.0000	2	1.0000	1.1248	0.7050	-0.0146	0.0000	0.7050	0.2228	1.0000	0.4705	0.4752	-0.0047	0.7231
80.0000	109.0000	Focus on Health	Cheerios	1.0000	3.0000	3.0000	2	-1.0000	0.8730	0.4364	-0.1598	0.0000	0.4364	0.3770	-1.0000	0.4521	0.4556	-0.0035	0.7859
80.0000	110.0000	Focus on Health	Shreddies	2.0000	2.0000	3.0000	2	1.0000	2.1829	0.6212	-0.1497	1.0000	0.9403	0.2955	-1.0000	0.3994	0.3994	-0.0000	1.3050
80.0000	111.0000	Respond Naturally	RaisinBran	5.0000	3.0000	3.0000	3	-1.0000	3.6422	0.6544	-0.0695	2.0000	3.0208	0.3284	-1.0000	0.7012	0.7170	-0.0158	1.2220
80.0000	112.0000	Respond Naturally	ProMax	1.0000	1.0000	1.0000	4	-1.0000	0.8057	0.4531	0.0043	0.0000	0.4531	0.3367	-1.0000	0.2757	0.2766	-0.0009	0.5235
80.0000	113.0000	Respond Naturally	Tuna	4.0000	5.0000	5.0000	2	1.0000	1.7456	0.8727	-0.0579	0.0000	0.8727	0.3534	1.0000	0.3311	0.3311	-0.0000	0.6286
80.0000	114.0000	Respond Naturally	OikosYogurt	1.0000	1.0000	1.0000	6	-1.0000	1.0073	0.4868	-0.0208	0.0000	0.4868	0.4138	-1.0000	0.4628	0.4885	-0.0257	0.9322
80.0000	115.0000	Respond Naturally	Butternut	5.0000	2.0000	5.0000	7	-1.0000	1.8297	0.9399	0.0579	0.0000	0.9399	0.3005	-1.0000	0.2545	0.2545	-0.0000	0.4601
80.0000	116.0000	Respond Naturally	Cauliflower	1.0000	4.0000	5.0000	6	-1.0000	0.8733	0.2687	0.0282	0.0000	0.2687	0.3414	-1.0000	0.4030	0.4120	-0.0090	0.9017
80.0000	117.0000	Respond Naturally	Tuna	5.0000	5.0000	5.0000	4	1.0000	1.4270	0.4700	-0.0463	1.0000	0.8730	0.5486	-1.0000	0.5482	0.5482	-0.0001	1.0716
80.0000	118.0000	Respond Naturally	VanillaGreekYogurt	1.0000	1.0000	3.0000	2	-1.0000	0.9569	0.4196	-0.0483	0.0000	0.4196	0.3094	-1.0000	0.4075	0.4082	-0.0007	0.7560
80.0000	119.0000	Respond Naturally	Smartfood	6.0000	6.0000	2.0000	4	1.0000	1.4770	0.7886	-0.0631	1.0000	1.0237	0.2152	-1.0000	0.5980	0.5980	-0.0000	0.8530
80.0000	120.0000	Respond Naturally	TofuDessert	1.0000	1.0000	5.0000	4	-1.0000	0.8896	0.5371	-0.0072	0.0000	0.5371	0.3458	-1.0000	0.4912	0.4912	-0.0000	0.7366
80.0000	121.0000	Focus on Health	MnMPeanuts	3.0000	5.0000	1.0000	2	-1.0000	1.0245	0.4198	-0.0840	1.0000	0.6046	1.4628	1.0000	-0.8346	0.2024	-1.0370	-2.3382
80.0000	122.0000	Focus on Health	SevenGrain	1.0000	2.0000	2.0000	1	1.0000	3.5759	1.2754	-0.0127	1.0000	1.7118	0.2591	-1.0000	0.5135	0.5421	-0.0286	0.8259
80.0000	123.0000	Focus on Health	Mackerel	1.0000	1.0000	5.0000	3	-1.0000	2.9718	0.4699	0.1011	2.0000	1.5442	0.5053	-1.0000	0.7788	0.7788	-0.0000	1.5101
80.0000	124.0000	Focus on Health	PopTartStrawberry	4.0000	5.0000	1.0000	2	-1.0000	0.9066	0.5202	0.0148	0.0000	0.5202	0.4268	-1.0000	0.4984	0.4984	-0.0000	0.7122
80.0000	125.0000	Focus on Health	Broccoli	3.0000	3.0000	6.0000	1	1.0000	1.1417	0.3525	-0.1388	1.0000	0.6212	0.3653	-1.0000	0.6575	0.6584	-0.0009	1.4360
80.0000	126.0000	Focus on Health	Strawberries	2.0000	4.0000	6.0000	3	1.0000	1.1249	0.5202	-0.0412	0.0000	0.5202	0.9192	1.0000	0.6268	0.6996	-0.0728	1.2568
80.0000	127.0000	Focus on Health	OatmealSquares	1.0000	2.0000	4.0000	7	-1.0000	0.9907	0.4868	0.0868	0.0000	0.4868	0.4061	-1.0000	0.4311	0.4595	-0.0285	0.8047
80.0000	128.0000	Focus on Health	Cheerios	2.0000	3.0000	3.0000	5	-1.0000	1.1247	0.6377	0.1577	0.0000	0.6377	0.3326	-1.0000	0.4715	0.4715	-0.0000	0.7121
80.0000	129.0000	Focus on Health	Asparagus	2.0000	2.0000	6.0000	6	1.0000	1.0241	0.5035	-0.0499	0.0000	0.5035	0.3701	1.0000	0.5260	0.5418	-0.0158	0.9407
80.0000	130.0000	Focus on Health	AppleChips	4.0000	5.0000	3.0000	5	1.0000	1.1924	0.2015	0.0284	0.0000	0.2015	0.3132	1.0000	0.2886	0.2921	-0.0035	0.5078
80.0000	131.0000	Respond Naturally	FrozenOkra	2.0000	1.0000	6.0000	5	-1.0000	0.9402	0.5037	0.1571	0.0000	0.5037	0.2288	-1.0000	0.2103	0.2117	-0.0014	0.3552
80.0000	132.0000	Respond Naturally	GreenBeans	1.0000	2.0000	6.0000	4	-1.0000	0.8396	0.4700	0.2151	0.0000	0.4700	0.5326	-1.0000	0.4856	0.4856	-0.0000	0.7379
80.0000	133.0000	Respond Naturally	TofuDessert	1.0000	1.0000	5.0000	2	-1.0000	0.9402	0.5203	0.1957	0.0000	0.5203	0.4915	-1.0000	0.4237	0.4237	-0.0000	0.6730
80.0000	134.0000	Respond Naturally	FrozenBlueberries	5.0000	3.0000	5.0000	1	-1.0000	1.4947	0.1847	0.1206	1.0000	0.8060	0.2434	1.0000	0.3391	0.3710	-0.0319	0.9063
80.0000	135.0000	Respond Naturally	Prunes	1.0000	2.0000	5.0000	2	-1.0000	0.9909	0.3192	0.0202	0.0000	0.3192	0.1904	-1.0000	0.1603	0.1790	-0.0186	0.6472
80.0000	136.0000	Respond Naturally	Celery	6.0000	5.0000	6.0000	4	1.0000	1.2091	0.2182	-0.0811	1.0000	0.7725	0.3197	-1.0000	0.6135	0.6154	-0.0019	1.1708
80.0000	137.0000	Respond Naturally	KashiBars	2.0000	1.0000	2.0000	4	-1.0000	1.1415	0.5539	-0.0741	0.0000	0.5539	0.4054	-1.0000	0.3357	0.3507	-0.0150	0.6237
80.0000	138.0000	Respond Naturally	FrozenOkra	1.0000	1.0000	6.0000	2	-1.0000	1.1582	0.7384	0.0542	0.0000	0.7384	0.5302	-1.0000	0.5690	0.5704	-0.0014	0.8098
80.0000	139.0000	Respond Naturally	YorkPeppermintPatties	1.0000	2.0000	5.0000	4	-1.0000	1.2929	0.4029	0.0756	0.0000	0.4029	0.6016	-1.0000	0.5437	0.5437	-0.0000	0.9659
80.0000	140.0000	Respond Naturally	FrozenCorn	2.0000	4.0000	6.0000	4	-1.0000	1.7964	0.7217	0.1326	0.0000	0.7217	0.2968	-1.0000	0.2680	0.2680	-0.0000	0.4775
80.0000	141.0000	Focus on Health	OatmealSquares	2.0000	2.0000	3.0000	3	-1.0000	1.0576	0.4026	-0.0689	0.0000	0.4026	0.3174	-1.0000	0.3828	0.3828	-0.0000	0.7808
80.0000	142.0000	Focus on Health	ProMax	1.0000	1.0000	4.0000	2	-1.0000	0.9235	0.3861	0.0842	0.0000	0.3861	0.3858	-1.0000	0.3369	0.3369	-0.0000	0.6270
80.0000	143.0000	Focus on Health	FrozenPeaches	5.0000	4.0000	5.0000	2	1.0000	1.0070	0.5201	0.1097	0.0000	0.5201	0.2735	1.0000	0.2886	0.2892	-0.0005	0.5122
80.0000	144.0000	Focus on Health	Beets	2.0000	1.0000	5.0000	2	1.0000	0.8729	0.5539	0.0923	0.0000	0.5539	0.3622	1.0000	0.3543	0.3543	-0.0000	0.5252
80.0000	145.0000	Focus on Health	FrootLoops	1.0000	1.0000	1.0000	2	-1.0000	0.8730	0.5371	0.0732	0.0000	0.5371	0.4069	-1.0000	0.5754	0.5754	-0.0000	0.8695
80.0000	146.0000	Focus on Health	Triscuit	1.0000	3.0000	4.0000	5	1.0000	1.9469	1.4935	-0.1214	0.0000	1.4935	0.3497	1.0000	0.6365	0.6365	-0.0000	0.7929
80.0000	147.0000	Focus on Health	LaysClassic	6.0000	4.0000	1.0000	3	-1.0000	0.8898	0.5035	0.0194	0.0000	0.5035	0.2954	-1.0000	0.5197	0.5197	-0.0000	0.7715
80.0000	148.0000	Focus on Health	NatureValleyChocolate	2.0000	3.0000	5.0000	1	-1.0000	0.9068	0.4364	0.0203	0.0000	0.4364	0.2719	-1.0000	0.4293	0.4383	-0.0090	0.8415
80.0000	149.0000	Focus on Health	Spinach	4.0000	3.0000	6.0000	2	1.0000	1.1251	0.5540	-0.0047	0.0000	0.5540	0.3423	1.0000	0.3761	0.4198	-0.0436	0.8077
80.0000	150.0000	Focus on Health	HoneyNutCheerios	2.0000	3.0000	2.0000	2	-1.0000	1.1081	0.4866	-0.1760	0.0000	0.4866	0.2504	-1.0000	0.4439	0.4439	-0.0000	0.8280
80.0000	151.0000	Respond Naturally	AllBranBar	1.0000	2.0000	4.0000	1	-1.0000	0.9907	0.4197	-0.0339	0.0000	0.4197	0.3265	-1.0000	0.3525	0.3690	-0.0165	0.7264
80.0000	152.0000	Respond Naturally	DriedHerring	2.0000	1.0000	5.0000	3	-1.0000	0.9571	0.4700	-0.1255	0.0000	0.4700	0.2855	-1.0000	0.2641	0.2914	-0.0273	0.5527
80.0000	153.0000	Respond Naturally	FrozenCorn	5.0000	4.0000	5.0000	2	-1.0000	2.0652	0.4196	0.1634	2.0000	1.1248	0.3831	-1.0000	0.4153	0.4153	-0.0000	1.3430
80.0000	154.0000	Respond Naturally	IceCreamChocolate	6.0000	6.0000	1.0000	1	1.0000	1.0914	0.5541	NA	0.0000	0.5541	0.3541	1.0000	0.2411	0.2434	-0.0023	0.5188
80.0000	155.0000	Respond Naturally	RedPepper	2.0000	2.0000	5.0000	5	-1.0000	0.9066	0.4197	0.1000	0.0000	0.4197	0.4160	-1.0000	0.3774	0.4154	-0.0380	0.8091
80.0000	156.0000	Respond Naturally	Aero	6.0000	6.0000	1.0000	3	1.0000	0.8897	0.5035	-0.1054	0.0000	0.5035	0.5267	1.0000	0.5736	0.5736	-0.0000	0.9081
80.0000	157.0000	Respond Naturally	GreenApple	4.0000	3.0000	6.0000	2	-1.0000	1.8976	0.5204	-0.0284	1.0000	1.1419	0.3271	1.0000	0.5980	0.6221	-0.0240	1.2976
80.0000	158.0000	Respond Naturally	RomaineLettuce	2.0000	5.0000	5.0000	4	-1.0000	2.3673	0.6210	0.0759	1.0000	1.6114	0.3747	1.0000	0.5032	0.5097	-0.0065	0.8955
80.0000	159.0000	Respond Naturally	GreenGrapes	6.0000	6.0000	6.0000	4	1.0000	0.9742	0.4870	0.1898	0.0000	0.4870	0.3835	1.0000	0.3392	0.3589	-0.0197	0.6713
80.0000	160.0000	Respond Naturally	Reese	2.0000	2.0000	2.0000	1	-1.0000	1.2088	0.5203	-0.0189	0.0000	0.5203	0.5277	-1.0000	0.4625	0.4625	-0.0000	0.7505
80.0000	161.0000	Focus on Health	Shreddies	5.0000	3.0000	5.0000	5	1.0000	1.3770	0.2856	0.0033	1.0000	0.8396	0.1704	-1.0000	0.3671	0.3702	-0.0031	0.7628
80.0000	162.0000	Focus on Health	RedPepper	1.0000	3.0000	6.0000	2	1.0000	1.0578	0.5371	-0.1153	0.0000	0.5371	0.3234	1.0000	0.5597	0.5597	-0.0000	0.8596
80.0000	163.0000	Focus on Health	Broccoli	3.0000	5.0000	5.0000	4	1.0000	1.2090	0.7723	-0.0531	0.0000	0.7723	0.2753	1.0000	0.6657	0.6665	-0.0008	1.0170
80.0000	164.0000	Focus on Health	Celery	5.0000	5.0000	5.0000	2	1.0000	0.7724	0.3525	0.0502	0.0000	0.3525	0.4280	1.0000	0.3994	0.4022	-0.0028	0.7497
80.0000	165.0000	Focus on Health	WaterChestnuts	6.0000	6.0000	6.0000	3	1.0000	1.1583	0.5537	0.0000	0.0000	0.5537	0.4064	1.0000	0.4855	0.4855	-0.0000	0.6775
80.0000	166.0000	Focus on Health	Mars	6.0000	6.0000	1.0000	2	-1.0000	0.8559	0.5202	0.0303	0.0000	0.5202	0.3149	-1.0000	0.4488	0.4488	-0.0000	0.6826
80.0000	167.0000	Focus on Health	RufflesSourCreamOnion	6.0000	4.0000	1.0000	5	-1.0000	0.9068	0.4869	0.2536	0.0000	0.4869	0.5077	-1.0000	0.4004	0.4067	-0.0063	0.6685
80.0000	168.0000	Focus on Health	BabyFoodSweetPotatos	1.0000	1.0000	5.0000	5	1.0000	1.7966	0.4028	-0.1072	1.0000	0.8730	0.4390	-1.0000	0.8137	0.8137	-0.0000	1.4338
80.0000	169.0000	Focus on Health	BabyFoodCarrots	6.0000	1.0000	4.0000	3	1.0000	1.3768	0.5371	-0.0153	1.0000	0.7386	0.2220	-1.0000	0.4847	0.4847	-0.0000	1.1406
80.0000	170.0000	Focus on Health	Doritos	6.0000	6.0000	1.0000	2	-1.0000	1.4443	0.4366	0.0629	1.0000	0.9236	0.2977	1.0000	0.6598	0.6674	-0.0076	1.4326
80.0000	171.0000	Respond Naturally	WaterChestnuts	6.0000	5.0000	5.0000	5	1.0000	1.9308	0.2015	-0.1976	0.0000	0.2015	0.4055	1.0000	0.7458	0.7458	-0.0000	1.2073
80.0000	172.0000	Respond Naturally	Orange	4.0000	1.0000	6.0000	1	-1.0000	0.8730	0.5371	0.0938	0.0000	0.5371	0.2849	-1.0000	0.3935	0.3935	-0.0000	0.5772
80.0000	173.0000	Respond Naturally	AllBranCereal	1.0000	3.0000	5.0000	2	-1.0000	1.0576	0.6713	0.2366	0.0000	0.6713	0.3692	-1.0000	0.5145	0.5145	-0.0000	0.7076
80.0000	174.0000	Respond Naturally	Almonds	4.0000	2.0000	6.0000	4	-1.0000	1.0745	0.6377	0.0463	0.0000	0.6377	1.4847	-1.0000	0.9986	0.9986	-0.0000	1.4000
80.0000	175.0000	Respond Naturally	SkimMilk	3.0000	2.0000	6.0000	4	-1.0000	1.0241	0.6042	0.0877	0.0000	0.6042	0.4957	-1.0000	0.6331	0.6336	-0.0005	0.9431
80.0000	176.0000	Respond Naturally	PopTartStrawberry	3.0000	2.0000	1.0000	5	-1.0000	1.0239	0.6376	0.0170	0.0000	0.6376	0.5424	-1.0000	0.6331	0.6331	-0.0000	0.8970
80.0000	177.0000	Respond Naturally	Bananas	6.0000	6.0000	6.0000	3	1.0000	0.8895	0.4698	-0.0081	0.0000	0.4698	0.3950	1.0000	0.5359	0.5359	-0.0000	0.8644
80.0000	178.0000	Respond Naturally	Avocado	5.0000	4.0000	6.0000	2	-1.0000	0.9905	0.6210	0.0616	0.0000	0.6210	0.5106	-1.0000	0.5790	0.5790	-0.0000	0.8168
80.0000	179.0000	Respond Naturally	CheeseNips	6.0000	2.0000	2.0000	5	-1.0000	0.9402	0.5371	0.1329	0.0000	0.5371	0.4865	-1.0000	0.4833	0.4834	-0.0001	0.7607
80.0000	180.0000	Respond Naturally	Bananas	6.0000	6.0000	6.0000	2	1.0000	0.8898	0.4699	-0.2062	0.0000	0.4699	0.2496	1.0000	0.3750	0.3926	-0.0176	0.7039
80.0000	181.0000	Focus on Health	BrusselsSprouts	1.0000	1.0000	5.0000	2	-1.0000	0.7723	0.4364	0.2353	0.0000	0.4364	0.5193	-1.0000	0.4807	0.4808	-0.0001	0.7330
80.0000	182.0000	Focus on Health	CornFlakes	5.0000	2.0000	2.0000	6	-1.0000	1.7792	1.3593	0.1430	0.0000	1.3593	0.2696	-1.0000	0.4029	0.4029	-0.0000	0.5031
80.0000	183.0000	Focus on Health	Smartfood	6.0000	6.0000	1.0000	2	-1.0000	1.1086	0.2519	-0.2822	0.0000	0.2519	0.3091	-1.0000	0.6075	0.6075	-0.0000	1.0969
80.0000	184.0000	Focus on Health	MnMPeanuts	3.0000	4.0000	1.0000	4	-1.0000	0.7555	0.3860	0.0619	0.0000	0.3860	0.2388	-1.0000	0.4381	0.4381	-0.0000	0.7195
80.0000	185.0000	Focus on Health	VegetableThins	2.0000	4.0000	4.0000	5	1.0000	1.6451	0.4028	-0.0626	1.0000	0.7554	0.3185	-1.0000	0.5373	0.5373	-0.0000	1.2668
80.0000	186.0000	Focus on Health	Triscuit	3.0000	2.0000	4.0000	2	1.0000	1.1583	0.7384	NA	0.0000	0.7384	0.2015	1.0000	0.1597	0.1603	-0.0005	0.2782
80.0000	187.0000	Focus on Health	Cauliflower	3.0000	3.0000	5.0000	2	1.0000	0.8226	0.5035	0.1443	0.0000	0.5035	0.4122	1.0000	0.3762	0.3762	-0.0000	0.5430
80.0000	188.0000	Focus on Health	SpeltCakes	2.0000	3.0000	2.0000	5	-1.0000	0.9233	0.5371	0.0348	0.0000	0.5371	0.7030	-1.0000	0.7184	0.7184	-0.0000	1.0427
80.0000	189.0000	Focus on Health	RiceKrispiesCereal	2.0000	6.0000	2.0000	3	-1.0000	0.8729	0.4868	-0.0445	0.0000	0.4868	0.2014	-1.0000	0.3951	0.3952	-0.0001	0.6528
80.0000	190.0000	Focus on Health	SpeltCakes	5.0000	4.0000	1.0000	2	-1.0000	1.2422	0.7384	0.1649	0.0000	0.7384	0.6096	-1.0000	0.4701	0.4701	-0.0000	0.7120
80.0000	191.0000	Respond Naturally	Smarties	5.0000	5.0000	1.0000	5	-1.0000	1.0072	0.4197	0.1036	0.0000	0.4197	0.2259	-1.0000	0.2685	0.2685	-0.0000	0.5898
80.0000	192.0000	Respond Naturally	MnMPlain	3.0000	3.0000	1.0000	3	-1.0000	0.9066	0.4029	0.0459	0.0000	0.4029	0.3217	-1.0000	0.3158	0.3361	-0.0203	0.6697
80.0000	193.0000	Respond Naturally	Cheetos	6.0000	6.0000	2.0000	6	1.0000	0.8897	0.5204	0.0015	0.0000	0.5204	0.3465	1.0000	0.3466	0.3468	-0.0001	0.5537
80.0000	194.0000	Respond Naturally	Smarties	4.0000	5.0000	1.0000	2	-1.0000	0.9903	0.5536	-0.1696	0.0000	0.5536	0.3737	-1.0000	0.4245	0.4393	-0.0147	0.7465
80.0000	195.0000	Respond Naturally	ClamJuice	1.0000	1.0000	4.0000	3	-1.0000	0.9400	0.4866	0.0313	0.0000	0.4866	0.2546	-1.0000	0.4816	0.4816	-0.0000	0.7107
80.0000	196.0000	Respond Naturally	Asparagus	1.0000	2.0000	6.0000	3	-1.0000	0.8897	0.4533	0.0489	0.0000	0.4533	0.3948	-1.0000	0.4437	0.4437	-0.0000	0.7835
80.0000	197.0000	Respond Naturally	Pringles	5.0000	4.0000	1.0000	5	-1.0000	0.8731	0.4868	0.2853	0.0000	0.4868	0.7505	-1.0000	0.3632	0.3775	-0.0143	0.6277
80.0000	198.0000	Respond Naturally	Reese	2.0000	6.0000	2.0000	4	-1.0000	1.0242	0.5875	-0.0852	0.0000	0.5875	0.3661	-1.0000	0.3713	0.3801	-0.0088	0.6127
80.0000	199.0000	Respond Naturally	MnMPlain	3.0000	5.0000	1.0000	5	-1.0000	0.8730	0.4868	-0.1007	0.0000	0.4868	0.3117	-1.0000	0.5331	0.5331	-0.0000	0.8746
80.0000	200.0000	Respond Naturally	OatBran	1.0000	1.0000	6.0000	4	-1.0000	1.0073	0.5036	-0.1117	0.0000	0.5036	0.3562	-1.0000	0.4388	0.4388	-0.0000	0.7421
