Subject	Trial	Instruction	Food	Liking	Taste	Health	Amount	Choice	ChoiceRT	FirstDevTimeChoice	InitAngleChoice	NumChangeMindChoice	FinalDevTimeChoice	MaxVelocityChoice	DrxFirstDevChoice	TotalAUCChoice	AUCtoNonChosenChoice	AUCtoChosenChoice	MaxDevChoice
97.0000	1.0000	Decrease Desire	Nutella	6.0000	6.0000	1.0000	1	1.0000	1.1589	0.6213	NA	0.0000	0.6213	0.1968	1.0000	-0.0649	0.0000	-0.0650	-0.1056
97.0000	2.0000	Decrease Desire	Cheetos	6.0000	6.0000	1.0000	6	1.0000	1.2432	0.1008	0.6494	0.0000	0.1008	0.1198	1.0000	0.0374	0.0374	-0.0000	0.1037
97.0000	3.0000	Decrease Desire	ClamJuice	1.0000	1.0000	4.0000	1	-1.0000	1.2770	0.3025	-0.7811	0.0000	0.3025	0.2060	-1.0000	0.6231	0.6426	-0.0195	1.3231
97.0000	4.0000	Decrease Desire	AppleChips	1.0000	1.0000	3.0000	2	-1.0000	1.0247	0.4870	0.0255	0.0000	0.4870	0.2469	-1.0000	0.2225	0.2751	-0.0526	0.4909
97.0000	5.0000	Decrease Desire	Avocado	1.0000	1.0000	5.0000	2	-1.0000	0.9408	0.4199	-0.2620	0.0000	0.4199	0.1317	-1.0000	0.2434	0.2600	-0.0167	0.4841
97.0000	6.0000	Decrease Desire	Shreddies	6.0000	5.0000	5.0000	2	1.0000	2.0660	0.6379	0.2180	2.0000	1.6291	0.1526	1.0000	0.2443	0.2443	-0.0000	0.6046
97.0000	7.0000	Decrease Desire	EnglishCucumber	1.0000	1.0000	4.0000	5	-1.0000	1.0081	0.4367	-0.0759	0.0000	0.4367	0.1460	-1.0000	0.2399	0.2510	-0.0112	0.4627
97.0000	8.0000	Decrease Desire	ClifBar	2.0000	1.0000	2.0000	4	-1.0000	1.0413	0.1006	-0.0161	0.0000	0.1006	0.1257	-1.0000	0.3254	0.3254	-0.0000	0.5526
97.0000	9.0000	Decrease Desire	LaysClassic	6.0000	6.0000	2.0000	3	1.0000	0.9910	0.4365	0.1090	0.0000	0.4365	0.1895	1.0000	0.3276	0.3276	-0.0000	0.6102
97.0000	10.0000	Decrease Desire	WelchsFruitSnacks	6.0000	6.0000	4.0000	1	1.0000	1.1756	0.4534	-0.0033	0.0000	0.4534	0.1879	1.0000	0.2612	0.2619	-0.0007	0.6145
97.0000	11.0000	Respond Naturally	Smartfood	6.0000	6.0000	2.0000	2	1.0000	1.0080	0.5207	-0.0179	0.0000	0.5207	0.1626	1.0000	0.4646	0.4646	-0.0000	0.7745
97.0000	12.0000	Respond Naturally	Triscuit	6.0000	6.0000	5.0000	5	1.0000	1.2261	0.7220	0.0138	0.0000	0.7220	0.1961	1.0000	0.2899	0.2899	-0.0000	0.3967
97.0000	13.0000	Respond Naturally	CornFlakes	6.0000	5.0000	5.0000	6	1.0000	1.0915	0.4196	0.0048	0.0000	0.4196	0.1864	1.0000	0.2009	0.2009	-0.0000	0.3556
97.0000	14.0000	Respond Naturally	RiceKrispiesCereal	6.0000	6.0000	5.0000	3	1.0000	1.2093	0.4869	0.0279	0.0000	0.4869	0.1458	1.0000	0.2109	0.2109	-0.0000	0.3499
97.0000	15.0000	Respond Naturally	Aero	6.0000	6.0000	2.0000	1	1.0000	1.0749	0.4533	0.1213	0.0000	0.4533	0.1692	1.0000	0.2245	0.2245	-0.0000	0.4094
97.0000	16.0000	Respond Naturally	Butternut	2.0000	1.0000	4.0000	7	-1.0000	1.2260	0.7387	-0.0000	0.0000	0.7387	0.1503	-1.0000	0.2718	0.2724	-0.0006	0.3870
97.0000	17.0000	Respond Naturally	Fritos	6.0000	6.0000	6.0000	5	1.0000	1.0751	0.4702	-0.1036	0.0000	0.4702	0.1628	1.0000	0.3057	0.3057	-0.0000	0.4847
97.0000	18.0000	Respond Naturally	Prunes	1.0000	1.0000	2.0000	5	-1.0000	1.1255	0.5877	0.4652	0.0000	0.5877	0.0935	-1.0000	0.0647	0.0675	-0.0028	0.1044
97.0000	19.0000	Respond Naturally	CoffeeCrisp	6.0000	6.0000	1.0000	3	1.0000	1.0919	0.5373	-0.1798	0.0000	0.5373	0.1946	1.0000	0.3042	0.3042	-0.0000	0.4466
97.0000	20.0000	Respond Naturally	Raspberries	1.0000	1.0000	4.0000	4	-1.0000	1.0413	0.4869	-0.0204	0.0000	0.4869	0.2306	-1.0000	0.2653	0.2655	-0.0002	0.4935
97.0000	21.0000	Respond Naturally	AllBranBar	2.0000	2.0000	6.0000	3	-1.0000	1.2262	0.6549	0.0631	0.0000	0.6549	0.1581	-1.0000	0.1679	0.1679	-0.0000	0.2856
97.0000	22.0000	Respond Naturally	PopTartStrawberry	6.0000	6.0000	1.0000	5	1.0000	0.9910	0.4701	-0.0008	0.0000	0.4701	0.1823	1.0000	0.1865	0.1865	-0.0000	0.2862
97.0000	23.0000	Respond Naturally	FrozenBroccoli	1.0000	1.0000	4.0000	2	-1.0000	0.9741	0.4366	0.2078	0.0000	0.4366	0.2046	-1.0000	0.1417	0.1565	-0.0148	0.3116
97.0000	24.0000	Respond Naturally	OatmealSquares	6.0000	1.0000	5.0000	3	-1.0000	1.1589	0.6044	0.2445	0.0000	0.6044	0.1187	-1.0000	0.1704	0.1704	-0.0000	0.2364
97.0000	25.0000	Respond Naturally	Starburst	6.0000	6.0000	2.0000	6	1.0000	0.8902	0.4197	-0.2283	0.0000	0.4197	0.1505	1.0000	0.2569	0.2569	-0.0000	0.4106
97.0000	26.0000	Respond Naturally	NatureValleyChocolate	1.0000	5.0000	4.0000	1	1.0000	2.1329	0.5206	-0.1592	0.0000	0.5206	0.1343	1.0000	0.2201	0.2201	-0.0000	0.4227
97.0000	27.0000	Respond Naturally	Beets	1.0000	1.0000	2.0000	2	-1.0000	1.0749	0.5541	0.0995	0.0000	0.5541	0.2013	-1.0000	0.2229	0.2229	-0.0000	0.3443
97.0000	28.0000	Respond Naturally	FrozenBlueberries	1.0000	1.0000	4.0000	3	-1.0000	1.0079	0.5541	0.0069	0.0000	0.5541	0.1976	-1.0000	0.2493	0.2533	-0.0040	0.3924
97.0000	29.0000	Respond Naturally	RedPepper	1.0000	1.0000	5.0000	5	-1.0000	0.9408	0.4199	0.1682	0.0000	0.4199	0.1703	-1.0000	0.1154	0.1156	-0.0002	0.2028
97.0000	30.0000	Respond Naturally	Raspberries	1.0000	1.0000	2.0000	5	-1.0000	1.2258	0.4868	0.0728	0.0000	0.4868	0.1705	-1.0000	0.1888	0.1888	-0.0000	0.3617
97.0000	31.0000	Decrease Desire	PureFit	2.0000	2.0000	4.0000	2	-1.0000	1.0751	0.4702	0.2827	1.0000	0.6718	0.2007	1.0000	0.3441	0.3441	-0.0000	0.5506
97.0000	32.0000	Decrease Desire	Snickers	6.0000	6.0000	2.0000	2	1.0000	1.1757	0.5709	-0.1938	0.0000	0.5709	0.2234	1.0000	0.2768	0.2768	-0.0000	0.4402
97.0000	33.0000	Decrease Desire	Triscuit	6.0000	5.0000	5.0000	2	-1.0000	1.3436	0.7723	0.1060	0.0000	0.7723	0.1897	-1.0000	0.2416	0.2416	-0.0000	0.3662
97.0000	34.0000	Decrease Desire	BBQCrisps	6.0000	6.0000	5.0000	6	1.0000	1.3439	0.4534	-0.1946	1.0000	0.7894	0.2373	-1.0000	0.6350	0.6350	-0.0000	1.2949
97.0000	35.0000	Decrease Desire	SevenGrain	2.0000	3.0000	4.0000	3	-1.0000	0.8901	0.4365	0.0962	0.0000	0.4365	0.1866	-1.0000	0.1554	0.1722	-0.0168	0.3064
97.0000	36.0000	Decrease Desire	BabyFoodCarrots	1.0000	1.0000	5.0000	3	-1.0000	1.0078	0.5205	0.2638	0.0000	0.5205	0.1549	-1.0000	0.1613	0.1613	-0.0000	0.2024
97.0000	37.0000	Decrease Desire	Mars	6.0000	6.0000	2.0000	2	1.0000	0.8736	0.4366	-0.1886	0.0000	0.4366	0.2339	1.0000	0.2075	0.2075	-0.0000	0.3257
97.0000	38.0000	Decrease Desire	SkimMilk	5.0000	5.0000	6.0000	4	-1.0000	1.4780	0.7892	0.0678	0.0000	0.7892	0.1496	-1.0000	0.1442	0.1442	-0.0000	0.2427
97.0000	39.0000	Decrease Desire	OikosYogurt	2.0000	1.0000	2.0000	3	-1.0000	0.9742	0.4869	0.3627	0.0000	0.4869	0.1907	-1.0000	0.1615	0.1615	-0.0000	0.2596
97.0000	40.0000	Decrease Desire	Fritos	6.0000	6.0000	1.0000	2	1.0000	1.0246	0.4534	-0.1035	0.0000	0.4534	0.1544	1.0000	0.1944	0.1944	-0.0000	0.3680
97.0000	41.0000	Decrease Desire	OatmealSquares	4.0000	2.0000	5.0000	7	-1.0000	1.9656	0.5206	0.3028	2.0000	1.5287	0.1792	-1.0000	0.0965	0.0965	-0.0000	0.2259
97.0000	42.0000	Decrease Desire	BrusselsSprouts	1.0000	1.0000	4.0000	4	-1.0000	0.8399	0.4366	0.3390	0.0000	0.4366	0.2313	-1.0000	0.0720	0.0721	-0.0001	0.1179
97.0000	43.0000	Decrease Desire	MnMPeanuts	6.0000	6.0000	1.0000	4	1.0000	1.0584	0.2519	-0.2657	1.0000	0.4535	0.2364	-1.0000	0.3536	0.3536	-0.0000	0.6792
97.0000	44.0000	Decrease Desire	Doritos	6.0000	6.0000	2.0000	5	1.0000	0.9577	0.4199	-0.0584	0.0000	0.4199	0.0928	1.0000	0.1257	0.1257	-0.0000	0.2147
97.0000	45.0000	Decrease Desire	Doritos	6.0000	6.0000	1.0000	2	1.0000	0.8901	0.4028	-0.0598	0.0000	0.4028	0.2224	1.0000	0.2594	0.2594	-0.0000	0.3636
97.0000	46.0000	Decrease Desire	TofuDessert	3.0000	1.0000	5.0000	2	-1.0000	1.1256	0.2351	NA	1.0000	0.5375	0.2057	1.0000	0.2666	0.2689	-0.0023	0.6113
97.0000	47.0000	Decrease Desire	OatBran	2.0000	1.0000	6.0000	4	-1.0000	0.9575	0.4030	0.3405	0.0000	0.4030	0.1454	-1.0000	0.1783	0.1783	-0.0000	0.2603
97.0000	48.0000	Decrease Desire	Almonds	3.0000	1.0000	4.0000	4	-1.0000	1.0244	0.4867	0.2077	0.0000	0.4867	0.1624	-1.0000	0.1747	0.1747	-0.0000	0.2780
97.0000	49.0000	Decrease Desire	RomaineLettuce	1.0000	1.0000	4.0000	2	-1.0000	0.8734	0.4198	0.1266	0.0000	0.4198	0.1289	-1.0000	0.0899	0.1029	-0.0130	0.1960
97.0000	50.0000	Decrease Desire	YorkPeppermintPatties	4.0000	3.0000	3.0000	2	-1.0000	2.0161	0.4201	0.1645	0.0000	0.4201	0.1171	-1.0000	0.1242	0.1242	-0.0000	0.2495
97.0000	51.0000	Respond Naturally	AllBranBar	4.0000	2.0000	5.0000	1	-1.0000	0.9912	0.3695	0.2126	0.0000	0.3695	0.1973	-1.0000	0.1439	0.1439	-0.0000	0.3117
97.0000	52.0000	Respond Naturally	Asparagus	1.0000	1.0000	4.0000	6	-1.0000	1.1418	0.4028	0.2249	0.0000	0.4028	0.1926	-1.0000	0.2179	0.2179	-0.0000	0.4867
97.0000	53.0000	Respond Naturally	SpeltCakes	2.0000	2.0000	5.0000	2	-1.0000	0.7224	0.3527	0.1101	0.0000	0.3527	0.2068	-1.0000	0.2146	0.2146	-0.0000	0.3583
97.0000	54.0000	Respond Naturally	IceCreamChocolate	6.0000	6.0000	1.0000	4	1.0000	0.8567	0.1849	-0.1365	1.0000	0.4705	0.3167	-1.0000	0.5238	0.5238	-0.0000	1.2043
97.0000	55.0000	Respond Naturally	Broccoli	1.0000	1.0000	2.0000	1	-1.0000	0.7559	0.2854	0.3597	0.0000	0.2854	0.2926	-1.0000	0.1278	0.1480	-0.0202	0.3125
97.0000	56.0000	Respond Naturally	Caramilk	6.0000	6.0000	2.0000	2	1.0000	0.8401	0.3695	-0.0284	0.0000	0.3695	0.1268	1.0000	0.2726	0.2762	-0.0036	0.4921
97.0000	57.0000	Respond Naturally	Broccoli	1.0000	1.0000	5.0000	4	-1.0000	0.6550	0.3358	0.0058	0.0000	0.3358	0.2090	-1.0000	0.2966	0.2966	-0.0000	0.4810
97.0000	58.0000	Respond Naturally	MnMPeanuts	6.0000	6.0000	2.0000	2	1.0000	0.7894	0.4198	-0.1231	0.0000	0.4198	0.2416	1.0000	0.3722	0.3723	-0.0001	0.5958
97.0000	59.0000	Respond Naturally	SunChips	6.0000	6.0000	4.0000	2	1.0000	0.6887	0.2687	-0.2910	0.0000	0.2687	0.2862	1.0000	0.4439	0.4439	-0.0000	0.7501
97.0000	60.0000	Respond Naturally	CheeseNips	6.0000	6.0000	4.0000	2	1.0000	0.9574	0.4366	-0.1654	0.0000	0.4366	0.2577	1.0000	0.4004	0.4004	-0.0000	0.6844
97.0000	61.0000	Decrease Desire	Strawberries	2.0000	1.0000	2.0000	2	-1.0000	0.7895	0.4535	0.2947	0.0000	0.4535	0.2399	-1.0000	0.1688	0.1693	-0.0006	0.2816
97.0000	62.0000	Decrease Desire	FrozenBlueberries	1.0000	1.0000	4.0000	1	-1.0000	1.0575	0.7384	0.4497	0.0000	0.7384	0.2232	-1.0000	0.2151	0.2151	-0.0000	0.2980
97.0000	63.0000	Decrease Desire	Beets	1.0000	1.0000	4.0000	5	-1.0000	1.1589	0.2853	0.0405	0.0000	0.2853	0.1479	-1.0000	0.1192	0.1192	-0.0000	0.2011
97.0000	64.0000	Decrease Desire	Twizzlers	1.0000	1.0000	3.0000	2	-1.0000	0.8734	0.5205	0.3978	0.0000	0.5205	0.1724	-1.0000	0.1872	0.1872	-0.0000	0.2864
97.0000	65.0000	Decrease Desire	Cheetos	6.0000	6.0000	2.0000	3	1.0000	1.0247	0.2183	0.1048	1.0000	0.5712	0.2300	-1.0000	0.3420	0.3420	-0.0000	0.7558
97.0000	66.0000	Decrease Desire	SkittlesSour	6.0000	6.0000	1.0000	6	1.0000	1.1425	0.2184	-0.0271	0.0000	0.2184	0.1614	1.0000	0.0567	0.0577	-0.0010	0.2024
97.0000	67.0000	Decrease Desire	Snickers	6.0000	6.0000	2.0000	3	1.0000	0.7556	0.3860	0.0375	0.0000	0.3860	0.2285	1.0000	0.3300	0.3300	-0.0000	0.5382
97.0000	68.0000	Decrease Desire	FrozenPeas	1.0000	1.0000	4.0000	2	-1.0000	0.8565	0.3357	0.0037	0.0000	0.3357	0.1488	-1.0000	0.1692	0.1692	-0.0000	0.2501
97.0000	69.0000	Decrease Desire	Tempeh	2.0000	2.0000	3.0000	2	-1.0000	1.0585	0.4872	-0.0789	0.0000	0.4872	0.1788	-1.0000	0.1524	0.1524	-0.0000	0.3050
97.0000	70.0000	Decrease Desire	Asparagus	1.0000	1.0000	5.0000	3	-1.0000	0.7390	0.3022	0.1010	0.0000	0.3022	0.1850	-1.0000	0.1584	0.1584	-0.0000	0.2699
97.0000	71.0000	Respond Naturally	CannedArtichoke	1.0000	1.0000	1.0000	2	-1.0000	0.8060	0.4027	0.1583	0.0000	0.4027	0.1987	-1.0000	0.0887	0.0888	-0.0001	0.1551
97.0000	72.0000	Respond Naturally	Celery	1.0000	1.0000	5.0000	2	-1.0000	0.7392	0.2519	0.2213	0.0000	0.2519	0.1696	-1.0000	0.0978	0.0978	-0.0000	0.1714
97.0000	73.0000	Respond Naturally	FrootLoops	6.0000	5.0000	3.0000	2	1.0000	1.4783	0.2349	-0.2321	3.0000	1.0078	0.1594	-1.0000	0.3278	0.3278	-0.0000	0.6427
97.0000	74.0000	Respond Naturally	FrozenPeas	1.0000	1.0000	4.0000	6	-1.0000	0.7055	0.3694	0.3505	0.0000	0.3694	0.2100	-1.0000	0.1072	0.1072	-0.0000	0.1670
97.0000	75.0000	Respond Naturally	Onion	1.0000	1.0000	4.0000	4	-1.0000	0.7562	0.2857	0.1244	0.0000	0.2857	0.1019	-1.0000	0.1151	0.1151	-0.0000	0.2199
97.0000	76.0000	Respond Naturally	FrozenCorn	2.0000	1.0000	5.0000	2	-1.0000	0.7895	0.2854	0.1232	0.0000	0.2854	0.0956	-1.0000	0.1246	0.1246	-0.0000	0.1928
97.0000	77.0000	Respond Naturally	Prunes	1.0000	1.0000	4.0000	2	-1.0000	0.8066	0.2520	0.3407	0.0000	0.2520	0.2101	-1.0000	0.1321	0.1325	-0.0003	0.2203
97.0000	78.0000	Respond Naturally	RaisinBran	2.0000	1.0000	5.0000	7	-1.0000	0.8901	0.3022	0.1498	0.0000	0.3022	0.2192	-1.0000	0.0840	0.0840	-0.0000	0.1530
97.0000	79.0000	Respond Naturally	Caramilk	6.0000	6.0000	1.0000	5	1.0000	0.9406	0.4029	-0.1051	0.0000	0.4029	0.1533	1.0000	0.1264	0.1413	-0.0150	0.3090
97.0000	80.0000	Respond Naturally	BabyFoodSweetPotatos	1.0000	1.0000	2.0000	5	-1.0000	0.9910	0.3527	0.0049	0.0000	0.3527	0.1430	-1.0000	0.1764	0.1764	-0.0000	0.4078
97.0000	81.0000	Respond Naturally	ClifBar	2.0000	1.0000	2.0000	2	-1.0000	0.9404	0.4701	0.4809	0.0000	0.4701	0.2155	-1.0000	0.1493	0.2201	-0.0708	0.4480
97.0000	82.0000	Respond Naturally	Celery	1.0000	1.0000	5.0000	4	-1.0000	0.8065	0.2856	0.1361	0.0000	0.2856	0.1187	-1.0000	0.1578	0.1580	-0.0002	0.2592
97.0000	83.0000	Respond Naturally	SkittlesSour	6.0000	6.0000	2.0000	3	1.0000	0.8565	0.3860	-0.3341	0.0000	0.3860	0.1296	1.0000	0.2311	0.2312	-0.0001	0.4128
97.0000	84.0000	Respond Naturally	Skittles	6.0000	6.0000	2.0000	3	1.0000	0.8903	0.4702	0.0346	0.0000	0.4702	0.1540	1.0000	0.1276	0.1276	-0.0001	0.2437
97.0000	85.0000	Respond Naturally	CornFlakes	5.0000	5.0000	5.0000	3	-1.0000	1.2096	0.3526	0.4343	0.0000	0.3526	0.0759	-1.0000	0.1412	0.1412	-0.0000	0.3932
97.0000	86.0000	Respond Naturally	Smartfood	6.0000	6.0000	2.0000	4	1.0000	0.9072	0.4199	-0.2759	0.0000	0.4199	0.1417	1.0000	0.2389	0.2390	-0.0000	0.4654
97.0000	87.0000	Respond Naturally	Starburst	6.0000	6.0000	2.0000	3	1.0000	0.7895	0.3526	-0.0603	0.0000	0.3526	0.1509	1.0000	0.1809	0.1827	-0.0017	0.3339
97.0000	88.0000	Respond Naturally	AllBranCereal	3.0000	1.0000	5.0000	2	-1.0000	1.0419	0.5713	-0.2270	0.0000	0.5713	0.1073	-1.0000	0.1161	0.1161	-0.0000	0.2450
97.0000	89.0000	Respond Naturally	Tempeh	2.0000	1.0000	4.0000	4	-1.0000	0.9072	0.4199	0.0906	0.0000	0.4199	0.1086	-1.0000	0.1926	0.1926	-0.0000	0.3239
97.0000	90.0000	Respond Naturally	Strawberries	2.0000	1.0000	4.0000	3	-1.0000	0.8233	0.2688	0.0788	0.0000	0.2688	0.1630	-1.0000	0.1669	0.1669	-0.0000	0.3277
97.0000	91.0000	Decrease Desire	Reese	6.0000	6.0000	2.0000	4	1.0000	0.7895	0.3527	0.0029	0.0000	0.3527	0.1935	1.0000	0.1225	0.1241	-0.0016	0.2460
97.0000	92.0000	Decrease Desire	SlicedTurkey	5.0000	3.0000	2.0000	2	-1.0000	1.0749	0.4532	0.2729	0.0000	0.4532	0.1675	-1.0000	0.2286	0.2286	-0.0000	0.2986
97.0000	93.0000	Decrease Desire	Cauliflower	1.0000	1.0000	5.0000	2	-1.0000	0.9069	0.5709	-0.0159	0.0000	0.5709	0.1957	-1.0000	0.3286	0.3287	-0.0001	0.4597
97.0000	94.0000	Decrease Desire	Orange	2.0000	2.0000	4.0000	5	-1.0000	0.7559	0.3862	0.2190	0.0000	0.3862	0.1612	-1.0000	0.1778	0.1783	-0.0004	0.2926
97.0000	95.0000	Decrease Desire	MangoChunks	1.0000	1.0000	6.0000	2	-1.0000	0.8904	0.3191	0.2238	0.0000	0.3191	0.1745	-1.0000	0.1431	0.1431	-0.0000	0.2846
97.0000	96.0000	Decrease Desire	IceCreamChocolate	6.0000	6.0000	2.0000	1	1.0000	1.0751	0.3862	-0.2314	0.0000	0.3862	0.2241	1.0000	0.3491	0.3491	-0.0000	0.7018
97.0000	97.0000	Decrease Desire	AlmondMilk	5.0000	3.0000	6.0000	2	-1.0000	1.3268	0.4364	0.4721	1.0000	0.7051	0.1509	1.0000	0.2465	0.2465	-0.0000	0.5207
97.0000	98.0000	Decrease Desire	RomaineLettuce	1.0000	1.0000	5.0000	4	-1.0000	0.8736	0.3359	0.2710	0.0000	0.3359	0.1919	-1.0000	0.1362	0.1362	-0.0000	0.2057
97.0000	99.0000	Decrease Desire	FrozenCorn	2.0000	1.0000	5.0000	4	-1.0000	0.8567	0.4198	0.2920	0.0000	0.4198	0.1310	-1.0000	0.2116	0.2116	-0.0000	0.3198
97.0000	100.0000	Decrease Desire	Twizzlers	1.0000	1.0000	2.0000	4	-1.0000	0.9240	0.2016	0.0647	0.0000	0.2016	0.1466	-1.0000	0.1073	0.1073	-0.0000	0.2080
97.0000	101.0000	Decrease Desire	SlimStyles	3.0000	2.0000	5.0000	2	-1.0000	0.9577	0.3023	0.2533	0.0000	0.3023	0.1218	-1.0000	0.0356	0.0757	-0.0401	0.1752
97.0000	102.0000	Decrease Desire	AppleChips	1.0000	6.0000	3.0000	5	-1.0000	1.0583	0.5710	0.2802	0.0000	0.5710	0.1148	-1.0000	0.1456	0.1458	-0.0002	0.2545
97.0000	103.0000	Decrease Desire	NatureValleyChocolate	6.0000	6.0000	3.0000	4	1.0000	0.9571	0.2516	-0.1904	1.0000	0.5036	0.3339	-1.0000	0.4379	0.4379	-0.0000	0.8937
97.0000	104.0000	Decrease Desire	HoneyNutCheerios	6.0000	6.0000	5.0000	2	-1.0000	1.1586	0.4866	0.0149	1.0000	0.7217	0.1996	1.0000	0.3263	0.3263	-0.0000	0.5606
97.0000	105.0000	Decrease Desire	WaterChestnuts	1.0000	1.0000	4.0000	5	-1.0000	0.8231	0.2853	0.2283	0.0000	0.2853	0.1848	-1.0000	0.0575	0.0747	-0.0172	0.1490
97.0000	106.0000	Decrease Desire	Aero	6.0000	6.0000	2.0000	3	1.0000	0.8232	0.4199	-0.3004	0.0000	0.4199	0.2632	1.0000	0.4083	0.4083	-0.0000	0.7296
97.0000	107.0000	Decrease Desire	GreenApple	2.0000	1.0000	2.0000	2	-1.0000	0.7561	0.1512	-0.2594	0.0000	0.1512	0.1562	-1.0000	0.1250	0.1253	-0.0003	0.2482
97.0000	108.0000	Decrease Desire	SpeltCakes	2.0000	2.0000	2.0000	5	-1.0000	0.9407	0.3359	0.0701	0.0000	0.3359	0.1496	-1.0000	0.0653	0.0653	-0.0000	0.1192
97.0000	109.0000	Decrease Desire	IceCreamVanilla	6.0000	6.0000	5.0000	1	1.0000	1.0249	0.4032	-0.1056	0.0000	0.4032	0.1512	1.0000	0.1834	0.1834	-0.0000	0.3504
97.0000	110.0000	Decrease Desire	Pringles	6.0000	6.0000	2.0000	5	1.0000	1.2093	0.4195	-0.0172	2.0000	0.7892	0.1557	1.0000	0.1450	0.1450	-0.0000	0.3627
97.0000	111.0000	Respond Naturally	RaisinBran	1.0000	1.0000	2.0000	3	-1.0000	1.2764	0.4698	0.0100	1.0000	0.6379	0.1649	1.0000	0.1440	0.1440	-0.0000	0.4907
97.0000	112.0000	Respond Naturally	RiceKrispiesCereal	6.0000	6.0000	5.0000	7	-1.0000	1.4613	0.4030	-0.0000	0.0000	0.4030	0.0907	-1.0000	0.1275	0.1275	-0.0000	0.2452
97.0000	113.0000	Respond Naturally	GreenBeans	1.0000	1.0000	2.0000	2	-1.0000	0.9237	0.4533	0.1951	0.0000	0.4533	0.2510	-1.0000	0.0952	0.1137	-0.0185	0.2011
97.0000	114.0000	Respond Naturally	Mars	6.0000	6.0000	1.0000	4	1.0000	1.1593	0.2183	-0.1050	1.0000	0.3864	0.1412	-1.0000	0.0509	0.0800	-0.0291	0.2808
97.0000	115.0000	Respond Naturally	DriedHerring	1.0000	1.0000	1.0000	1	-1.0000	0.8904	0.2518	-0.0037	0.0000	0.2518	0.1705	-1.0000	0.1253	0.1374	-0.0120	0.2991
97.0000	116.0000	Respond Naturally	DriedHerring	1.0000	1.0000	1.0000	3	-1.0000	0.8900	0.3860	0.0817	0.0000	0.3860	0.2286	-1.0000	0.2211	0.2251	-0.0040	0.4211
97.0000	117.0000	Respond Naturally	HoneyNutCheerios	6.0000	6.0000	5.0000	5	-1.0000	0.9913	0.3023	0.1322	0.0000	0.3023	0.1707	-1.0000	0.0527	0.0669	-0.0141	0.1652
97.0000	118.0000	Respond Naturally	Pringles	6.0000	6.0000	1.0000	2	1.0000	0.8735	0.2855	0.0000	1.0000	0.4031	0.2213	-1.0000	0.1345	0.1345	-0.0000	0.3149
97.0000	119.0000	Respond Naturally	GreenGrapes	2.0000	1.0000	6.0000	4	-1.0000	0.8905	0.2183	0.0849	0.0000	0.2183	0.1553	-1.0000	0.0614	0.0617	-0.0004	0.1108
97.0000	120.0000	Respond Naturally	ProMax	6.0000	1.0000	3.0000	4	-1.0000	1.2262	0.3860	0.1809	1.0000	0.5540	0.2339	1.0000	0.2292	0.2292	-0.0000	0.9265
97.0000	121.0000	Respond Naturally	TofuDessert	6.0000	1.0000	5.0000	4	-1.0000	1.2094	0.4197	0.0535	0.0000	0.4197	0.1829	-1.0000	0.1001	0.1001	-0.0000	0.2263
97.0000	122.0000	Respond Naturally	SunChips	6.0000	6.0000	6.0000	4	1.0000	0.8567	0.4198	-0.0101	0.0000	0.4198	0.2267	1.0000	0.0375	0.0375	-0.0000	0.1413
97.0000	123.0000	Respond Naturally	RitzCrackers	6.0000	6.0000	5.0000	5	1.0000	1.0746	0.5873	0.1466	0.0000	0.5873	0.3151	1.0000	-0.0194	0.0106	-0.0300	-0.1726
97.0000	124.0000	Respond Naturally	GreenGrapes	1.0000	1.0000	4.0000	1	-1.0000	1.1256	0.6719	0.4115	0.0000	0.6719	0.1410	-1.0000	0.0519	0.0525	-0.0006	0.1773
97.0000	125.0000	Respond Naturally	Tuna	1.0000	1.0000	2.0000	2	-1.0000	1.0581	0.5373	-0.0778	0.0000	0.5373	0.1676	-1.0000	0.0765	0.0765	-0.0000	0.1590
97.0000	126.0000	Respond Naturally	Skittles	6.0000	6.0000	2.0000	6	1.0000	1.0078	0.4365	-0.0847	0.0000	0.4365	0.1663	1.0000	0.0264	0.0425	-0.0162	-0.0847
97.0000	127.0000	Respond Naturally	VanillaGreekYogurt	1.0000	2.0000	5.0000	4	-1.0000	1.0749	0.5038	-0.0000	0.0000	0.5038	0.1615	-1.0000	0.0675	0.0684	-0.0009	0.1879
97.0000	128.0000	Respond Naturally	Mackerel	1.0000	1.0000	1.0000	3	-1.0000	0.9239	0.4534	-0.0000	0.0000	0.4534	0.1839	-1.0000	0.1188	0.1263	-0.0076	0.2493
97.0000	129.0000	Respond Naturally	PCChipCookie	6.0000	6.0000	2.0000	2	1.0000	0.8901	0.4700	0.0829	0.0000	0.4700	0.2250	1.0000	0.1172	0.1199	-0.0027	0.2208
97.0000	130.0000	Respond Naturally	Smarties	6.0000	6.0000	1.0000	5	1.0000	1.2262	0.4198	0.1522	0.0000	0.4198	0.1666	1.0000	0.0660	0.0660	-0.0000	0.1334
97.0000	131.0000	Decrease Desire	Onion	1.0000	1.0000	1.0000	2	-1.0000	1.0579	0.3691	-0.0864	0.0000	0.3691	0.2036	-1.0000	0.0402	0.0547	-0.0146	0.1309
97.0000	132.0000	Decrease Desire	RufflesSourCreamOnion	6.0000	6.0000	1.0000	5	1.0000	0.8568	0.3526	-0.2690	0.0000	0.3526	0.1464	1.0000	0.1171	0.1171	-0.0000	0.2455
97.0000	133.0000	Decrease Desire	FrozenOkra	1.0000	1.0000	2.0000	5	-1.0000	0.7559	0.3694	-0.0000	0.0000	0.3694	0.2286	-1.0000	0.1064	0.1064	-0.0001	0.1567
97.0000	134.0000	Decrease Desire	Spinach	1.0000	1.0000	5.0000	4	-1.0000	0.7894	0.3693	-0.0303	0.0000	0.3693	0.1863	-1.0000	0.1586	0.1592	-0.0006	0.2704
97.0000	135.0000	Decrease Desire	KashiBars	1.0000	1.0000	5.0000	1	-1.0000	1.5621	0.5205	0.1422	0.0000	0.5205	0.1763	-1.0000	0.1194	0.1213	-0.0019	0.3118
97.0000	136.0000	Decrease Desire	Butternut	1.0000	2.0000	4.0000	3	-1.0000	0.8900	0.3188	-0.0061	0.0000	0.3188	0.1423	-1.0000	0.0604	0.0604	-0.0000	0.1370
97.0000	137.0000	Decrease Desire	FrozenPeaches	1.0000	1.0000	6.0000	5	-1.0000	0.7893	0.3357	-0.0000	0.0000	0.3357	0.2108	-1.0000	0.0822	0.0822	-0.0000	0.1481
97.0000	138.0000	Decrease Desire	MnMPlain	6.0000	6.0000	2.0000	5	1.0000	1.1257	0.3695	-0.0169	0.0000	0.3695	0.1396	1.0000	0.1437	0.1443	-0.0005	0.3532
97.0000	139.0000	Decrease Desire	Mentos	6.0000	6.0000	2.0000	2	1.0000	1.1591	0.5037	-0.0307	0.0000	0.5037	0.1705	1.0000	0.2244	0.2244	-0.0000	0.3623
97.0000	140.0000	Decrease Desire	GreenPepper	1.0000	1.0000	4.0000	6	-1.0000	1.2931	0.6547	0.1872	0.0000	0.6547	0.1867	-1.0000	0.1002	0.1342	-0.0340	0.2382
97.0000	141.0000	Decrease Desire	YorkPeppermintPatties	4.0000	2.0000	4.0000	4	-1.0000	1.1759	0.4030	0.1542	0.0000	0.4030	0.1479	-1.0000	0.1453	0.1453	-0.0000	0.2197
97.0000	142.0000	Decrease Desire	GreenPepper	1.0000	1.0000	4.0000	2	-1.0000	1.0079	0.3021	0.0423	0.0000	0.3021	0.2096	-1.0000	0.1723	0.1723	-0.0000	0.2965
97.0000	143.0000	Decrease Desire	Reese	6.0000	6.0000	2.0000	1	1.0000	0.9911	0.3862	-0.0531	0.0000	0.3862	0.2017	1.0000	0.0673	0.0727	-0.0053	0.1548
97.0000	144.0000	Decrease Desire	OatBran	2.0000	2.0000	5.0000	2	-1.0000	1.0584	0.3862	0.1565	0.0000	0.3862	0.2193	-1.0000	0.1068	0.1141	-0.0073	0.2235
97.0000	145.0000	Decrease Desire	EnglishCucumber	1.0000	1.0000	2.0000	2	-1.0000	0.7727	0.3023	0.1729	0.0000	0.3023	0.2514	-1.0000	0.1210	0.1210	-0.0000	0.2089
97.0000	146.0000	Decrease Desire	VegetableThins	6.0000	6.0000	5.0000	5	-1.0000	1.1929	0.1848	0.1203	0.0000	0.1848	0.2124	-1.0000	0.1146	0.1146	-0.0000	0.2624
97.0000	147.0000	Decrease Desire	BabyFoodCarrots	1.0000	1.0000	5.0000	5	-1.0000	1.0584	0.1679	0.1593	0.0000	0.1679	0.1395	-1.0000	0.0827	0.0827	-0.0000	0.2085
97.0000	148.0000	Decrease Desire	Cauliflower	2.0000	1.0000	5.0000	6	-1.0000	0.8061	0.3693	0.0517	0.0000	0.3693	0.1511	-1.0000	0.2482	0.2482	-0.0000	0.4136
97.0000	149.0000	Decrease Desire	GreenBeans	2.0000	1.0000	5.0000	4	-1.0000	0.8565	0.1006	0.0418	0.0000	0.1006	0.2166	-1.0000	0.1661	0.1661	-0.0000	0.3382
97.0000	150.0000	Decrease Desire	DriedApricots	1.0000	1.0000	4.0000	2	-1.0000	1.1925	0.2349	0.0023	0.0000	0.2349	0.2404	-1.0000	0.0845	0.1332	-0.0487	0.4524
97.0000	151.0000	Respond Naturally	SevenGrain	3.0000	2.0000	3.0000	1	-1.0000	1.0586	0.4369	0.0948	0.0000	0.4369	0.1153	-1.0000	0.1784	0.1784	-0.0000	0.2901
97.0000	152.0000	Respond Naturally	Almonds	2.0000	1.0000	5.0000	2	-1.0000	0.8400	0.2686	-0.1589	0.0000	0.2686	0.1352	-1.0000	0.1387	0.1414	-0.0027	0.3127
97.0000	153.0000	Respond Naturally	PureFit	3.0000	2.0000	2.0000	4	-1.0000	0.8397	0.4029	0.1668	0.0000	0.4029	0.3297	-1.0000	0.2814	0.2814	-0.0000	0.4384
97.0000	154.0000	Respond Naturally	Shreddies	4.0000	5.0000	5.0000	5	-1.0000	1.0413	0.4028	0.0011	0.0000	0.4028	0.4571	-1.0000	0.3369	0.3369	-0.0000	0.6257
97.0000	155.0000	Respond Naturally	PopTartStrawberry	6.0000	6.0000	2.0000	2	1.0000	0.9577	0.2855	0.4858	1.0000	0.4872	0.2310	-1.0000	0.2032	0.2032	-0.0000	0.5787
97.0000	156.0000	Respond Naturally	Cheerios	5.0000	5.0000	5.0000	2	-1.0000	0.7898	0.4201	0.0789	0.0000	0.4201	0.1382	-1.0000	0.1424	0.1424	-0.0000	0.2678
97.0000	157.0000	Respond Naturally	WaterChestnuts	1.0000	2.0000	4.0000	3	-1.0000	0.8399	0.3192	-0.3127	0.0000	0.3192	0.1378	-1.0000	0.1390	0.1574	-0.0184	0.3489
97.0000	158.0000	Respond Naturally	Tuna	1.0000	1.0000	4.0000	4	-1.0000	0.8568	0.1007	-0.1292	0.0000	0.1007	0.2026	-1.0000	0.2436	0.2647	-0.0211	0.7716
97.0000	159.0000	Respond Naturally	CannedArtichoke	1.0000	1.0000	1.0000	5	-1.0000	1.0583	0.3359	0.0829	0.0000	0.3359	0.1028	-1.0000	0.0315	0.0609	-0.0294	0.1787
97.0000	160.0000	Respond Naturally	SkimMilk	2.0000	2.0000	6.0000	1	-1.0000	1.2432	0.3696	0.1397	0.0000	0.3696	0.0958	-1.0000	0.1699	0.1699	-0.0000	0.2344
97.0000	161.0000	Decrease Desire	FrozenPeaches	1.0000	1.0000	5.0000	2	-1.0000	0.8393	0.4360	0.2071	0.0000	0.4360	0.1551	-1.0000	0.1683	0.1683	-0.0000	0.2639
97.0000	162.0000	Decrease Desire	FrozenOkra	1.0000	1.0000	4.0000	2	-1.0000	0.7223	0.3862	0.2295	0.0000	0.3862	0.2431	-1.0000	0.2001	0.2001	-0.0000	0.2982
97.0000	163.0000	Decrease Desire	Bananas	2.0000	1.0000	5.0000	2	-1.0000	0.7056	0.2687	0.0037	0.0000	0.2687	0.1615	-1.0000	0.1432	0.1432	-0.0000	0.2234
97.0000	164.0000	Decrease Desire	SlimStyles	3.0000	2.0000	4.0000	6	-1.0000	0.8232	0.2855	0.1440	0.0000	0.2855	0.1819	-1.0000	0.2318	0.2318	-0.0000	0.3991
97.0000	165.0000	Decrease Desire	Nutella	6.0000	6.0000	1.0000	4	1.0000	0.9409	0.3023	-0.0562	1.0000	0.4703	0.1373	-1.0000	0.1922	0.1922	-0.0000	0.3856
97.0000	166.0000	Decrease Desire	CoffeeCrisp	6.0000	6.0000	2.0000	1	1.0000	0.8902	0.4029	0.0000	0.0000	0.4029	0.3427	1.0000	0.0912	0.0912	-0.0000	0.1908
97.0000	167.0000	Decrease Desire	MnMPlain	6.0000	6.0000	1.0000	3	1.0000	0.8736	0.3862	-0.0123	0.0000	0.3862	0.1597	1.0000	0.2183	0.2183	-0.0000	0.3386
97.0000	168.0000	Decrease Desire	CheeseNips	6.0000	6.0000	5.0000	5	-1.0000	2.1842	0.3191	0.1194	2.0000	1.0920	0.2684	-1.0000	0.6074	0.6074	-0.0000	1.6310
97.0000	169.0000	Decrease Desire	AllBranCereal	6.0000	2.0000	5.0000	6	-1.0000	1.6797	0.3526	0.3262	2.0000	1.3941	0.2815	-1.0000	0.0593	0.0640	-0.0047	0.2755
97.0000	170.0000	Decrease Desire	Mackerel	1.0000	1.0000	1.0000	1	-1.0000	0.7726	0.3862	-0.0498	0.0000	0.3862	0.3217	-1.0000	0.2650	0.2650	-0.0000	0.4325
97.0000	171.0000	Respond Naturally	Smarties	6.0000	6.0000	2.0000	2	1.0000	1.1086	0.3358	-0.1450	0.0000	0.3358	0.2102	1.0000	0.2475	0.2593	-0.0118	0.6937
97.0000	172.0000	Respond Naturally	RedPepper	1.0000	1.0000	5.0000	2	-1.0000	0.8568	0.3695	0.1159	0.0000	0.3695	0.1200	-1.0000	0.0989	0.1041	-0.0052	0.2141
97.0000	173.0000	Respond Naturally	Orange	3.0000	2.0000	6.0000	1	-1.0000	0.7894	0.3357	-0.0478	0.0000	0.3357	0.1768	-1.0000	0.2164	0.2164	-0.0000	0.3704
97.0000	174.0000	Respond Naturally	VegetableThins	5.0000	6.0000	4.0000	2	-1.0000	0.7728	0.3023	0.0808	0.0000	0.3023	0.1618	-1.0000	0.1214	0.1214	-0.0000	0.2401
97.0000	175.0000	Respond Naturally	FrootLoops	6.0000	6.0000	5.0000	6	-1.0000	0.8903	0.2855	0.2183	0.0000	0.2855	0.1808	-1.0000	0.2009	0.2009	-0.0000	0.3209
97.0000	176.0000	Respond Naturally	WelchsFruitSnacks	6.0000	6.0000	2.0000	3	1.0000	1.5115	0.2011	-0.1226	1.0000	0.5707	0.1850	-1.0000	0.4319	0.4330	-0.0011	0.9075
97.0000	177.0000	Respond Naturally	BBQCrisps	6.0000	4.0000	2.0000	2	-1.0000	1.2261	0.3862	-0.0043	0.0000	0.3862	0.2024	-1.0000	0.2090	0.2090	-0.0000	0.3821
97.0000	178.0000	Respond Naturally	VanillaGreekYogurt	3.0000	2.0000	5.0000	2	-1.0000	0.9239	0.3862	0.0428	0.0000	0.3862	0.1626	-1.0000	0.1962	0.1962	-0.0000	0.3155
97.0000	179.0000	Respond Naturally	PCChipCookie	6.0000	6.0000	2.0000	5	1.0000	0.8904	0.3191	-0.0754	0.0000	0.3191	0.1388	1.0000	0.2179	0.2180	-0.0001	0.4682
97.0000	180.0000	Respond Naturally	GreenApple	2.0000	1.0000	4.0000	4	-1.0000	0.8232	0.3695	0.0884	0.0000	0.3695	0.1666	-1.0000	0.1669	0.1712	-0.0043	0.3082
97.0000	181.0000	Respond Naturally	AlmondMilk	2.0000	4.0000	6.0000	4	-1.0000	0.9910	0.3190	0.1777	0.0000	0.3190	0.2095	-1.0000	0.0799	0.0845	-0.0046	0.1830
97.0000	182.0000	Respond Naturally	LaysClassic	6.0000	6.0000	1.0000	4	1.0000	1.1088	0.2856	-0.1943	1.0000	0.4536	0.1149	-1.0000	0.1743	0.1743	-0.0000	0.4886
97.0000	183.0000	Respond Naturally	Avocado	1.0000	1.0000	5.0000	5	-1.0000	0.7559	0.3190	-0.0000	0.0000	0.3190	0.1723	-1.0000	0.1256	0.1473	-0.0217	0.2826
97.0000	184.0000	Respond Naturally	ClamJuice	1.0000	1.0000	4.0000	3	-1.0000	0.6887	0.2687	0.0885	0.0000	0.2687	0.2015	-1.0000	0.0963	0.0963	-0.0000	0.1967
97.0000	185.0000	Respond Naturally	Mentos	6.0000	6.0000	2.0000	5	1.0000	0.8736	0.3022	-0.3172	0.0000	0.3022	0.1800	1.0000	0.2643	0.2643	-0.0000	0.5498
97.0000	186.0000	Respond Naturally	RufflesSourCreamOnion	6.0000	6.0000	2.0000	3	1.0000	0.8399	0.3358	-0.3296	0.0000	0.3358	0.1909	1.0000	0.3193	0.3193	-0.0000	0.6431
97.0000	187.0000	Respond Naturally	FrozenBroccoli	1.0000	1.0000	6.0000	6	-1.0000	0.6718	0.2517	0.0008	0.0000	0.2517	0.1799	-1.0000	0.1520	0.1520	-0.0000	0.2878
97.0000	188.0000	Respond Naturally	ProMax	2.0000	2.0000	4.0000	2	-1.0000	1.0247	0.2855	0.2422	2.0000	0.6047	0.3226	-1.0000	0.2176	0.2368	-0.0193	0.7732
97.0000	189.0000	Respond Naturally	BrusselsSprouts	1.0000	1.0000	4.0000	2	-1.0000	0.8564	0.4700	0.1189	0.0000	0.4700	0.2060	-1.0000	0.2717	0.2717	-0.0000	0.4012
97.0000	190.0000	Respond Naturally	KashiBars	2.0000	1.0000	2.0000	4	-1.0000	0.6383	0.2855	0.2161	0.0000	0.2855	0.5776	-1.0000	0.3528	0.3528	-0.0000	0.5569
97.0000	191.0000	Decrease Desire	OikosYogurt	3.0000	3.0000	5.0000	6	-1.0000	0.7222	0.3190	0.2110	0.0000	0.3190	0.2290	-1.0000	0.1685	0.1685	-0.0000	0.2443
97.0000	192.0000	Decrease Desire	MangoChunks	6.0000	1.0000	4.0000	5	-1.0000	0.7054	0.1509	0.0223	0.0000	0.1509	0.1984	-1.0000	0.1578	0.1578	-0.0000	0.2393
97.0000	193.0000	Decrease Desire	Cheerios	6.0000	6.0000	5.0000	5	-1.0000	0.7224	0.3023	0.2024	0.0000	0.3023	0.4230	-1.0000	0.2974	0.2974	-0.0000	0.4949
97.0000	194.0000	Decrease Desire	Bananas	1.0000	1.0000	5.0000	3	-1.0000	0.8062	0.3189	0.0172	0.0000	0.3189	0.3100	-1.0000	0.2362	0.2362	-0.0000	0.3865
97.0000	195.0000	Decrease Desire	IceCreamVanilla	6.0000	6.0000	2.0000	4	1.0000	1.1421	0.5540	-0.0944	1.0000	0.7220	0.1584	-1.0000	0.2588	0.2588	-0.0000	0.7873
97.0000	196.0000	Decrease Desire	RitzCrackers	6.0000	2.0000	5.0000	2	-1.0000	1.8817	0.3863	0.2928	2.0000	1.2264	0.1525	-1.0000	0.4069	0.4069	-0.0000	1.0127
97.0000	197.0000	Decrease Desire	BabyFoodSweetPotatos	1.0000	1.0000	3.0000	2	-1.0000	1.1257	0.2855	0.0782	0.0000	0.2855	0.0974	-1.0000	-0.0007	0.0222	-0.0229	-0.1203
97.0000	198.0000	Decrease Desire	Spinach	1.0000	1.0000	5.0000	2	-1.0000	0.9073	0.3359	0.1976	0.0000	0.3359	0.1419	-1.0000	0.0643	0.0644	-0.0001	0.1478
97.0000	199.0000	Decrease Desire	SlicedTurkey	5.0000	4.0000	2.0000	5	-1.0000	1.0078	0.3021	0.1304	0.0000	0.3021	0.1247	-1.0000	0.0597	0.0597	-0.0000	0.1374
97.0000	200.0000	Decrease Desire	DriedApricots	1.0000	1.0000	4.0000	5	-1.0000	0.7896	0.1847	0.2544	0.0000	0.1847	0.2542	-1.0000	0.0634	0.0645	-0.0010	0.1295
