Subject	Trial	Instruction	Food	Liking	Taste	Health	Amount	Choice	ChoiceRT	FirstDevTimeChoice	InitAngleChoice	NumChangeMindChoice	FinalDevTimeChoice	MaxVelocityChoice	DrxFirstDevChoice	TotalAUCChoice	AUCtoNonChosenChoice	AUCtoChosenChoice	MaxDevChoice
46.0000	1.0000	Focus on Health	FrozenBroccoli	2.0000	5.0000	6.0000	2	1.0000	1.4619	0.4367	-0.0334	1.0000	0.7562	0.5893	-1.0000	0.5591	0.5912	-0.0322	1.5045
46.0000	2.0000	Focus on Health	Butternut	6.0000	3.0000	2.0000	7	1.0000	0.9248	0.5549	0.1214	0.0000	0.5549	0.3202	1.0000	0.0683	0.0774	-0.0090	0.1457
46.0000	3.0000	Focus on Health	YorkPeppermintPatties	4.0000	4.0000	1.0000	2	-1.0000	0.8577	0.3027	-0.0000	1.0000	0.4204	0.3361	1.0000	0.3182	0.3182	-0.0000	0.7565
46.0000	4.0000	Focus on Health	DriedHerring	2.0000	6.0000	2.0000	1	1.0000	1.9329	0.6216	0.0671	2.0000	1.3279	0.2852	1.0000	0.2620	0.2620	-0.0000	1.1049
46.0000	5.0000	Focus on Health	TofuDessert	2.0000	2.0000	5.0000	4	-1.0000	1.3285	0.4035	-0.0000	0.0000	0.4035	0.1949	-1.0000	0.0833	0.0833	-0.0000	0.1880
46.0000	6.0000	Focus on Health	WelchsFruitSnacks	2.0000	2.0000	3.0000	1	-1.0000	1.1431	0.3020	0.1812	1.0000	0.7057	0.3411	1.0000	0.3604	0.3604	-0.0000	1.1014
46.0000	7.0000	Focus on Health	AllBranCereal	2.0000	3.0000	1.0000	6	-1.0000	0.7232	0.2857	-0.0000	0.0000	0.2857	0.2613	-1.0000	0.1992	0.2124	-0.0132	0.4539
46.0000	8.0000	Focus on Health	MnMPeanuts	2.0000	3.0000	3.0000	4	-1.0000	0.7562	0.3866	-0.0982	0.0000	0.3866	0.2130	-1.0000	0.1244	0.1244	-0.0000	0.2979
46.0000	9.0000	Focus on Health	Caramilk	2.0000	4.0000	4.0000	5	-1.0000	0.8069	0.2181	0.1813	0.0000	0.2181	0.2301	-1.0000	0.0666	0.0666	-0.0000	0.2113
46.0000	10.0000	Focus on Health	VanillaGreekYogurt	2.0000	4.0000	1.0000	2	1.0000	1.1602	0.4035	-0.0836	1.0000	0.6222	0.2507	-1.0000	0.3546	0.3625	-0.0080	1.2414
46.0000	11.0000	Respond Naturally	FrozenBroccoli	3.0000	4.0000	3.0000	6	1.0000	3.3597	0.3027	0.0154	1.0000	0.5551	0.4178	-1.0000	0.9950	1.0016	-0.0066	1.7278
46.0000	12.0000	Respond Naturally	GreenPepper	1.0000	3.0000	5.0000	6	1.0000	2.8732	0.5377	0.0345	2.0000	1.9489	0.3172	1.0000	0.3978	0.4029	-0.0051	1.4091
46.0000	13.0000	Respond Naturally	OatmealSquares	2.0000	2.0000	2.0000	7	-1.0000	1.2769	0.5714	-0.2157	0.0000	0.5714	0.1421	-1.0000	0.1792	0.1792	-0.0000	0.4151
46.0000	14.0000	Respond Naturally	BabyFoodCarrots	2.0000	4.0000	6.0000	3	-1.0000	1.0085	0.6388	-0.0433	0.0000	0.6388	0.1352	-1.0000	0.2336	0.2336	-0.0000	0.4485
46.0000	15.0000	Respond Naturally	FrootLoops	4.0000	6.0000	5.0000	2	-1.0000	1.0251	0.3194	-0.3067	1.0000	0.6218	0.3611	1.0000	0.3441	0.3441	-0.0000	1.1036
46.0000	16.0000	Respond Naturally	Tempeh	4.0000	3.0000	3.0000	2	-1.0000	0.9246	0.1849	-0.0460	0.0000	0.1849	0.1607	-1.0000	0.2260	0.2261	-0.0002	0.4660
46.0000	17.0000	Respond Naturally	BabyFoodSweetPotatos	4.0000	2.0000	5.0000	5	-1.0000	0.9080	0.3359	0.0774	0.0000	0.3359	0.5004	-1.0000	0.1519	0.1519	-0.0000	0.3969
46.0000	18.0000	Respond Naturally	Strawberries	2.0000	2.0000	1.0000	2	-1.0000	0.8221	0.1680	-0.1946	0.0000	0.1680	0.2468	-1.0000	0.0735	0.0819	-0.0084	0.2606
46.0000	19.0000	Respond Naturally	MangoChunks	2.0000	2.0000	4.0000	2	-1.0000	0.7058	0.1514	-0.0916	0.0000	0.1514	0.2226	-1.0000	0.1203	0.1203	-0.0000	0.3158
46.0000	20.0000	Respond Naturally	Mackerel	2.0000	2.0000	6.0000	3	-1.0000	0.9573	0.1509	0.0793	0.0000	0.1509	0.2115	-1.0000	0.0428	0.0634	-0.0206	0.2325
46.0000	21.0000	Respond Naturally	BrusselsSprouts	3.0000	5.0000	3.0000	2	-1.0000	0.8059	0.2686	0.2813	0.0000	0.2686	0.2807	-1.0000	0.1834	0.1834	-0.0000	0.3655
46.0000	22.0000	Respond Naturally	Broccoli	3.0000	3.0000	2.0000	1	-1.0000	0.6702	0.2180	0.1446	0.0000	0.2180	0.1889	-1.0000	0.1353	0.1353	-0.0000	0.3056
46.0000	23.0000	Respond Naturally	Tuna	2.0000	2.0000	4.0000	2	-1.0000	0.6875	0.1847	-0.0472	0.0000	0.1847	0.1961	-1.0000	0.0931	0.0938	-0.0007	0.2372
46.0000	24.0000	Respond Naturally	RufflesSourCreamOnion	2.0000	2.0000	2.0000	3	-1.0000	1.0913	0.2179	-0.0063	0.0000	0.2179	0.1691	-1.0000	0.0385	0.0464	-0.0079	-0.1477
46.0000	25.0000	Respond Naturally	Starburst	3.0000	4.0000	2.0000	3	-1.0000	0.6543	0.1511	0.1008	0.0000	0.1511	0.2168	-1.0000	0.0535	0.0569	-0.0035	0.1723
46.0000	26.0000	Respond Naturally	Skittles	2.0000	5.0000	1.0000	3	-1.0000	0.5364	0.1674	0.0928	0.0000	0.1674	0.3012	-1.0000	0.0392	0.0543	-0.0151	0.1559
46.0000	27.0000	Respond Naturally	Caramilk	3.0000	5.0000	3.0000	2	-1.0000	0.7055	0.1510	0.0459	0.0000	0.1510	0.1818	-1.0000	0.0124	0.0748	-0.0624	0.2387
46.0000	28.0000	Respond Naturally	Smartfood	4.0000	3.0000	4.0000	2	-1.0000	0.7387	0.1680	-0.0161	0.0000	0.1680	0.1515	-1.0000	0.1535	0.1535	-0.0000	0.3580
46.0000	29.0000	Respond Naturally	Shreddies	2.0000	3.0000	2.0000	5	-1.0000	0.9077	0.1513	0.0963	0.0000	0.1513	0.2329	-1.0000	0.0121	0.0298	-0.0177	0.1205
46.0000	30.0000	Respond Naturally	ClifBar	2.0000	2.0000	4.0000	4	-1.0000	0.7226	0.1681	0.1204	0.0000	0.1681	0.2176	-1.0000	0.0757	0.0757	-0.0000	0.1472
46.0000	31.0000	Focus on Health	Aero	4.0000	5.0000	4.0000	3	-1.0000	1.1948	0.1849	-0.0016	2.0000	0.5889	0.5325	-1.0000	0.4840	0.4840	-0.0000	1.6523
46.0000	32.0000	Focus on Health	SlicedTurkey	2.0000	4.0000	5.0000	2	1.0000	1.9341	0.3030	-0.1487	1.0000	1.1957	0.3956	-1.0000	0.6570	0.6771	-0.0201	1.3836
46.0000	33.0000	Focus on Health	HoneyNutCheerios	3.0000	2.0000	1.0000	2	-1.0000	0.8401	0.1681	-0.0617	0.0000	0.1681	0.1282	-1.0000	0.0378	0.0639	-0.0261	0.2106
46.0000	34.0000	Focus on Health	VegetableThins	2.0000	1.0000	1.0000	2	-1.0000	1.0267	0.2697	0.0417	0.0000	0.2697	0.2677	-1.0000	0.0935	0.0981	-0.0046	0.1963
46.0000	35.0000	Focus on Health	Skittles	2.0000	3.0000	4.0000	6	-1.0000	1.0576	0.4698	0.0937	0.0000	0.4698	0.1772	-1.0000	0.1216	0.1216	-0.0000	0.4084
46.0000	36.0000	Focus on Health	Mentos	4.0000	2.0000	4.0000	2	-1.0000	0.6880	0.1510	0.3106	0.0000	0.1510	0.1096	-1.0000	0.0391	0.0421	-0.0030	0.1194
46.0000	37.0000	Focus on Health	SevenGrain	5.0000	2.0000	4.0000	3	1.0000	1.9679	0.3699	-0.0976	3.0000	1.5309	0.2786	-1.0000	0.5823	0.5826	-0.0003	1.3828
46.0000	38.0000	Focus on Health	Almonds	3.0000	4.0000	6.0000	4	1.0000	1.3789	0.2351	0.0910	1.0000	0.8575	0.2239	-1.0000	0.5469	0.5469	-0.0000	1.2230
46.0000	39.0000	Focus on Health	FrozenOkra	3.0000	4.0000	3.0000	5	1.0000	1.3284	0.5378	0.1409	1.0000	0.7565	0.3008	-1.0000	0.1566	0.1570	-0.0004	0.7480
46.0000	40.0000	Focus on Health	LaysClassic	2.0000	3.0000	3.0000	3	-1.0000	0.9413	0.5206	0.2221	0.0000	0.5206	0.3143	-1.0000	0.0970	0.0972	-0.0002	0.1773
46.0000	41.0000	Respond Naturally	NatureValleyChocolate	4.0000	2.0000	4.0000	1	-1.0000	0.9576	0.3361	-0.0314	0.0000	0.3361	0.3742	-1.0000	0.1868	0.1868	-0.0000	0.3670
46.0000	42.0000	Respond Naturally	GreenGrapes	6.0000	2.0000	5.0000	4	-1.0000	0.7566	0.2690	0.1475	0.0000	0.2690	0.1778	-1.0000	0.1255	0.1255	-0.0000	0.1969
46.0000	43.0000	Respond Naturally	Cheetos	3.0000	1.0000	5.0000	3	-1.0000	0.5891	0.1516	0.1314	0.0000	0.1516	0.1873	-1.0000	0.0705	0.0705	-0.0000	0.1927
46.0000	44.0000	Respond Naturally	MnMPeanuts	4.0000	2.0000	6.0000	2	-1.0000	0.8068	0.1516	0.0048	0.0000	0.1516	0.1741	-1.0000	0.0109	0.0357	-0.0248	0.1432
46.0000	45.0000	Respond Naturally	Bananas	2.0000	5.0000	3.0000	2	-1.0000	0.7736	0.1848	0.1496	0.0000	0.1848	0.1690	-1.0000	0.1339	0.1503	-0.0164	0.4701
46.0000	46.0000	Respond Naturally	WaterChestnuts	4.0000	4.0000	1.0000	5	-1.0000	0.6226	0.1514	0.0244	0.0000	0.1514	0.1711	-1.0000	0.0851	0.0870	-0.0020	0.2301
46.0000	47.0000	Respond Naturally	SunChips	2.0000	3.0000	1.0000	2	-1.0000	0.7233	0.1681	0.1229	0.0000	0.1681	0.1944	-1.0000	0.1707	0.1707	-0.0000	0.3645
46.0000	48.0000	Respond Naturally	Snickers	2.0000	4.0000	2.0000	3	-1.0000	3.6948	0.1509	-0.0000	2.0000	1.1761	0.4703	-1.0000	0.8939	0.8949	-0.0010	1.5274
46.0000	49.0000	Respond Naturally	SkittlesSour	2.0000	4.0000	6.0000	3	-1.0000	0.8583	0.4208	0.0832	0.0000	0.4208	0.2560	-1.0000	0.0722	0.0745	-0.0023	0.2024
46.0000	50.0000	Respond Naturally	Cauliflower	2.0000	3.0000	1.0000	6	-1.0000	1.0593	0.4033	0.1845	0.0000	0.4033	0.1268	-1.0000	0.0843	0.0843	-0.0000	0.1510
46.0000	51.0000	Focus on Health	FrozenCorn	1.0000	2.0000	2.0000	2	1.0000	1.1270	0.1515	-0.1139	1.0000	0.3871	0.4368	-1.0000	0.4356	0.4569	-0.0214	1.5534
46.0000	52.0000	Focus on Health	Tempeh	5.0000	4.0000	3.0000	4	-1.0000	1.8499	0.1683	0.0020	0.0000	0.1683	0.2174	-1.0000	0.1109	0.1109	-0.0000	0.3484
46.0000	53.0000	Focus on Health	ProMax	4.0000	4.0000	4.0000	4	-1.0000	1.0761	0.4538	-0.0360	0.0000	0.4538	0.2812	-1.0000	0.1225	0.1295	-0.0070	0.2923
46.0000	54.0000	Focus on Health	FrozenBlueberries	2.0000	5.0000	5.0000	1	-1.0000	0.9753	0.2185	-0.0488	0.0000	0.2185	0.2740	-1.0000	0.0278	0.0654	-0.0376	0.2406
46.0000	55.0000	Focus on Health	WelchsFruitSnacks	4.0000	6.0000	2.0000	3	-1.0000	1.1438	0.1853	0.1219	0.0000	0.1853	0.1559	-1.0000	0.1906	0.1906	-0.0000	0.3664
46.0000	56.0000	Focus on Health	RiceKrispiesCereal	2.0000	4.0000	1.0000	7	-1.0000	1.0090	0.2695	0.1233	0.0000	0.2695	0.1358	-1.0000	0.0321	0.0756	-0.0435	0.2210
46.0000	57.0000	Focus on Health	ClamJuice	2.0000	5.0000	1.0000	1	1.0000	2.4201	0.4037	-0.1233	1.0000	0.6895	0.2413	-1.0000	0.2292	0.2292	-0.0000	1.2678
46.0000	58.0000	Focus on Health	MangoChunks	4.0000	4.0000	3.0000	5	-1.0000	1.2443	0.2357	0.0681	0.0000	0.2357	0.1453	-1.0000	0.0424	0.0601	-0.0176	0.2132
46.0000	59.0000	Focus on Health	AlmondMilk	4.0000	5.0000	5.0000	4	1.0000	1.4302	0.2358	-0.0086	1.0000	0.6061	0.4993	-1.0000	0.3838	0.4463	-0.0625	1.2427
46.0000	60.0000	Focus on Health	PopTartStrawberry	4.0000	4.0000	2.0000	5	-1.0000	0.9085	0.2187	-0.1473	0.0000	0.2187	0.1109	-1.0000	0.0657	0.0777	-0.0119	0.2249
46.0000	61.0000	Respond Naturally	EnglishCucumber	4.0000	4.0000	3.0000	2	-1.0000	0.7235	0.1853	0.1893	0.0000	0.1853	0.1930	-1.0000	0.0977	0.0977	-0.0000	0.1551
46.0000	62.0000	Respond Naturally	GreenGrapes	3.0000	4.0000	4.0000	1	-1.0000	0.9250	0.3868	0.1753	0.0000	0.3868	0.2342	-1.0000	0.0954	0.0954	-0.0000	0.2313
46.0000	63.0000	Respond Naturally	FrozenPeaches	2.0000	5.0000	1.0000	2	-1.0000	0.8570	0.1846	0.2908	0.0000	0.1846	0.1430	-1.0000	0.0019	0.0312	-0.0293	-0.1115
46.0000	64.0000	Respond Naturally	OatmealSquares	4.0000	2.0000	5.0000	3	-1.0000	0.7908	0.1516	0.2804	0.0000	0.1516	0.1608	-1.0000	-0.0272	0.0180	-0.0452	-0.1955
46.0000	65.0000	Respond Naturally	Spinach	6.0000	2.0000	1.0000	2	-1.0000	0.7903	0.2016	0.1974	0.0000	0.2016	0.1346	-1.0000	0.0584	0.0602	-0.0017	0.2218
46.0000	66.0000	Respond Naturally	GreenPepper	4.0000	2.0000	3.0000	2	-1.0000	0.6729	0.1513	0.2164	0.0000	0.1513	0.1412	-1.0000	0.0412	0.0534	-0.0122	0.1565
46.0000	67.0000	Respond Naturally	CornFlakes	4.0000	2.0000	1.0000	3	-1.0000	0.9585	0.4203	0.0020	0.0000	0.4203	0.2243	-1.0000	-0.0166	0.0362	-0.0528	-0.1856
46.0000	68.0000	Respond Naturally	FrootLoops	4.0000	3.0000	6.0000	6	-1.0000	1.2110	0.1684	0.1738	2.0000	0.7236	0.3368	-1.0000	0.0570	0.1201	-0.0631	0.5850
46.0000	69.0000	Respond Naturally	Bananas	2.0000	1.0000	2.0000	3	-1.0000	0.6730	0.1514	0.2181	0.0000	0.1514	0.1964	-1.0000	0.1171	0.1171	-0.0000	0.3048
46.0000	70.0000	Respond Naturally	Nutella	4.0000	2.0000	1.0000	4	1.0000	1.4453	0.4703	-0.1151	0.0000	0.4703	0.3181	1.0000	0.0725	0.1122	-0.0396	0.3768
46.0000	71.0000	Focus on Health	RitzCrackers	2.0000	2.0000	2.0000	2	-1.0000	0.6732	0.2022	-0.0697	0.0000	0.2022	0.1979	-1.0000	0.0731	0.0870	-0.0139	0.2350
46.0000	72.0000	Focus on Health	PureFit	6.0000	4.0000	4.0000	4	-1.0000	1.0593	0.5378	0.0540	0.0000	0.5378	0.1410	-1.0000	0.1255	0.1255	-0.0000	0.4101
46.0000	73.0000	Focus on Health	MnMPlain	5.0000	4.0000	6.0000	5	-1.0000	0.9414	0.3864	0.0960	0.0000	0.3864	0.1966	-1.0000	0.0318	0.0410	-0.0092	0.0949
46.0000	74.0000	Focus on Health	SkimMilk	5.0000	2.0000	4.0000	4	1.0000	1.3114	0.5042	-0.1744	1.0000	0.8408	0.5527	-1.0000	0.5745	0.5745	-0.0000	1.3617
46.0000	75.0000	Focus on Health	Onion	2.0000	5.0000	4.0000	2	-1.0000	0.8749	0.1515	0.1478	0.0000	0.1515	0.1248	-1.0000	0.0895	0.0895	-0.0000	0.2303
46.0000	76.0000	Focus on Health	TofuDessert	5.0000	2.0000	1.0000	2	-1.0000	1.2443	0.3866	0.2697	1.0000	0.7230	0.5453	1.0000	0.3212	0.3330	-0.0118	1.1211
46.0000	77.0000	Focus on Health	Orange	4.0000	3.0000	1.0000	1	1.0000	1.6314	0.3871	-0.0105	1.0000	0.9592	0.5023	-1.0000	0.5364	0.5781	-0.0417	1.2937
46.0000	78.0000	Focus on Health	Snickers	3.0000	3.0000	1.0000	2	-1.0000	0.7567	0.2185	0.0222	1.0000	0.3530	0.4392	1.0000	0.2970	0.2970	-0.0000	1.3154
46.0000	79.0000	Focus on Health	RedPepper	3.0000	2.0000	6.0000	2	1.0000	1.1099	0.2861	-0.0148	1.0000	0.4712	0.6254	-1.0000	0.7359	0.7362	-0.0003	1.3608
46.0000	80.0000	Focus on Health	IceCreamVanilla	5.0000	6.0000	3.0000	4	-1.0000	0.9422	0.3870	0.1912	0.0000	0.3870	0.1963	-1.0000	0.1905	0.1905	-0.0000	0.4711
46.0000	81.0000	Focus on Health	Raspberries	6.0000	3.0000	1.0000	5	-1.0000	1.4633	0.2188	-0.2172	0.0000	0.2188	0.0971	-1.0000	0.1053	0.1055	-0.0002	0.2709
46.0000	82.0000	Focus on Health	LaysClassic	3.0000	2.0000	3.0000	4	-1.0000	0.9249	0.4372	0.0684	0.0000	0.4372	0.3141	-1.0000	0.1593	0.1593	-0.0000	0.2483
46.0000	83.0000	Focus on Health	Pringles	5.0000	5.0000	4.0000	5	-1.0000	0.8247	0.2190	0.1606	0.0000	0.2190	0.1951	-1.0000	-0.0165	0.0431	-0.0597	-0.2144
46.0000	84.0000	Focus on Health	Celery	2.0000	5.0000	6.0000	2	1.0000	1.5467	0.2861	-0.0341	1.0000	0.9247	0.4898	-1.0000	0.7319	0.7346	-0.0028	1.4785
46.0000	85.0000	Focus on Health	FrozenPeas	2.0000	4.0000	4.0000	2	1.0000	1.2434	0.4366	0.0000	1.0000	0.7058	0.5009	-1.0000	0.2210	0.2790	-0.0579	1.1671
46.0000	86.0000	Focus on Health	AllBranCereal	2.0000	3.0000	5.0000	2	1.0000	2.8050	0.2015	-0.0608	2.0000	0.7729	0.3985	1.0000	0.6782	0.6782	-0.0000	1.4952
46.0000	87.0000	Focus on Health	Doritos	2.0000	3.0000	4.0000	2	-1.0000	1.1268	0.1514	-0.0121	0.0000	0.1514	0.1351	-1.0000	0.0540	0.0875	-0.0335	0.2560
46.0000	88.0000	Focus on Health	PureFit	1.0000	1.0000	3.0000	2	-1.0000	1.0928	0.4874	-0.0933	0.0000	0.4874	0.4361	-1.0000	0.0598	0.0647	-0.0048	0.2863
46.0000	89.0000	Focus on Health	Beets	5.0000	6.0000	5.0000	5	1.0000	1.2263	0.3354	0.0914	0.0000	0.3354	0.2005	1.0000	0.0862	0.0974	-0.0112	0.2625
46.0000	90.0000	Focus on Health	DriedHerring	2.0000	5.0000	6.0000	3	1.0000	1.1099	0.1852	0.0000	1.0000	0.3030	0.1595	-1.0000	0.2021	0.2052	-0.0030	0.6461
46.0000	91.0000	Respond Naturally	SlimStyles	5.0000	4.0000	2.0000	2	1.0000	2.3874	0.3700	0.0000	1.0000	0.6391	0.3158	-1.0000	0.3156	0.3598	-0.0442	1.2082
46.0000	92.0000	Respond Naturally	Spinach	5.0000	3.0000	6.0000	4	-1.0000	0.9247	0.1678	0.0209	0.0000	0.1678	0.1317	-1.0000	0.0452	0.0718	-0.0266	0.2594
46.0000	93.0000	Respond Naturally	IceCreamChocolate	5.0000	6.0000	5.0000	4	1.0000	1.3956	0.5209	-0.0687	1.0000	0.8237	0.4870	-1.0000	0.3690	0.4038	-0.0348	1.4959
46.0000	94.0000	Respond Naturally	OikosYogurt	3.0000	4.0000	1.0000	3	-1.0000	0.7064	0.3028	0.0324	0.0000	0.3028	0.3362	-1.0000	0.0994	0.1124	-0.0130	0.2900
46.0000	95.0000	Respond Naturally	Reese	6.0000	5.0000	5.0000	4	1.0000	0.9926	0.3366	-0.0963	0.0000	0.3366	0.2176	1.0000	0.0514	0.0727	-0.0213	0.2234
46.0000	96.0000	Respond Naturally	AllBranBar	2.0000	2.0000	4.0000	3	-1.0000	1.0601	0.3702	-0.1459	0.0000	0.3702	0.2141	-1.0000	0.0638	0.0744	-0.0106	0.2481
46.0000	97.0000	Respond Naturally	CheeseNips	6.0000	6.0000	2.0000	5	-1.0000	3.1747	0.4030	0.0135	1.0000	0.7057	0.2528	1.0000	0.9607	0.9612	-0.0005	1.3606
46.0000	98.0000	Respond Naturally	RedPepper	6.0000	3.0000	1.0000	5	-1.0000	0.7567	0.3361	-0.0071	0.0000	0.3361	0.1857	-1.0000	0.1710	0.1710	-0.0000	0.3134
46.0000	99.0000	Respond Naturally	AllBranBar	6.0000	3.0000	5.0000	1	-1.0000	0.7900	0.2182	-0.0734	0.0000	0.2182	0.1929	-1.0000	0.1791	0.1791	-0.0000	0.3385
46.0000	100.0000	Respond Naturally	Celery	6.0000	2.0000	4.0000	4	-1.0000	0.9086	0.2523	0.0255	0.0000	0.2523	0.1977	-1.0000	0.0679	0.0740	-0.0061	0.1620
46.0000	101.0000	Respond Naturally	OikosYogurt	6.0000	5.0000	3.0000	6	-1.0000	0.7732	0.2691	-0.0021	0.0000	0.2691	0.2428	-1.0000	0.0828	0.1541	-0.0713	0.3905
46.0000	102.0000	Respond Naturally	GreenApple	2.0000	2.0000	3.0000	4	-1.0000	0.7394	0.2519	-0.0561	0.0000	0.2519	0.4133	-1.0000	0.0409	0.0771	-0.0361	0.2013
46.0000	103.0000	Respond Naturally	Mackerel	2.0000	3.0000	5.0000	1	-1.0000	1.8491	0.1848	0.0185	2.0000	1.2942	0.2944	-1.0000	0.1660	0.2049	-0.0389	1.1045
46.0000	104.0000	Respond Naturally	FrozenBlueberries	2.0000	2.0000	2.0000	3	-1.0000	0.8070	0.3697	0.1355	0.0000	0.3697	0.2334	-1.0000	0.1099	0.1120	-0.0021	0.2432
46.0000	105.0000	Respond Naturally	BabyFoodSweetPotatos	2.0000	4.0000	1.0000	2	-1.0000	0.9248	0.3867	0.0973	0.0000	0.3867	0.2563	-1.0000	0.1146	0.1146	-0.0000	0.2974
46.0000	106.0000	Respond Naturally	KashiBars	4.0000	3.0000	1.0000	4	-1.0000	0.7064	0.1681	0.0315	0.0000	0.1681	0.1420	-1.0000	0.0092	0.0316	-0.0223	-0.1286
46.0000	107.0000	Respond Naturally	Twizzlers	2.0000	3.0000	1.0000	4	-1.0000	0.9579	0.3870	0.1185	0.0000	0.3870	0.1836	-1.0000	0.1278	0.1278	-0.0000	0.2757
46.0000	108.0000	Respond Naturally	Almonds	4.0000	4.0000	4.0000	2	-1.0000	0.8057	0.3355	-0.0354	0.0000	0.3355	0.1618	-1.0000	0.0615	0.0731	-0.0117	0.1629
46.0000	109.0000	Respond Naturally	NatureValleyChocolate	2.0000	5.0000	2.0000	4	-1.0000	0.7736	0.3364	-0.1848	0.0000	0.3364	0.2655	-1.0000	0.1046	0.1046	-0.0000	0.2279
46.0000	110.0000	Respond Naturally	Twizzlers	2.0000	2.0000	1.0000	2	-1.0000	0.7053	0.2685	0.0114	0.0000	0.2685	0.1986	-1.0000	0.0581	0.0611	-0.0030	0.1408
46.0000	111.0000	Focus on Health	KashiBars	6.0000	2.0000	4.0000	1	-1.0000	0.9753	0.2187	0.0646	0.0000	0.2187	0.2751	-1.0000	0.0191	0.0835	-0.0644	-0.2546
46.0000	112.0000	Focus on Health	Cauliflower	2.0000	4.0000	3.0000	2	-1.0000	0.7573	0.1685	-0.0278	0.0000	0.1685	0.1453	-1.0000	0.0593	0.0615	-0.0022	0.1499
46.0000	113.0000	Focus on Health	Cheerios	4.0000	2.0000	1.0000	2	-1.0000	0.7230	0.2521	0.1366	0.0000	0.2521	0.1914	-1.0000	-0.0320	0.0327	-0.0647	-0.2072
46.0000	114.0000	Focus on Health	GreenBeans	2.0000	3.0000	2.0000	4	1.0000	0.9746	0.2850	-0.0236	2.0000	0.5877	0.3304	1.0000	0.2498	0.2498	-0.0000	0.9537
46.0000	115.0000	Focus on Health	Fritos	2.0000	5.0000	5.0000	5	-1.0000	0.8057	0.3019	-0.0147	1.0000	0.5034	0.3537	1.0000	0.2901	0.2901	-0.0000	0.6784
46.0000	116.0000	Focus on Health	CornFlakes	2.0000	4.0000	6.0000	6	1.0000	2.1169	0.5882	-0.2842	2.0000	1.0254	0.4178	1.0000	0.0779	0.0779	-0.0000	0.2109
46.0000	117.0000	Focus on Health	SpeltCakes	4.0000	2.0000	5.0000	2	-1.0000	0.6900	0.1684	0.0909	0.0000	0.1684	0.2290	-1.0000	-0.0340	0.0534	-0.0874	-0.2494
46.0000	118.0000	Focus on Health	PCChipCookie	2.0000	2.0000	6.0000	2	-1.0000	0.7571	0.2524	-0.0000	0.0000	0.2524	0.2654	-1.0000	0.1754	0.1754	-0.0000	0.3267
46.0000	119.0000	Focus on Health	Starburst	2.0000	6.0000	2.0000	6	-1.0000	1.0243	0.4360	-0.0622	0.0000	0.4360	0.1706	-1.0000	0.1067	0.1102	-0.0034	0.2869
46.0000	120.0000	Focus on Health	Shreddies	4.0000	3.0000	1.0000	2	-1.0000	0.9247	0.4034	-0.0000	1.0000	0.5548	0.3888	1.0000	0.2224	0.2224	-0.0000	0.8527
46.0000	121.0000	Focus on Health	Onion	3.0000	2.0000	1.0000	4	1.0000	1.4969	0.2694	0.0587	1.0000	0.5891	0.5509	-1.0000	0.3564	0.4139	-0.0575	1.4767
46.0000	122.0000	Focus on Health	Asparagus	2.0000	4.0000	3.0000	6	1.0000	1.0927	0.1849	-0.1466	1.0000	0.5046	0.5710	-1.0000	0.4733	0.4733	-0.0000	1.5131
46.0000	123.0000	Focus on Health	BBQCrisps	3.0000	4.0000	3.0000	2	-1.0000	1.0599	0.4206	-0.0000	0.0000	0.4206	0.1143	-1.0000	0.1689	0.1700	-0.0011	0.3227
46.0000	124.0000	Focus on Health	WaterChestnuts	4.0000	3.0000	4.0000	3	1.0000	1.1596	0.4201	-0.0215	0.0000	0.4201	0.2563	1.0000	0.1374	0.1374	-0.0000	0.3334
46.0000	125.0000	Focus on Health	FrozenPeaches	4.0000	4.0000	5.0000	5	-1.0000	0.6729	0.3193	-0.0060	0.0000	0.3193	0.1736	-1.0000	0.1440	0.1450	-0.0010	0.2977
46.0000	126.0000	Focus on Health	RiceKrispiesCereal	3.0000	3.0000	4.0000	3	-1.0000	0.7390	0.3189	-0.0287	0.0000	0.3189	0.1785	-1.0000	0.1361	0.1361	-0.0000	0.2693
46.0000	127.0000	Focus on Health	IceCreamVanilla	5.0000	4.0000	5.0000	1	-1.0000	2.2023	0.3698	-0.0271	4.0000	1.3956	0.7445	-1.0000	0.6946	0.6946	-0.0000	1.8904
46.0000	128.0000	Focus on Health	ProMax	6.0000	5.0000	2.0000	2	-1.0000	0.5551	0.1514	0.0210	0.0000	0.1514	0.2632	-1.0000	0.2051	0.2052	-0.0000	0.4100
46.0000	129.0000	Focus on Health	Mars	3.0000	4.0000	3.0000	2	-1.0000	1.1087	0.2011	-0.0044	0.0000	0.2011	0.2005	-1.0000	0.0768	0.0768	-0.0000	0.2881
46.0000	130.0000	Focus on Health	BrusselsSprouts	2.0000	3.0000	5.0000	4	1.0000	1.0262	0.2187	-0.1361	1.0000	0.5215	0.4299	-1.0000	0.3711	0.3969	-0.0258	1.1030
46.0000	131.0000	Respond Naturally	ClifBar	3.0000	1.0000	4.0000	2	-1.0000	0.9583	0.2018	0.2931	0.0000	0.2018	0.3747	-1.0000	0.0436	0.0810	-0.0374	0.2607
46.0000	132.0000	Respond Naturally	BBQCrisps	3.0000	3.0000	4.0000	6	-1.0000	1.0251	0.2686	0.0082	0.0000	0.2686	0.2372	-1.0000	0.2118	0.2118	-0.0000	0.5260
46.0000	133.0000	Respond Naturally	SkittlesSour	2.0000	3.0000	1.0000	6	-1.0000	1.1442	0.4207	-0.1295	1.0000	0.6058	0.3584	1.0000	0.3130	0.3329	-0.0199	1.0333
46.0000	134.0000	Respond Naturally	HoneyNutCheerios	2.0000	2.0000	2.0000	5	-1.0000	0.8236	0.3531	0.0518	0.0000	0.3531	0.1907	-1.0000	0.1801	0.1801	-0.0000	0.3354
46.0000	135.0000	Respond Naturally	Orange	2.0000	3.0000	1.0000	5	-1.0000	0.6223	0.2356	-0.0000	0.0000	0.2356	0.2408	-1.0000	0.1141	0.1142	-0.0001	0.2576
46.0000	136.0000	Respond Naturally	GreenBeans	3.0000	2.0000	2.0000	2	-1.0000	0.8914	0.1515	-0.0000	0.0000	0.1515	0.1939	-1.0000	-0.0410	0.0337	-0.0747	-0.2129
46.0000	137.0000	Respond Naturally	SlimStyles	4.0000	4.0000	2.0000	6	-1.0000	1.1771	0.1849	0.2037	0.0000	0.1849	0.0862	-1.0000	0.0748	0.0893	-0.0145	0.2308
46.0000	138.0000	Respond Naturally	VegetableThins	3.0000	3.0000	5.0000	5	-1.0000	0.7902	0.2183	-0.0000	0.0000	0.2183	0.1357	-1.0000	0.0397	0.0634	-0.0237	0.1855
46.0000	139.0000	Respond Naturally	Smarties	2.0000	3.0000	6.0000	5	1.0000	1.2280	0.4541	-0.3796	1.0000	0.6560	0.2865	-1.0000	0.2915	0.3054	-0.0140	0.8778
46.0000	140.0000	Respond Naturally	MnMPlain	4.0000	5.0000	5.0000	3	-1.0000	0.8077	0.2020	0.0200	0.0000	0.2020	0.1407	-1.0000	0.0876	0.1093	-0.0217	0.2485
46.0000	141.0000	Focus on Health	RomaineLettuce	3.0000	2.0000	5.0000	2	1.0000	1.1094	0.2016	-0.0271	1.0000	0.6555	0.3287	-1.0000	0.5576	0.5576	-0.0000	1.2339
46.0000	142.0000	Focus on Health	SunChips	3.0000	1.0000	3.0000	4	-1.0000	0.9920	0.6557	0.0166	0.0000	0.6557	0.1664	-1.0000	0.2221	0.2221	-0.0000	0.4235
46.0000	143.0000	Focus on Health	AppleChips	4.0000	1.0000	3.0000	5	-1.0000	1.4275	0.1514	0.0310	0.0000	0.1514	0.1928	-1.0000	0.0406	0.0410	-0.0004	0.2111
46.0000	144.0000	Focus on Health	Mars	3.0000	1.0000	1.0000	4	-1.0000	0.9252	0.3197	0.3611	0.0000	0.3197	0.1288	-1.0000	0.0131	0.0233	-0.0103	-0.0692
46.0000	145.0000	Focus on Health	Avocado	3.0000	3.0000	4.0000	5	1.0000	1.0930	0.2019	-0.4709	0.0000	0.2019	0.4027	1.0000	0.0749	0.1114	-0.0365	0.2513
46.0000	146.0000	Focus on Health	OatBran	2.0000	5.0000	3.0000	4	1.0000	1.0596	0.1512	-0.1807	1.0000	0.6725	0.3669	-1.0000	0.7458	0.7458	-0.0000	1.4185
46.0000	147.0000	Focus on Health	SpeltCakes	2.0000	4.0000	6.0000	5	-1.0000	0.6552	0.1509	0.0174	0.0000	0.1509	0.1712	-1.0000	0.0997	0.1213	-0.0216	0.3314
46.0000	148.0000	Focus on Health	AlmondMilk	2.0000	3.0000	1.0000	2	-1.0000	0.8574	0.1512	0.0456	0.0000	0.1512	0.1693	-1.0000	0.1106	0.1271	-0.0166	0.3264
46.0000	149.0000	Focus on Health	VanillaGreekYogurt	2.0000	3.0000	2.0000	4	-1.0000	0.7396	0.1850	0.1950	0.0000	0.1850	0.1803	-1.0000	0.0955	0.1007	-0.0053	0.2599
46.0000	150.0000	Focus on Health	Triscuit	1.0000	4.0000	1.0000	2	-1.0000	0.8575	0.3198	0.0191	0.0000	0.3198	0.1690	-1.0000	0.0939	0.0939	-0.0000	0.1629
46.0000	151.0000	Respond Naturally	Strawberries	6.0000	3.0000	3.0000	3	-1.0000	0.8907	0.1849	0.0609	0.0000	0.1849	0.2811	-1.0000	0.1092	0.1092	-0.0000	0.1587
46.0000	152.0000	Respond Naturally	SkimMilk	2.0000	3.0000	6.0000	1	-1.0000	0.8068	0.1512	-0.0000	0.0000	0.1512	0.3124	-1.0000	0.1144	0.1196	-0.0052	0.4215
46.0000	153.0000	Respond Naturally	CannedArtichoke	4.0000	2.0000	1.0000	5	-1.0000	0.7735	0.1850	0.2653	0.0000	0.1850	0.1661	-1.0000	-0.1110	0.0258	-0.1368	-0.3378
46.0000	154.0000	Respond Naturally	GreenApple	2.0000	3.0000	6.0000	2	-1.0000	0.7565	0.2185	0.4453	0.0000	0.2185	0.3011	-1.0000	0.1119	0.1143	-0.0024	0.2406
46.0000	155.0000	Respond Naturally	Broccoli	3.0000	2.0000	3.0000	4	-1.0000	0.7065	0.4038	0.3559	0.0000	0.4038	0.1136	-1.0000	0.0685	0.0810	-0.0124	0.2438
46.0000	156.0000	Respond Naturally	RaisinBran	3.0000	3.0000	3.0000	3	-1.0000	1.0591	0.5378	0.3414	0.0000	0.5378	0.3459	-1.0000	0.0689	0.0852	-0.0163	0.1921
46.0000	157.0000	Respond Naturally	PopTartStrawberry	6.0000	4.0000	4.0000	2	-1.0000	0.9756	0.2018	0.0809	0.0000	0.2018	0.1571	-1.0000	0.1596	0.1598	-0.0002	0.3918
46.0000	158.0000	Respond Naturally	Doritos	2.0000	2.0000	6.0000	5	-1.0000	1.5629	0.1516	0.1452	0.0000	0.1516	0.1244	-1.0000	0.0695	0.0695	-0.0000	0.2340
46.0000	159.0000	Respond Naturally	FrozenPeas	3.0000	4.0000	1.0000	6	-1.0000	0.8070	0.3361	0.0229	0.0000	0.3361	0.1841	-1.0000	0.1801	0.1801	-0.0000	0.2890
46.0000	160.0000	Respond Naturally	RaisinBran	5.0000	4.0000	2.0000	7	-1.0000	0.7570	0.3028	-0.0800	0.0000	0.3028	0.2074	-1.0000	0.1397	0.1397	-0.0000	0.2612
46.0000	161.0000	Focus on Health	Reese	5.0000	3.0000	2.0000	1	-1.0000	1.3101	0.3187	0.1060	0.0000	0.3187	0.2841	-1.0000	0.1497	0.1498	-0.0000	0.4737
46.0000	162.0000	Focus on Health	RitzCrackers	2.0000	2.0000	6.0000	5	-1.0000	0.8410	0.2189	0.0953	0.0000	0.2189	0.1535	-1.0000	0.1309	0.1309	-0.0000	0.2114
46.0000	163.0000	Focus on Health	ClamJuice	2.0000	4.0000	6.0000	3	-1.0000	0.7908	0.1515	-0.0409	0.0000	0.1515	0.3190	-1.0000	0.1062	0.1172	-0.0111	0.3271
46.0000	164.0000	Focus on Health	YorkPeppermintPatties	2.0000	4.0000	1.0000	4	-1.0000	2.3020	0.3185	-0.4333	2.0000	1.1251	0.4520	-1.0000	0.7477	0.7639	-0.0162	1.7182
46.0000	165.0000	Focus on Health	Avocado	4.0000	3.0000	1.0000	2	-1.0000	0.7233	0.3027	0.0053	0.0000	0.3027	0.2346	-1.0000	0.0908	0.0930	-0.0023	0.1876
46.0000	166.0000	Focus on Health	DriedApricots	2.0000	5.0000	6.0000	5	-1.0000	0.8408	0.3023	-0.0038	0.0000	0.3023	0.2141	-1.0000	0.1326	0.1326	-0.0000	0.2571
46.0000	167.0000	Focus on Health	FrozenOkra	2.0000	2.0000	4.0000	2	-1.0000	0.7741	0.2190	0.0223	0.0000	0.2190	0.1799	-1.0000	0.1752	0.1754	-0.0002	0.4036
46.0000	168.0000	Focus on Health	BabyFoodCarrots	2.0000	3.0000	6.0000	5	-1.0000	0.5889	0.1515	-0.1947	0.0000	0.1515	0.1795	-1.0000	0.1068	0.1078	-0.0010	0.2725
46.0000	169.0000	Focus on Health	RufflesSourCreamOnion	4.0000	3.0000	5.0000	5	-1.0000	0.8739	0.1513	-0.1296	0.0000	0.1513	0.1794	-1.0000	0.1164	0.1164	-0.0000	0.3777
46.0000	170.0000	Focus on Health	Beets	4.0000	5.0000	2.0000	2	1.0000	1.1100	0.2188	0.1889	1.0000	0.5550	0.5301	-1.0000	0.4061	0.4080	-0.0020	1.2629
46.0000	171.0000	Respond Naturally	SevenGrain	2.0000	2.0000	6.0000	1	-1.0000	2.7225	0.3701	-0.0351	2.0000	1.9831	0.4071	-1.0000	0.2737	0.2837	-0.0100	1.6783
46.0000	172.0000	Respond Naturally	Mentos	2.0000	4.0000	6.0000	5	-1.0000	0.8916	0.1515	0.0585	0.0000	0.1515	0.1436	-1.0000	0.1068	0.1089	-0.0021	0.3517
46.0000	173.0000	Respond Naturally	Cheerios	1.0000	2.0000	2.0000	5	-1.0000	0.9923	0.2020	-0.0503	0.0000	0.2020	0.2160	-1.0000	0.0406	0.0492	-0.0086	0.1695
46.0000	174.0000	Respond Naturally	IceCreamChocolate	2.0000	5.0000	4.0000	1	-1.0000	0.7068	0.1681	0.2451	0.0000	0.1681	0.3337	-1.0000	0.1455	0.1455	-0.0000	0.3378
46.0000	175.0000	Respond Naturally	CannedArtichoke	4.0000	4.0000	5.0000	2	-1.0000	0.8746	0.3027	-0.3619	0.0000	0.3027	0.3145	-1.0000	0.1229	0.1229	-0.0000	0.2531
46.0000	176.0000	Respond Naturally	OatBran	4.0000	2.0000	4.0000	2	-1.0000	0.7399	0.2186	-0.1250	0.0000	0.2186	0.3593	-1.0000	0.0930	0.0962	-0.0032	0.3037
46.0000	177.0000	Respond Naturally	RomaineLettuce	4.0000	2.0000	6.0000	4	-1.0000	1.8326	0.2351	-0.1422	2.0000	1.1936	0.2817	-1.0000	0.4548	0.4548	-0.0000	1.3995
46.0000	178.0000	Respond Naturally	Nutella	2.0000	4.0000	6.0000	1	-1.0000	1.1771	0.1517	-0.0536	0.0000	0.1517	0.1967	-1.0000	-0.0547	0.0312	-0.0859	-0.2799
46.0000	179.0000	Respond Naturally	Asparagus	2.0000	4.0000	4.0000	3	-1.0000	0.7565	0.1853	0.0072	0.0000	0.1853	0.2217	-1.0000	0.1113	0.1113	-0.0000	0.2160
46.0000	180.0000	Respond Naturally	Butternut	2.0000	3.0000	5.0000	3	-1.0000	1.1095	0.4370	0.0048	0.0000	0.4370	0.1252	-1.0000	0.1458	0.1484	-0.0025	0.2557
46.0000	181.0000	Respond Naturally	CoffeeCrisp	3.0000	4.0000	3.0000	3	1.0000	1.5639	0.3364	0.0232	1.0000	0.9421	0.4977	-1.0000	0.5184	0.5307	-0.0123	1.1971
46.0000	182.0000	Respond Naturally	Aero	2.0000	4.0000	2.0000	1	-1.0000	1.0086	0.2016	-0.0000	0.0000	0.2016	0.2096	-1.0000	0.0771	0.1092	-0.0320	0.3406
46.0000	183.0000	Respond Naturally	SlicedTurkey	3.0000	3.0000	5.0000	5	-1.0000	1.0248	0.2359	-0.1133	0.0000	0.2359	0.1335	-1.0000	0.0991	0.0991	-0.0000	0.2705
46.0000	184.0000	Respond Naturally	CheeseNips	4.0000	3.0000	6.0000	2	-1.0000	0.7730	0.2013	-0.0267	0.0000	0.2013	0.2100	-1.0000	0.0782	0.1070	-0.0288	0.3080
46.0000	185.0000	Respond Naturally	Fritos	3.0000	6.0000	4.0000	2	-1.0000	0.8581	0.3198	-0.0000	0.0000	0.3198	0.2486	-1.0000	0.3637	0.3637	-0.0000	0.5889
46.0000	186.0000	Respond Naturally	Smartfood	2.0000	3.0000	3.0000	4	-1.0000	1.7992	0.5890	-0.0067	1.0000	1.1436	0.6823	1.0000	0.6448	0.6448	-0.0000	1.3597
46.0000	187.0000	Respond Naturally	AppleChips	2.0000	2.0000	3.0000	2	-1.0000	0.6892	0.1846	-0.0000	0.0000	0.1846	0.1184	-1.0000	0.1847	0.1847	-0.0000	0.4427
46.0000	188.0000	Respond Naturally	Prunes	4.0000	3.0000	6.0000	2	-1.0000	0.6054	0.1681	0.0808	0.0000	0.1681	0.1653	-1.0000	0.2061	0.2061	-0.0000	0.4008
46.0000	189.0000	Respond Naturally	Raspberries	2.0000	1.0000	3.0000	4	-1.0000	0.6558	0.2185	-0.0582	0.0000	0.2185	0.1705	-1.0000	0.1990	0.2042	-0.0051	0.4437
46.0000	190.0000	Respond Naturally	EnglishCucumber	4.0000	5.0000	5.0000	5	-1.0000	0.9756	0.1515	-0.0000	0.0000	0.1515	0.2088	-1.0000	0.0894	0.1318	-0.0424	0.4489
46.0000	191.0000	Focus on Health	Pringles	3.0000	2.0000	4.0000	2	-1.0000	0.9250	0.2354	0.1102	0.0000	0.2354	0.1221	-1.0000	0.0652	0.0656	-0.0004	0.1731
46.0000	192.0000	Focus on Health	CoffeeCrisp	2.0000	3.0000	3.0000	1	-1.0000	0.6222	0.2015	0.0424	0.0000	0.2015	0.2186	-1.0000	0.1717	0.1794	-0.0077	0.3856
46.0000	193.0000	Focus on Health	Prunes	3.0000	5.0000	6.0000	5	-1.0000	0.7233	0.1515	0.0390	0.0000	0.1515	0.2266	-1.0000	0.1529	0.1529	-0.0000	0.2658
46.0000	194.0000	Focus on Health	Cheetos	3.0000	2.0000	3.0000	6	-1.0000	0.5382	0.1514	0.3845	0.0000	0.1514	0.2367	-1.0000	0.1481	0.1481	-0.0000	0.3150
46.0000	195.0000	Focus on Health	PCChipCookie	5.0000	1.0000	4.0000	5	-1.0000	0.5712	0.2519	0.0609	0.0000	0.2519	0.1839	-1.0000	0.2691	0.2691	-0.0000	0.5417
46.0000	196.0000	Focus on Health	FrozenCorn	5.0000	4.0000	6.0000	4	1.0000	0.8413	0.1684	0.0157	1.0000	0.3703	0.4747	-1.0000	0.1765	0.2372	-0.0607	0.7989
46.0000	197.0000	Focus on Health	Tuna	3.0000	6.0000	2.0000	4	-1.0000	1.5481	0.6059	-0.0412	1.0000	0.8416	0.3427	1.0000	0.3621	0.3663	-0.0042	1.3611
46.0000	198.0000	Focus on Health	Triscuit	6.0000	3.0000	2.0000	5	-1.0000	1.1272	0.1514	0.1292	0.0000	0.1514	0.1872	-1.0000	0.1321	0.1322	-0.0000	0.3031
46.0000	199.0000	Focus on Health	Smarties	3.0000	2.0000	1.0000	2	-1.0000	0.7730	0.1513	0.0231	0.0000	0.1513	0.1515	-1.0000	0.0936	0.0938	-0.0002	0.2330
46.0000	200.0000	Focus on Health	DriedApricots	1.0000	1.0000	4.0000	2	-1.0000	3.3939	0.8748	0.1552	2.0000	2.9230	0.2223	-1.0000	0.0804	0.0814	-0.0010	0.5322
