Subject	Trial	Instruction	Food	Liking	Taste	Health	Amount	Choice	ChoiceRT	FirstDevTimeChoice	InitAngleChoice	NumChangeMindChoice	FinalDevTimeChoice	MaxVelocityChoice	DrxFirstDevChoice	TotalAUCChoice	AUCtoNonChosenChoice	AUCtoChosenChoice	MaxDevChoice
86.0000	1.0000	Respond Naturally	SunChips	5.0000	6.0000	4.0000	2	1.0000	1.0586	0.4537	0.2171	0.0000	0.4537	0.2605	1.0000	0.1776	0.1776	-0.0000	0.4388
86.0000	2.0000	Respond Naturally	RufflesSourCreamOnion	3.0000	5.0000	3.0000	5	1.0000	1.0583	0.3190	-0.1771	0.0000	0.3190	0.1274	1.0000	0.1455	0.1455	-0.0000	0.2505
86.0000	3.0000	Respond Naturally	Butternut	2.0000	1.0000	4.0000	3	-1.0000	1.4271	0.4864	-0.0000	0.0000	0.4864	0.1465	-1.0000	0.0307	0.0420	-0.0113	0.1097
86.0000	4.0000	Respond Naturally	PureFit	2.0000	2.0000	3.0000	2	-1.0000	1.0580	0.4368	-0.0899	0.0000	0.4368	0.2530	-1.0000	0.1017	0.1017	-0.0000	0.1846
86.0000	5.0000	Respond Naturally	Celery	3.0000	6.0000	6.0000	4	1.0000	1.3104	0.6213	0.1259	1.0000	0.7725	0.3141	-1.0000	0.2166	0.2342	-0.0176	0.4905
86.0000	6.0000	Respond Naturally	ClamJuice	1.0000	1.0000	5.0000	3	-1.0000	0.9071	0.5037	-0.1183	0.0000	0.5037	0.1937	-1.0000	0.1739	0.1742	-0.0003	0.2768
86.0000	7.0000	Respond Naturally	Prunes	2.0000	2.0000	5.0000	2	-1.0000	1.5631	0.8739	-0.1999	0.0000	0.8739	0.2499	-1.0000	0.1503	0.1743	-0.0241	0.3079
86.0000	8.0000	Respond Naturally	SlicedTurkey	5.0000	6.0000	5.0000	2	1.0000	1.2770	0.5877	0.2467	1.0000	0.7725	0.1496	-1.0000	0.1079	0.1116	-0.0038	0.4110
86.0000	9.0000	Respond Naturally	FrozenBroccoli	1.0000	6.0000	6.0000	2	-1.0000	1.5115	0.7053	0.1017	0.0000	0.7053	0.1441	-1.0000	0.1262	0.1361	-0.0099	0.2081
86.0000	10.0000	Respond Naturally	DriedHerring	1.0000	1.0000	5.0000	3	-1.0000	1.0244	0.4028	0.2386	1.0000	0.5538	0.1791	1.0000	0.1695	0.1695	-0.0000	0.3898
86.0000	11.0000	Focus on Health	Pringles	5.0000	6.0000	3.0000	5	-1.0000	1.1089	0.5712	0.0158	0.0000	0.5712	0.1186	-1.0000	0.1091	0.1121	-0.0030	0.1978
86.0000	12.0000	Focus on Health	Mars	6.0000	6.0000	2.0000	4	-1.0000	0.8732	0.4364	-0.2014	0.0000	0.4364	0.1527	-1.0000	0.1085	0.1085	-0.0000	0.1993
86.0000	13.0000	Focus on Health	Broccoli	2.0000	2.0000	6.0000	1	1.0000	1.1592	0.6719	0.1014	0.0000	0.6719	0.1129	1.0000	0.1418	0.1492	-0.0074	0.2801
86.0000	14.0000	Focus on Health	Raspberries	4.0000	4.0000	6.0000	4	1.0000	1.1921	0.3189	-0.3073	1.0000	0.7050	0.1297	-1.0000	0.2551	0.2551	-0.0000	0.4966
86.0000	15.0000	Focus on Health	CornFlakes	4.0000	4.0000	5.0000	6	1.0000	1.1249	0.4366	0.2678	0.0000	0.4366	0.1289	1.0000	0.1758	0.1758	-0.0000	0.2485
86.0000	16.0000	Focus on Health	RitzCrackers	5.0000	6.0000	3.0000	5	-1.0000	1.1755	0.6211	0.8854	0.0000	0.6211	0.1344	-1.0000	-0.0675	0.0001	-0.0676	-0.1688
86.0000	17.0000	Focus on Health	NatureValleyChocolate	4.0000	6.0000	3.0000	4	-1.0000	2.8730	0.1343	0.0834	1.0000	1.0921	0.2868	1.0000	0.0971	0.1773	-0.0802	0.6787
86.0000	18.0000	Focus on Health	AllBranBar	2.0000	2.0000	4.0000	3	1.0000	1.3101	0.5373	0.1793	1.0000	0.7389	0.1173	-1.0000	0.1523	0.1523	-0.0000	0.2812
86.0000	19.0000	Focus on Health	Strawberries	6.0000	6.0000	6.0000	3	1.0000	1.3437	0.8229	0.1642	0.0000	0.8229	0.1135	1.0000	0.1485	0.1511	-0.0026	0.2748
86.0000	20.0000	Focus on Health	FrozenPeaches	6.0000	6.0000	6.0000	5	1.0000	1.1087	0.5542	0.1333	0.0000	0.5542	0.1310	1.0000	0.0998	0.1046	-0.0047	0.1924
86.0000	21.0000	Respond Naturally	AlmondMilk	4.0000	1.0000	3.0000	2	-1.0000	1.0583	0.2016	-0.3859	1.0000	0.5878	0.1932	1.0000	0.2677	0.2826	-0.0149	0.7208
86.0000	22.0000	Respond Naturally	EnglishCucumber	5.0000	6.0000	6.0000	5	1.0000	1.2597	0.6548	0.2807	0.0000	0.6548	0.2660	1.0000	0.0656	0.0656	-0.0000	0.1457
86.0000	23.0000	Respond Naturally	Shreddies	4.0000	5.0000	4.0000	2	1.0000	1.2595	0.6045	0.2728	0.0000	0.6045	0.1049	1.0000	0.0962	0.0963	-0.0001	0.1988
86.0000	24.0000	Respond Naturally	Onion	2.0000	2.0000	5.0000	4	-1.0000	1.2600	0.5209	-0.0088	0.0000	0.5209	0.1371	-1.0000	0.1425	0.1425	-0.0000	0.2639
86.0000	25.0000	Respond Naturally	Smartfood	5.0000	6.0000	3.0000	4	1.0000	0.9737	0.5369	-0.0816	0.0000	0.5369	0.1462	1.0000	0.2285	0.2285	-0.0000	0.3489
86.0000	26.0000	Respond Naturally	AlmondMilk	1.0000	1.0000	5.0000	4	-1.0000	0.8065	0.4032	0.1580	0.0000	0.4032	0.1612	-1.0000	0.1031	0.1043	-0.0012	0.1750
86.0000	27.0000	Respond Naturally	MangoChunks	6.0000	6.0000	6.0000	5	1.0000	1.2428	0.7554	-0.0042	0.0000	0.7554	0.1636	1.0000	0.3400	0.3400	-0.0000	0.4378
86.0000	28.0000	Respond Naturally	BBQCrisps	3.0000	3.0000	3.0000	6	1.0000	0.9231	0.4191	0.0000	0.0000	0.4191	0.2205	1.0000	0.1408	0.1408	-0.0000	0.2491
86.0000	29.0000	Respond Naturally	Reese	5.0000	6.0000	2.0000	1	1.0000	0.9074	0.4702	-0.0347	0.0000	0.4702	0.2773	1.0000	0.1173	0.1204	-0.0030	0.2020
86.0000	30.0000	Respond Naturally	BrusselsSprouts	1.0000	1.0000	6.0000	4	-1.0000	1.2261	0.4872	0.1318	1.0000	0.6717	0.1663	1.0000	0.1494	0.1886	-0.0392	0.6772
86.0000	31.0000	Focus on Health	IceCreamVanilla	6.0000	6.0000	4.0000	4	1.0000	0.8733	0.4364	-0.0267	0.0000	0.4364	0.1752	1.0000	0.2406	0.2406	-0.0000	0.3956
86.0000	32.0000	Focus on Health	GreenBeans	4.0000	4.0000	6.0000	2	-1.0000	1.3605	0.9404	-0.0073	0.0000	0.9404	0.1210	-1.0000	0.1780	0.1780	-0.0000	0.2321
86.0000	33.0000	Focus on Health	ProMax	2.0000	2.0000	3.0000	2	-1.0000	1.2093	0.6043	0.1577	0.0000	0.6043	0.1494	-1.0000	0.1336	0.1336	-0.0000	0.2181
86.0000	34.0000	Focus on Health	PopTartStrawberry	5.0000	6.0000	3.0000	5	1.0000	1.0752	0.4535	0.1033	0.0000	0.4535	0.1314	1.0000	0.1095	0.1106	-0.0011	0.1937
86.0000	35.0000	Focus on Health	Onion	2.0000	1.0000	4.0000	2	-1.0000	0.9238	0.4870	0.0627	0.0000	0.4870	0.1995	-1.0000	0.2682	0.2714	-0.0032	0.4725
86.0000	36.0000	Focus on Health	SlimStyles	1.0000	1.0000	2.0000	6	-1.0000	0.9573	0.5540	-0.0035	0.0000	0.5540	0.1737	-1.0000	0.2416	0.2416	-0.0000	0.3812
86.0000	37.0000	Focus on Health	OatBran	2.0000	1.0000	5.0000	4	-1.0000	1.0581	0.7052	-0.0241	0.0000	0.7052	0.2822	-1.0000	0.1630	0.1630	-0.0000	0.2296
86.0000	38.0000	Focus on Health	Cheerios	4.0000	6.0000	5.0000	2	1.0000	1.0412	0.5204	-0.0024	0.0000	0.5204	0.1485	1.0000	0.1787	0.1787	-0.0000	0.2558
86.0000	39.0000	Focus on Health	Mars	6.0000	6.0000	2.0000	2	1.0000	0.8564	0.4868	0.0129	0.0000	0.4868	0.1736	1.0000	0.2133	0.2133	-0.0000	0.3226
86.0000	40.0000	Focus on Health	Cheerios	5.0000	6.0000	5.0000	5	1.0000	1.0581	0.3695	-0.1330	0.0000	0.3695	0.3108	1.0000	0.1110	0.1112	-0.0002	0.2723
86.0000	41.0000	Respond Naturally	Snickers	6.0000	6.0000	2.0000	3	1.0000	0.9406	0.4533	-0.1081	0.0000	0.4533	0.1535	1.0000	0.1098	0.1100	-0.0001	0.1901
86.0000	42.0000	Respond Naturally	AllBranBar	2.0000	3.0000	4.0000	1	-1.0000	1.1586	0.5707	0.0287	0.0000	0.5707	0.2377	-1.0000	0.0402	0.1259	-0.0857	-0.3943
86.0000	43.0000	Respond Naturally	RomaineLettuce	2.0000	2.0000	6.0000	4	-1.0000	1.2762	0.4703	-0.1408	1.0000	0.7051	0.3095	1.0000	0.2249	0.2342	-0.0093	0.6830
86.0000	44.0000	Respond Naturally	Doritos	2.0000	4.0000	4.0000	5	-1.0000	1.2094	0.7053	-0.0036	0.0000	0.7053	0.2404	-1.0000	0.1511	0.1677	-0.0166	0.2737
86.0000	45.0000	Respond Naturally	RedPepper	1.0000	2.0000	4.0000	5	-1.0000	1.0753	0.5711	0.2145	0.0000	0.5711	0.1207	-1.0000	0.1370	0.1370	-0.0000	0.2334
86.0000	46.0000	Respond Naturally	WaterChestnuts	1.0000	1.0000	5.0000	5	-1.0000	0.9407	0.5038	-0.0274	0.0000	0.5038	0.1790	-1.0000	0.2101	0.2101	-0.0000	0.3432
86.0000	47.0000	Respond Naturally	ProMax	3.0000	3.0000	3.0000	4	-1.0000	1.2424	0.7387	-0.0000	0.0000	0.7387	0.1812	-1.0000	0.2302	0.2431	-0.0129	0.3884
86.0000	48.0000	Respond Naturally	SunChips	5.0000	6.0000	3.0000	4	1.0000	0.8901	0.4367	0.0429	0.0000	0.4367	0.1740	1.0000	0.1425	0.1425	-0.0000	0.2339
86.0000	49.0000	Respond Naturally	BabyFoodSweetPotatos	1.0000	1.0000	5.0000	2	-1.0000	0.8392	0.4027	0.1256	0.0000	0.4027	0.1988	-1.0000	0.0947	0.1250	-0.0302	0.2535
86.0000	50.0000	Respond Naturally	AppleChips	2.0000	1.0000	2.0000	5	-1.0000	0.9740	0.4870	0.0763	0.0000	0.4870	0.1552	-1.0000	0.1376	0.1465	-0.0090	0.2631
86.0000	51.0000	Focus on Health	Fritos	3.0000	4.0000	3.0000	5	-1.0000	1.0750	0.5709	-0.0905	0.0000	0.5709	0.1976	-1.0000	0.0385	0.0635	-0.0250	-0.1452
86.0000	52.0000	Focus on Health	VanillaGreekYogurt	5.0000	6.0000	5.0000	2	1.0000	0.8562	0.4698	0.0480	0.0000	0.4698	0.1946	1.0000	0.0865	0.0868	-0.0003	0.1550
86.0000	53.0000	Focus on Health	Broccoli	2.0000	2.0000	6.0000	4	1.0000	1.4781	0.4533	-0.2006	1.0000	0.7221	0.4471	-1.0000	0.3898	0.4264	-0.0365	1.2436
86.0000	54.0000	Focus on Health	ClifBar	2.0000	3.0000	3.0000	4	-1.0000	2.7192	1.6445	-0.0549	0.0000	1.6445	0.2372	-1.0000	0.1279	0.1449	-0.0170	0.2378
86.0000	55.0000	Focus on Health	HoneyNutCheerios	4.0000	5.0000	5.0000	2	1.0000	1.3940	0.8563	0.0176	0.0000	0.8563	0.1776	1.0000	0.0975	0.0975	-0.0000	0.2019
86.0000	56.0000	Focus on Health	Aero	6.0000	6.0000	2.0000	1	-1.0000	1.7294	1.2757	0.2661	0.0000	1.2757	0.1845	-1.0000	0.2664	0.2870	-0.0206	0.4223
86.0000	57.0000	Focus on Health	SevenGrain	4.0000	4.0000	4.0000	3	1.0000	2.1999	0.8562	-0.0678	1.0000	1.2257	0.2022	-1.0000	0.2516	0.2621	-0.0105	1.2227
86.0000	58.0000	Focus on Health	IceCreamChocolate	4.0000	5.0000	3.0000	4	-1.0000	1.3601	0.8561	0.0969	0.0000	0.8561	0.1589	-1.0000	0.1032	0.1133	-0.0100	0.1700
86.0000	59.0000	Focus on Health	Reese	5.0000	6.0000	2.0000	4	-1.0000	0.9239	0.5374	0.4637	0.0000	0.5374	0.1776	-1.0000	0.1014	0.1038	-0.0025	0.1723
86.0000	60.0000	Focus on Health	Orange	6.0000	6.0000	6.0000	5	1.0000	0.9237	0.5373	-0.0862	0.0000	0.5373	0.2537	1.0000	0.2150	0.2150	-0.0001	0.3383
86.0000	61.0000	Focus on Health	BrusselsSprouts	1.0000	1.0000	5.0000	2	1.0000	1.3269	0.5541	-0.0421	1.0000	0.8900	0.2450	-1.0000	0.4258	0.4258	-0.0000	1.2058
86.0000	62.0000	Focus on Health	FrootLoops	4.0000	6.0000	4.0000	6	-1.0000	3.6614	1.7298	0.1116	1.0000	2.2000	0.0954	1.0000	0.1866	0.1874	-0.0007	0.6188
86.0000	63.0000	Focus on Health	Raspberries	3.0000	5.0000	6.0000	5	1.0000	1.2430	0.5373	-0.1827	0.0000	0.5373	0.2569	1.0000	0.0526	0.0961	-0.0434	0.2031
86.0000	64.0000	Focus on Health	RedPepper	1.0000	2.0000	5.0000	2	1.0000	1.0916	0.6043	-0.0723	0.0000	0.6043	0.1741	1.0000	0.1903	0.1988	-0.0085	0.3342
86.0000	65.0000	Focus on Health	AllBranCereal	3.0000	4.0000	4.0000	6	1.0000	0.9911	0.6044	-0.1503	0.0000	0.6044	0.2332	1.0000	0.2793	0.2793	-0.0000	0.4087
86.0000	66.0000	Focus on Health	Triscuit	5.0000	4.0000	4.0000	2	-1.0000	1.4105	0.8728	0.0256	0.0000	0.8728	0.1788	-1.0000	0.2868	0.2869	-0.0000	0.4276
86.0000	67.0000	Focus on Health	FrozenPeas	2.0000	1.0000	6.0000	6	1.0000	0.8397	0.5206	-0.0491	0.0000	0.5206	0.2468	1.0000	0.3215	0.3216	-0.0001	0.4865
86.0000	68.0000	Focus on Health	OatmealSquares	4.0000	5.0000	4.0000	3	1.0000	1.1415	0.7048	0.0000	0.0000	0.7048	0.1824	1.0000	0.2485	0.2485	-0.0000	0.3638
86.0000	69.0000	Focus on Health	Prunes	1.0000	1.0000	4.0000	5	1.0000	1.0244	0.7052	0.0330	0.0000	0.7052	0.2155	1.0000	0.3243	0.3248	-0.0005	0.4491
86.0000	70.0000	Focus on Health	Snickers	5.0000	6.0000	2.0000	2	-1.0000	0.9239	0.4870	-0.0013	0.0000	0.4870	0.2563	-1.0000	0.3035	0.3161	-0.0126	0.5642
86.0000	71.0000	Respond Naturally	YorkPeppermintPatties	2.0000	2.0000	3.0000	4	-1.0000	2.3184	0.7221	0.0121	3.0000	1.8983	0.2053	1.0000	0.2169	0.2437	-0.0268	0.6511
86.0000	72.0000	Respond Naturally	TofuDessert	1.0000	1.0000	4.0000	2	-1.0000	1.3269	0.6210	0.1135	0.0000	0.6210	0.1531	-1.0000	0.1243	0.1258	-0.0015	0.2469
86.0000	73.0000	Respond Naturally	ClamJuice	1.0000	1.0000	5.0000	1	-1.0000	0.8063	0.3862	0.0599	0.0000	0.3862	0.2121	-1.0000	0.1643	0.1726	-0.0083	0.3239
86.0000	74.0000	Respond Naturally	OikosYogurt	5.0000	6.0000	5.0000	3	1.0000	1.1254	0.6885	-0.2271	0.0000	0.6885	0.2269	1.0000	0.3093	0.3136	-0.0043	0.4883
86.0000	75.0000	Respond Naturally	RaisinBran	3.0000	4.0000	5.0000	7	-1.0000	3.3584	1.8298	-0.0572	1.0000	2.3673	0.2654	1.0000	0.4210	0.4236	-0.0026	0.6652
86.0000	76.0000	Respond Naturally	EnglishCucumber	5.0000	5.0000	6.0000	2	1.0000	0.9740	0.5539	0.1027	0.0000	0.5539	0.1521	1.0000	0.1492	0.1515	-0.0023	0.2314
86.0000	77.0000	Respond Naturally	IceCreamChocolate	3.0000	5.0000	2.0000	1	1.0000	1.2600	0.2519	-0.0125	2.0000	0.8568	0.4058	1.0000	0.6011	0.6011	-0.0000	1.1667
86.0000	78.0000	Respond Naturally	Asparagus	2.0000	1.0000	5.0000	6	-1.0000	1.2093	0.5373	-0.0294	0.0000	0.5373	0.1738	-1.0000	0.1408	0.1483	-0.0074	0.2906
86.0000	79.0000	Respond Naturally	Doritos	2.0000	4.0000	2.0000	2	-1.0000	1.0578	0.3859	-0.2442	1.0000	0.5707	0.2796	1.0000	0.2766	0.3342	-0.0577	0.7927
86.0000	80.0000	Respond Naturally	CornFlakes	4.0000	5.0000	4.0000	3	-1.0000	1.2597	0.7726	0.1385	0.0000	0.7726	0.2177	-1.0000	0.0882	0.0882	-0.0000	0.1691
86.0000	81.0000	Focus on Health	CheeseNips	3.0000	4.0000	3.0000	2	-1.0000	1.0578	0.5709	0.0471	0.0000	0.5709	0.2139	-1.0000	0.1822	0.2064	-0.0241	0.3575
86.0000	82.0000	Focus on Health	PureFit	4.0000	3.0000	4.0000	4	-1.0000	1.2097	0.2016	-0.3212	1.0000	0.3361	0.2265	1.0000	0.1163	0.1599	-0.0436	0.4751
86.0000	83.0000	Focus on Health	SkimMilk	1.0000	1.0000	5.0000	1	-1.0000	0.9239	0.4031	0.1316	0.0000	0.4031	0.2384	-1.0000	0.1226	0.1226	-0.0000	0.2284
86.0000	84.0000	Focus on Health	LaysClassic	4.0000	3.0000	3.0000	3	-1.0000	1.3437	0.6884	0.2345	0.0000	0.6884	0.1066	-1.0000	0.0912	0.0912	-0.0000	0.1720
86.0000	85.0000	Focus on Health	Shreddies	4.0000	5.0000	4.0000	5	-1.0000	1.4274	0.6042	0.1214	0.0000	0.6042	0.2034	-1.0000	0.0997	0.1633	-0.0636	0.3909
86.0000	86.0000	Focus on Health	VegetableThins	4.0000	5.0000	3.0000	2	1.0000	1.2765	0.6379	-0.0451	1.0000	0.8227	0.2789	-1.0000	0.3234	0.3234	-0.0000	0.8745
86.0000	87.0000	Focus on Health	KashiBars	3.0000	2.0000	4.0000	4	-1.0000	1.4949	1.0076	0.2772	0.0000	1.0076	0.2497	-1.0000	0.2220	0.2252	-0.0032	0.3977
86.0000	88.0000	Focus on Health	GreenBeans	3.0000	4.0000	6.0000	4	-1.0000	1.9818	0.9065	0.0175	1.0000	1.4777	0.2022	1.0000	0.5867	0.5867	-0.0000	1.2039
86.0000	89.0000	Focus on Health	Cheetos	4.0000	4.0000	2.0000	3	-1.0000	1.5789	0.6718	-0.4570	0.0000	0.6718	0.1670	-1.0000	0.2987	0.2987	-0.0000	0.5648
86.0000	90.0000	Focus on Health	IceCreamVanilla	6.0000	6.0000	6.0000	1	1.0000	1.0585	0.5712	-0.1096	0.0000	0.5712	0.1515	1.0000	0.2966	0.2966	-0.0000	0.4672
86.0000	91.0000	Respond Naturally	NatureValleyChocolate	5.0000	5.0000	3.0000	1	1.0000	1.3106	0.7560	0.0443	0.0000	0.7560	0.2809	1.0000	0.4039	0.4039	-0.0000	0.6560
86.0000	92.0000	Respond Naturally	MangoChunks	6.0000	6.0000	6.0000	2	1.0000	0.8399	0.3861	0.0227	0.0000	0.3861	0.1250	1.0000	0.2072	0.2072	-0.0000	0.3513
86.0000	93.0000	Respond Naturally	SkittlesSour	6.0000	6.0000	2.0000	3	1.0000	1.0750	0.1175	-0.0358	1.0000	0.5374	0.1797	-1.0000	0.3795	0.3795	-0.0000	0.6614
86.0000	94.0000	Respond Naturally	MnMPeanuts	6.0000	6.0000	2.0000	4	1.0000	0.8063	0.3525	0.0453	0.0000	0.3525	0.1991	1.0000	0.2713	0.2713	-0.0000	0.4644
86.0000	95.0000	Respond Naturally	TofuDessert	1.0000	1.0000	6.0000	4	-1.0000	1.1590	0.4032	0.1189	0.0000	0.4032	0.1590	-1.0000	0.0778	0.0840	-0.0062	0.2315
86.0000	96.0000	Respond Naturally	BabyFoodSweetPotatos	1.0000	2.0000	5.0000	5	-1.0000	0.8566	0.4028	-0.1622	0.0000	0.4028	0.2262	-1.0000	0.1551	0.1553	-0.0002	0.3179
86.0000	97.0000	Respond Naturally	GreenApple	6.0000	6.0000	6.0000	4	1.0000	0.9911	0.4030	-0.1117	1.0000	0.5542	0.2755	-1.0000	0.2746	0.2746	-0.0000	0.5734
86.0000	98.0000	Respond Naturally	SlimStyles	1.0000	1.0000	4.0000	2	-1.0000	0.7895	0.3527	-0.0000	0.0000	0.3527	0.1922	-1.0000	0.1970	0.1977	-0.0007	0.3271
86.0000	99.0000	Respond Naturally	SevenGrain	3.0000	2.0000	4.0000	1	-1.0000	1.3263	0.7049	-0.2154	0.0000	0.7049	0.2293	-1.0000	0.1982	0.1982	-0.0000	0.3395
86.0000	100.0000	Respond Naturally	FrozenOkra	2.0000	1.0000	5.0000	2	-1.0000	1.2265	0.6719	0.1621	0.0000	0.6719	0.1705	-1.0000	0.1661	0.1661	-0.0000	0.3735
86.0000	101.0000	Respond Naturally	Tempeh	1.0000	1.0000	5.0000	2	-1.0000	1.0077	0.5373	0.1225	0.0000	0.5373	0.2293	-1.0000	0.0862	0.1000	-0.0138	0.1850
86.0000	102.0000	Respond Naturally	FrozenCorn	5.0000	6.0000	6.0000	2	1.0000	1.0583	0.5542	0.0066	0.0000	0.5542	0.1546	1.0000	0.2492	0.2517	-0.0024	0.4007
86.0000	103.0000	Respond Naturally	PopTartStrawberry	5.0000	6.0000	3.0000	2	1.0000	1.0584	0.5375	-0.1488	0.0000	0.5375	0.1559	1.0000	0.3624	0.3626	-0.0001	0.5646
86.0000	104.0000	Respond Naturally	WaterChestnuts	1.0000	1.0000	5.0000	3	-1.0000	0.8395	0.4701	0.1783	0.0000	0.4701	0.1786	-1.0000	0.2874	0.2874	-0.0000	0.4660
86.0000	105.0000	Respond Naturally	FrozenPeas	1.0000	2.0000	5.0000	2	-1.0000	1.2431	0.4702	0.1024	1.0000	0.8063	0.2833	1.0000	0.4910	0.4910	-0.0000	0.8067
86.0000	106.0000	Respond Naturally	VanillaGreekYogurt	6.0000	6.0000	5.0000	4	1.0000	0.8062	0.4032	0.0997	0.0000	0.4032	0.1620	1.0000	0.2255	0.2255	-0.0000	0.3776
86.0000	107.0000	Respond Naturally	CheeseNips	3.0000	3.0000	3.0000	5	-1.0000	0.9575	0.5206	0.1420	0.0000	0.5206	0.1992	-1.0000	0.1676	0.1851	-0.0175	0.3327
86.0000	108.0000	Respond Naturally	Almonds	4.0000	6.0000	4.0000	4	1.0000	1.6967	0.3863	0.1286	1.0000	0.6047	0.2006	-1.0000	0.3018	0.3018	-0.0000	1.0157
86.0000	109.0000	Respond Naturally	Nutella	2.0000	3.0000	2.0000	1	-1.0000	1.0583	0.6382	0.1592	0.0000	0.6382	0.2319	-1.0000	0.2162	0.2162	-0.0000	0.3697
86.0000	110.0000	Respond Naturally	Beets	1.0000	1.0000	3.0000	5	-1.0000	0.9405	0.5708	-0.0765	0.0000	0.5708	0.1572	-1.0000	0.3001	0.3033	-0.0032	0.4575
86.0000	111.0000	Focus on Health	SpeltCakes	4.0000	4.0000	4.0000	2	-1.0000	1.3270	0.5206	-0.3361	0.0000	0.5206	0.1541	-1.0000	0.1678	0.1678	-0.0000	0.2963
86.0000	112.0000	Focus on Health	CannedArtichoke	1.0000	1.0000	4.0000	2	1.0000	2.3348	1.0577	0.0000	2.0000	1.8639	0.2944	1.0000	0.3756	0.3756	-0.0000	1.0387
86.0000	113.0000	Focus on Health	PCChipCookie	1.0000	1.0000	2.0000	2	-1.0000	0.9908	0.5876	-0.2928	0.0000	0.5876	0.2211	-1.0000	0.2082	0.2218	-0.0136	0.3705
86.0000	114.0000	Focus on Health	Mackerel	1.0000	1.0000	5.0000	1	1.0000	1.1756	0.4534	-0.4812	0.0000	0.4534	0.1174	1.0000	0.2770	0.2771	-0.0001	0.4460
86.0000	115.0000	Focus on Health	Twizzlers	5.0000	6.0000	1.0000	4	-1.0000	1.1919	0.6043	-0.0868	0.0000	0.6043	0.1784	-1.0000	0.1828	0.1828	-0.0000	0.3043
86.0000	116.0000	Focus on Health	RitzCrackers	5.0000	6.0000	3.0000	2	-1.0000	1.1925	0.7388	0.2270	0.0000	0.7388	0.1527	-1.0000	0.2258	0.2323	-0.0065	0.3764
86.0000	117.0000	Focus on Health	Nutella	2.0000	3.0000	2.0000	4	-1.0000	1.7133	0.2852	0.0591	2.0000	1.2429	0.2856	-1.0000	0.5780	0.5780	-0.0000	1.1099
86.0000	118.0000	Focus on Health	OatBran	2.0000	1.0000	5.0000	2	1.0000	1.2088	0.4867	0.1444	1.0000	0.6379	0.1803	-1.0000	0.2112	0.2112	-0.0000	0.4243
86.0000	119.0000	Focus on Health	SkimMilk	1.0000	1.0000	5.0000	4	1.0000	1.0748	0.4031	0.0255	1.0000	0.5710	0.1453	-1.0000	0.2433	0.2433	-0.0000	0.4318
86.0000	120.0000	Focus on Health	Caramilk	6.0000	6.0000	2.0000	5	-1.0000	0.9065	0.3861	-0.1211	0.0000	0.3861	0.1490	-1.0000	0.1226	0.1271	-0.0045	0.2534
86.0000	121.0000	Respond Naturally	Beets	1.0000	1.0000	3.0000	2	-1.0000	1.0583	0.4367	0.1895	0.0000	0.4367	0.1769	-1.0000	0.0939	0.1035	-0.0096	0.2342
86.0000	122.0000	Respond Naturally	Skittles	6.0000	6.0000	2.0000	6	1.0000	0.8232	0.4030	0.0802	0.0000	0.4030	0.2863	1.0000	0.0821	0.0886	-0.0065	0.2293
86.0000	123.0000	Respond Naturally	WelchsFruitSnacks	2.0000	4.0000	2.0000	1	-1.0000	1.1087	0.3022	0.0716	2.0000	0.5375	0.1872	-1.0000	0.1052	0.1401	-0.0349	0.3228
86.0000	124.0000	Respond Naturally	Twizzlers	5.0000	6.0000	2.0000	2	1.0000	1.0250	0.5543	-0.0549	0.0000	0.5543	0.1665	1.0000	0.1785	0.1809	-0.0024	0.2934
86.0000	125.0000	Respond Naturally	Orange	6.0000	6.0000	6.0000	1	1.0000	0.9570	0.3526	0.1032	1.0000	0.5207	0.2670	-1.0000	0.3382	0.3382	-0.0000	1.0406
86.0000	126.0000	Respond Naturally	DriedApricots	4.0000	3.0000	5.0000	2	-1.0000	4.7193	1.2086	0.0545	2.0000	3.6775	0.3315	-1.0000	0.3613	0.3786	-0.0173	1.6655
86.0000	127.0000	Respond Naturally	Smarties	3.0000	6.0000	2.0000	5	-1.0000	1.2266	0.3360	0.0697	1.0000	0.8065	0.3986	1.0000	0.2398	0.2564	-0.0165	0.6894
86.0000	128.0000	Respond Naturally	VegetableThins	4.0000	5.0000	3.0000	5	1.0000	1.5956	0.9907	0.0121	0.0000	0.9907	0.2019	1.0000	0.2581	0.2668	-0.0087	0.4078
86.0000	129.0000	Respond Naturally	Mackerel	1.0000	1.0000	5.0000	3	-1.0000	1.0585	0.4196	0.3459	1.0000	0.5877	0.2790	1.0000	0.1158	0.1600	-0.0441	0.3892
86.0000	130.0000	Respond Naturally	Skittles	6.0000	6.0000	2.0000	3	1.0000	0.7557	0.3695	-0.1157	0.0000	0.3695	0.1781	1.0000	0.2543	0.2543	-0.0000	0.3898
86.0000	131.0000	Focus on Health	LaysClassic	3.0000	4.0000	2.0000	4	-1.0000	1.3607	0.5711	0.3167	0.0000	0.5711	0.1524	-1.0000	0.0569	0.0786	-0.0217	0.2591
86.0000	132.0000	Focus on Health	RiceKrispiesCereal	5.0000	6.0000	5.0000	3	1.0000	0.9238	0.5205	-0.5079	0.0000	0.5205	0.1955	1.0000	0.2593	0.2607	-0.0014	0.3980
86.0000	133.0000	Focus on Health	SpeltCakes	3.0000	4.0000	4.0000	5	-1.0000	1.0244	0.4531	-0.0691	0.0000	0.4531	0.1534	-1.0000	0.2101	0.2101	-0.0000	0.3034
86.0000	134.0000	Focus on Health	DriedApricots	4.0000	2.0000	5.0000	5	1.0000	1.2596	0.7555	-0.5529	0.0000	0.7555	0.2023	1.0000	0.1261	0.1261	-0.0000	0.1965
86.0000	135.0000	Focus on Health	Fritos	3.0000	2.0000	3.0000	2	-1.0000	1.3268	0.7220	0.1528	0.0000	0.7220	0.1991	-1.0000	0.0247	0.0588	-0.0341	-0.2542
86.0000	136.0000	Focus on Health	FrozenBlueberries	3.0000	4.0000	6.0000	1	1.0000	0.8737	0.4869	-0.0075	0.0000	0.4869	0.1510	1.0000	0.2226	0.2227	-0.0001	0.3521
86.0000	137.0000	Focus on Health	GreenGrapes	6.0000	6.0000	6.0000	1	1.0000	1.1255	0.5206	0.1017	0.0000	0.5206	0.1575	1.0000	0.1646	0.1647	-0.0000	0.2588
86.0000	138.0000	Focus on Health	KashiBars	3.0000	3.0000	4.0000	1	1.0000	1.7805	0.7052	-0.1808	1.0000	1.2092	0.2125	-1.0000	0.3866	0.3974	-0.0108	0.6885
86.0000	139.0000	Focus on Health	FrozenBlueberries	2.0000	5.0000	6.0000	3	1.0000	0.8733	0.3695	-0.1273	0.0000	0.3695	0.2811	1.0000	0.1072	0.1236	-0.0164	0.2628
86.0000	140.0000	Focus on Health	CoffeeCrisp	4.0000	5.0000	2.0000	3	-1.0000	1.3271	0.4701	-0.1605	0.0000	0.4701	0.1269	-1.0000	0.2177	0.2177	-0.0000	0.3639
86.0000	141.0000	Respond Naturally	MnMPlain	6.0000	6.0000	2.0000	3	1.0000	1.4277	0.9740	0.0207	0.0000	0.9740	0.1558	1.0000	0.2709	0.2808	-0.0099	0.3833
86.0000	142.0000	Respond Naturally	OatmealSquares	3.0000	4.0000	5.0000	7	-1.0000	1.5455	0.5876	0.2303	1.0000	0.9739	0.2576	1.0000	0.2999	0.3305	-0.0306	1.0776
86.0000	143.0000	Respond Naturally	Tempeh	2.0000	1.0000	5.0000	4	-1.0000	0.8902	0.4699	0.0520	0.0000	0.4699	0.1504	-1.0000	0.1496	0.1496	-0.0000	0.2366
86.0000	144.0000	Respond Naturally	FrozenBroccoli	2.0000	2.0000	6.0000	6	-1.0000	1.3773	0.4869	0.0351	1.0000	0.8060	0.2647	1.0000	0.4723	0.4862	-0.0138	1.3734
86.0000	145.0000	Respond Naturally	Spinach	1.0000	2.0000	5.0000	2	-1.0000	1.1082	0.6211	0.0044	0.0000	0.6211	0.2802	-1.0000	0.0969	0.0969	-0.0000	0.1598
86.0000	146.0000	Respond Naturally	BabyFoodCarrots	1.0000	1.0000	5.0000	5	-1.0000	0.8898	0.4867	-0.2941	0.0000	0.4867	0.2272	-1.0000	0.3441	0.3441	-0.0000	0.5140
86.0000	147.0000	Respond Naturally	PCChipCookie	1.0000	1.0000	2.0000	5	-1.0000	1.3770	0.8226	-0.1774	0.0000	0.8226	0.2313	-1.0000	0.3515	0.3727	-0.0212	0.5913
86.0000	148.0000	Respond Naturally	Cauliflower	1.0000	1.0000	5.0000	6	-1.0000	0.8901	0.4701	0.0264	0.0000	0.4701	0.3074	-1.0000	0.2353	0.2353	-0.0000	0.3538
86.0000	149.0000	Respond Naturally	CannedArtichoke	1.0000	1.0000	5.0000	5	-1.0000	1.2426	0.7387	0.0064	0.0000	0.7387	0.2300	-1.0000	0.2109	0.2109	-0.0000	0.3263
86.0000	150.0000	Respond Naturally	BBQCrisps	5.0000	4.0000	2.0000	2	-1.0000	2.2673	1.1248	0.0759	1.0000	1.5618	0.1262	1.0000	0.2059	0.2066	-0.0007	0.4825
86.0000	151.0000	Focus on Health	Avocado	4.0000	4.0000	6.0000	2	1.0000	2.1666	0.5372	-0.0654	1.0000	1.7130	0.2895	-1.0000	0.7941	0.7941	-0.0000	1.2350
86.0000	152.0000	Focus on Health	Triscuit	3.0000	5.0000	4.0000	5	1.0000	2.1167	0.6211	0.2798	2.0000	1.2092	0.4212	1.0000	0.5177	0.5469	-0.0293	1.5424
86.0000	153.0000	Focus on Health	BabyFoodCarrots	1.0000	1.0000	5.0000	3	1.0000	1.6792	0.7887	-0.1369	1.0000	1.1415	0.3828	-1.0000	0.4081	0.4169	-0.0089	1.2279
86.0000	154.0000	Focus on Health	Spinach	1.0000	2.0000	5.0000	4	1.0000	1.2427	0.4866	0.1607	0.0000	0.4866	0.2038	1.0000	0.2628	0.2628	-0.0000	0.5348
86.0000	155.0000	Focus on Health	Bananas	6.0000	6.0000	6.0000	2	1.0000	0.8902	0.4199	0.2023	0.0000	0.4199	0.1732	1.0000	0.1624	0.1624	-0.0000	0.3476
86.0000	156.0000	Focus on Health	Aero	6.0000	6.0000	2.0000	3	-1.0000	0.9739	0.4867	0.0339	0.0000	0.4867	0.1019	-1.0000	0.1226	0.1226	-0.0000	0.1642
86.0000	157.0000	Focus on Health	Cauliflower	1.0000	1.0000	6.0000	2	1.0000	0.8401	0.4366	-0.1113	0.0000	0.4366	0.1821	1.0000	0.1704	0.1704	-0.0000	0.3372
86.0000	158.0000	Focus on Health	GreenGrapes	6.0000	6.0000	6.0000	4	1.0000	0.8903	0.4534	-0.0491	0.0000	0.4534	0.2608	1.0000	0.1710	0.1801	-0.0092	0.3215
86.0000	159.0000	Focus on Health	RufflesSourCreamOnion	3.0000	4.0000	3.0000	3	-1.0000	1.2432	0.3360	-0.3931	1.0000	0.8399	0.1175	1.0000	0.3746	0.3746	-0.0000	0.5755
86.0000	160.0000	Focus on Health	GreenPepper	1.0000	2.0000	4.0000	2	1.0000	0.9745	0.5039	-0.1654	0.0000	0.5039	0.1686	1.0000	0.2492	0.2569	-0.0076	0.4375
86.0000	161.0000	Focus on Health	MnMPeanuts	6.0000	6.0000	2.0000	2	-1.0000	1.4281	0.2855	-0.3225	1.0000	0.8400	0.2611	1.0000	0.4317	0.4755	-0.0439	1.4749
86.0000	162.0000	Focus on Health	GreenPepper	1.0000	2.0000	5.0000	6	1.0000	1.4106	0.9402	-0.0469	0.0000	0.9402	0.2519	1.0000	0.1371	0.1576	-0.0206	0.2282
86.0000	163.0000	Focus on Health	Asparagus	2.0000	3.0000	5.0000	3	1.0000	1.0752	0.4703	-0.2115	0.0000	0.4703	0.2311	1.0000	0.1279	0.1576	-0.0296	0.3386
86.0000	164.0000	Focus on Health	CoffeeCrisp	4.0000	5.0000	2.0000	1	-1.0000	1.2934	0.2854	-0.0283	1.0000	0.9573	0.2829	1.0000	0.5624	0.5628	-0.0003	0.9050
86.0000	165.0000	Focus on Health	Celery	3.0000	4.0000	6.0000	2	1.0000	0.9909	0.4699	-0.1755	0.0000	0.4699	0.1393	1.0000	0.2275	0.2283	-0.0008	0.3309
86.0000	166.0000	Focus on Health	FrootLoops	4.0000	6.0000	4.0000	2	-1.0000	1.2096	0.3526	0.1074	0.0000	0.3526	0.1007	-1.0000	0.0754	0.0754	-0.0000	0.1284
86.0000	167.0000	Focus on Health	FrozenCorn	5.0000	6.0000	5.0000	4	1.0000	0.8570	0.2689	-0.0823	0.0000	0.2689	0.2288	1.0000	0.4437	0.4579	-0.0142	1.0016
86.0000	168.0000	Focus on Health	SlicedTurkey	5.0000	6.0000	5.0000	5	1.0000	1.2257	0.5374	0.2682	1.0000	0.7390	0.1581	-1.0000	0.3024	0.3024	-0.0000	0.6777
86.0000	169.0000	Focus on Health	FrozenOkra	3.0000	1.0000	5.0000	5	1.0000	1.7472	0.4869	-0.1406	0.0000	0.4869	0.1655	1.0000	0.2483	0.2499	-0.0016	0.5203
86.0000	170.0000	Focus on Health	Starburst	4.0000	4.0000	4.0000	3	-1.0000	1.0078	0.5374	-0.0999	0.0000	0.5374	0.2301	-1.0000	0.4290	0.4290	-0.0000	0.6070
86.0000	171.0000	Respond Naturally	SkittlesSour	6.0000	6.0000	2.0000	6	1.0000	1.2922	0.5537	-0.0109	1.0000	0.9228	0.2065	-1.0000	0.3830	0.3860	-0.0030	0.6117
86.0000	172.0000	Respond Naturally	MnMPlain	6.0000	6.0000	2.0000	5	1.0000	1.0236	0.4025	-0.0280	0.0000	0.4025	0.2504	1.0000	0.1782	0.2073	-0.0291	0.4486
86.0000	173.0000	Respond Naturally	WelchsFruitSnacks	3.0000	4.0000	3.0000	3	-1.0000	1.2082	0.5369	-0.0977	0.0000	0.5369	0.2688	-1.0000	0.2285	0.2350	-0.0065	0.4848
86.0000	174.0000	Respond Naturally	AppleChips	2.0000	2.0000	3.0000	2	-1.0000	1.0903	0.4363	0.1874	1.0000	0.6542	0.1693	1.0000	0.2282	0.2495	-0.0213	0.5809
86.0000	175.0000	Respond Naturally	Starburst	3.0000	4.0000	3.0000	6	-1.0000	1.1247	0.5371	-0.1126	0.0000	0.5371	0.2080	-1.0000	0.2193	0.2552	-0.0360	0.5053
86.0000	176.0000	Respond Naturally	Tuna	3.0000	2.0000	5.0000	4	-1.0000	1.2924	0.5537	-0.2205	0.0000	0.5537	0.1824	-1.0000	0.1523	0.1768	-0.0245	0.3574
86.0000	177.0000	Respond Naturally	Almonds	5.0000	5.0000	4.0000	2	1.0000	1.1580	0.4865	-0.1597	1.0000	0.7384	0.2635	-1.0000	0.5442	0.5453	-0.0010	1.3964
86.0000	178.0000	Respond Naturally	GreenApple	6.0000	6.0000	6.0000	2	1.0000	1.2253	0.4699	-0.1618	0.0000	0.4699	0.1732	1.0000	0.2266	0.2266	-0.0000	0.4211
86.0000	179.0000	Respond Naturally	AllBranCereal	4.0000	4.0000	4.0000	2	-1.0000	0.8391	0.5034	-0.1676	0.0000	0.5034	0.2428	-1.0000	0.2413	0.2413	-0.0000	0.3570
86.0000	180.0000	Respond Naturally	Strawberries	6.0000	6.0000	6.0000	2	1.0000	0.7722	0.3692	-0.2300	0.0000	0.3692	0.1739	1.0000	0.2911	0.2911	-0.0000	0.4671
86.0000	181.0000	Respond Naturally	OikosYogurt	5.0000	6.0000	5.0000	6	1.0000	1.5106	0.4530	0.0693	0.0000	0.4530	0.1251	1.0000	0.0579	0.0772	-0.0193	0.2138
86.0000	182.0000	Respond Naturally	HoneyNutCheerios	4.0000	6.0000	5.0000	5	1.0000	0.8894	0.4194	0.0000	0.0000	0.4194	0.0975	1.0000	0.1995	0.1995	-0.0000	0.2959
86.0000	183.0000	Respond Naturally	Mentos	4.0000	4.0000	2.0000	5	1.0000	1.0400	0.4193	-0.0145	0.0000	0.4193	0.1924	1.0000	0.1126	0.1242	-0.0116	0.2745
86.0000	184.0000	Respond Naturally	Tuna	2.0000	1.0000	5.0000	2	-1.0000	0.8056	0.4530	-0.3431	0.0000	0.4530	0.2080	-1.0000	0.2776	0.2777	-0.0001	0.4157
86.0000	185.0000	Respond Naturally	Cheetos	4.0000	4.0000	1.0000	6	-1.0000	1.2249	0.5365	0.2144	0.0000	0.5365	0.1040	-1.0000	0.1162	0.1271	-0.0109	0.2445
86.0000	186.0000	Respond Naturally	ClifBar	2.0000	2.0000	3.0000	2	-1.0000	1.7451	0.4529	0.1056	1.0000	0.7043	0.1672	1.0000	0.1570	0.1741	-0.0171	0.5242
86.0000	187.0000	Respond Naturally	RaisinBran	3.0000	3.0000	5.0000	3	-1.0000	1.0072	0.4196	0.2828	0.0000	0.4196	0.1948	-1.0000	0.1191	0.1349	-0.0158	0.2706
86.0000	188.0000	Respond Naturally	RiceKrispiesCereal	5.0000	5.0000	5.0000	7	1.0000	0.8387	0.4527	0.0007	0.0000	0.4527	0.1784	1.0000	0.2070	0.2070	-0.0000	0.3438
86.0000	189.0000	Respond Naturally	RomaineLettuce	2.0000	1.0000	6.0000	2	-1.0000	1.2087	0.4868	0.6465	0.0000	0.4868	0.1710	-1.0000	0.0598	0.0598	-0.0000	0.2173
86.0000	190.0000	Respond Naturally	Avocado	3.0000	4.0000	6.0000	5	-1.0000	1.4603	0.6210	0.2668	0.0000	0.6210	0.1158	-1.0000	0.1361	0.1411	-0.0050	0.3490
86.0000	191.0000	Focus on Health	Butternut	2.0000	1.0000	4.0000	7	1.0000	1.7288	0.5201	-0.1304	2.0000	1.1077	0.2139	1.0000	0.3104	0.3328	-0.0224	1.0620
86.0000	192.0000	Focus on Health	Smartfood	5.0000	6.0000	2.0000	2	-1.0000	0.9732	0.5032	0.1740	0.0000	0.5032	0.1194	-1.0000	0.1279	0.1279	-0.0000	0.2043
86.0000	193.0000	Focus on Health	Pringles	4.0000	6.0000	3.0000	2	-1.0000	1.6798	0.7723	-0.1416	1.0000	1.0580	0.4008	1.0000	0.2888	0.3438	-0.0550	1.2559
86.0000	194.0000	Focus on Health	DriedHerring	1.0000	1.0000	5.0000	1	1.0000	1.1423	0.4535	-0.2865	1.0000	0.6383	0.5789	-1.0000	0.4816	0.4877	-0.0061	1.5578
86.0000	195.0000	Focus on Health	YorkPeppermintPatties	2.0000	1.0000	2.0000	2	1.0000	2.6204	1.4104	-0.2213	0.0000	1.4104	0.1175	1.0000	0.1016	0.1181	-0.0164	0.2066
86.0000	196.0000	Focus on Health	Smarties	3.0000	6.0000	2.0000	2	-1.0000	2.5527	0.9069	-0.0281	0.0000	0.9069	0.2498	-1.0000	0.2297	0.2668	-0.0371	0.8283
86.0000	197.0000	Focus on Health	FrozenPeaches	6.0000	6.0000	6.0000	2	1.0000	1.2928	0.8391	-0.2373	0.0000	0.8391	0.1965	1.0000	0.2404	0.2406	-0.0001	0.3367
86.0000	198.0000	Focus on Health	Bananas	6.0000	6.0000	6.0000	3	1.0000	1.0413	0.5876	0.1032	0.0000	0.5876	0.1525	1.0000	0.1154	0.1280	-0.0127	0.2093
86.0000	199.0000	Focus on Health	Caramilk	6.0000	6.0000	2.0000	2	-1.0000	1.5451	0.4199	0.0940	0.0000	0.4199	0.1582	-1.0000	0.1490	0.1609	-0.0119	0.3946
86.0000	200.0000	Focus on Health	Mentos	4.0000	6.0000	3.0000	2	-1.0000	1.4111	0.4534	-0.1795	1.0000	0.7223	0.2291	1.0000	0.1498	0.1927	-0.0429	0.7270
