Subject	Trial	Instruction	Food	Liking	Taste	Health	Amount	Choice	ChoiceRT	FirstDevTimeChoice	InitAngleChoice	NumChangeMindChoice	FinalDevTimeChoice	MaxVelocityChoice	DrxFirstDevChoice	TotalAUCChoice	AUCtoNonChosenChoice	AUCtoChosenChoice	MaxDevChoice
28.0000	1.0000	Respond Naturally	IceCreamChocolate	6.0000	6.0000	1.0000	1	1.0000	1.0756	0.5380	0.0301	0.0000	0.5380	0.1302	1.0000	0.1848	0.1848	-0.0000	0.3015
28.0000	2.0000	Respond Naturally	ProMax	4.0000	3.0000	4.0000	2	-1.0000	1.2281	0.4884	-0.0069	0.0000	0.4884	0.1851	-1.0000	0.1774	0.1774	-0.0000	0.3714
28.0000	3.0000	Respond Naturally	DriedApricots	3.0000	4.0000	6.0000	2	1.0000	1.0087	0.4707	0.1412	0.0000	0.4707	0.3010	1.0000	0.1483	0.1783	-0.0300	0.3431
28.0000	4.0000	Respond Naturally	SunChips	1.0000	1.0000	1.0000	4	-1.0000	1.0757	0.3696	0.3044	0.0000	0.3696	0.0892	-1.0000	0.0785	0.0811	-0.0026	0.1367
28.0000	5.0000	Respond Naturally	Skittles	4.0000	3.0000	1.0000	6	-1.0000	1.1089	0.4202	-0.0773	0.0000	0.4202	0.1408	-1.0000	0.1559	0.1559	-0.0000	0.2513
28.0000	6.0000	Respond Naturally	GreenBeans	5.0000	5.0000	6.0000	4	-1.0000	1.4627	0.2690	0.1109	2.0000	0.7398	0.4369	-1.0000	0.4385	0.4385	-0.0000	1.3810
28.0000	7.0000	Respond Naturally	MangoChunks	6.0000	6.0000	6.0000	5	1.0000	1.0589	0.3193	0.0811	1.0000	0.5378	0.3009	-1.0000	0.2413	0.2413	-0.0000	0.8650
28.0000	8.0000	Respond Naturally	CheeseNips	1.0000	1.0000	2.0000	5	-1.0000	0.9921	0.4036	-0.4691	0.0000	0.4036	0.1877	-1.0000	0.2696	0.2696	-0.0000	0.4549
28.0000	9.0000	Respond Naturally	FrozenBroccoli	5.0000	4.0000	6.0000	6	-1.0000	1.2944	0.3697	-0.1126	2.0000	0.7398	0.3294	-1.0000	0.4202	0.4202	-0.0000	1.3920
28.0000	10.0000	Respond Naturally	GreenGrapes	5.0000	4.0000	6.0000	4	1.0000	1.1431	0.3865	0.3205	1.0000	0.5714	0.5159	-1.0000	0.2967	0.3443	-0.0476	1.2596
28.0000	11.0000	Focus on Health	FrozenCorn	5.0000	5.0000	5.0000	2	1.0000	1.1935	0.2522	-0.0324	1.0000	0.4035	0.4220	-1.0000	0.1640	0.1921	-0.0281	0.9342
28.0000	12.0000	Focus on Health	Cheetos	2.0000	1.0000	1.0000	3	-1.0000	1.0927	0.3530	-0.1871	0.0000	0.3530	0.1257	-1.0000	0.1070	0.1396	-0.0326	0.3750
28.0000	13.0000	Focus on Health	SkimMilk	4.0000	4.0000	6.0000	1	1.0000	1.4964	0.3699	-0.0293	1.0000	0.7734	0.2935	-1.0000	0.3229	0.3229	-0.0000	1.0877
28.0000	14.0000	Focus on Health	RufflesSourCreamOnion	6.0000	6.0000	1.0000	5	1.0000	0.9917	0.2687	-0.1578	1.0000	0.5377	0.3828	-1.0000	0.1716	0.1816	-0.0101	0.5290
28.0000	15.0000	Focus on Health	AllBranCereal	2.0000	2.0000	6.0000	6	-1.0000	1.1093	0.5211	0.0980	0.0000	0.5211	0.1436	-1.0000	0.1140	0.1141	-0.0001	0.1891
28.0000	16.0000	Focus on Health	AppleChips	5.0000	5.0000	4.0000	5	1.0000	0.9079	0.1849	-0.2919	0.0000	0.1849	0.1464	1.0000	0.1251	0.1251	-0.0000	0.2523
28.0000	17.0000	Focus on Health	SunChips	1.0000	1.0000	1.0000	2	-1.0000	0.8403	0.3024	-0.0125	0.0000	0.3024	0.1470	-1.0000	0.0720	0.0768	-0.0048	0.1706
28.0000	18.0000	Focus on Health	Tuna	5.0000	5.0000	6.0000	2	1.0000	1.0087	0.5379	0.1299	0.0000	0.5379	0.2789	1.0000	0.1495	0.1560	-0.0065	0.3611
28.0000	19.0000	Focus on Health	VanillaGreekYogurt	1.0000	2.0000	6.0000	4	-1.0000	1.3617	0.3866	-0.1618	2.0000	0.7396	0.3024	-1.0000	0.1393	0.1558	-0.0164	0.5375
28.0000	20.0000	Focus on Health	GreenApple	6.0000	6.0000	6.0000	4	1.0000	1.0425	0.3027	-0.1830	0.0000	0.3027	0.1085	1.0000	0.1387	0.1387	-0.0000	0.3756
28.0000	21.0000	Respond Naturally	BrusselsSprouts	4.0000	4.0000	6.0000	4	-1.0000	1.0246	0.1513	0.4283	1.0000	0.4709	0.2347	1.0000	0.2204	0.2789	-0.0586	1.0260
28.0000	22.0000	Respond Naturally	Mackerel	5.0000	4.0000	5.0000	1	-1.0000	1.7146	0.4034	-0.2187	4.0000	1.1263	0.3474	-1.0000	0.4769	0.4770	-0.0001	1.2884
28.0000	23.0000	Respond Naturally	Aero	6.0000	6.0000	1.0000	1	1.0000	1.0419	0.4538	0.0929	0.0000	0.4538	0.1422	1.0000	0.0707	0.0810	-0.0102	0.1765
28.0000	24.0000	Respond Naturally	Orange	6.0000	4.0000	6.0000	5	1.0000	1.1771	0.2690	0.0000	1.0000	0.6726	0.3566	-1.0000	0.1651	0.1949	-0.0298	0.8321
28.0000	25.0000	Respond Naturally	Twizzlers	1.0000	1.0000	1.0000	2	-1.0000	1.0754	0.3863	-0.6994	0.0000	0.3863	0.2257	-1.0000	0.0788	0.1175	-0.0386	0.2492
28.0000	26.0000	Respond Naturally	FrozenCorn	6.0000	6.0000	6.0000	4	1.0000	4.4706	0.3027	0.0986	4.0000	3.6805	0.4130	1.0000	0.1202	0.1263	-0.0060	0.9437
28.0000	27.0000	Respond Naturally	Broccoli	6.0000	5.0000	6.0000	4	-1.0000	1.5963	0.6222	-0.0071	0.0000	0.6222	0.2076	-1.0000	0.0548	0.0813	-0.0264	0.2626
28.0000	28.0000	Respond Naturally	Mars	6.0000	6.0000	2.0000	2	1.0000	0.9417	0.4035	0.7693	0.0000	0.4035	0.2136	1.0000	0.0466	0.0575	-0.0109	0.2077
28.0000	29.0000	Respond Naturally	BabyFoodSweetPotatos	4.0000	1.0000	5.0000	2	1.0000	3.8490	0.4877	-0.4520	5.0000	3.1270	0.3851	-1.0000	0.5477	0.5505	-0.0028	1.6271
28.0000	30.0000	Respond Naturally	SlicedTurkey	2.0000	3.0000	4.0000	5	1.0000	1.8154	0.2016	0.3693	1.0000	0.8908	0.2588	-1.0000	0.5614	0.5899	-0.0285	1.4765
28.0000	31.0000	Focus on Health	SlimStyles	3.0000	3.0000	3.0000	2	1.0000	1.6140	0.2858	-0.4900	3.0000	1.0760	0.2826	-1.0000	0.2335	0.2386	-0.0052	0.8794
28.0000	32.0000	Focus on Health	DriedHerring	5.0000	4.0000	5.0000	3	1.0000	1.1935	0.3362	0.0080	1.0000	0.4874	0.2000	-1.0000	0.1024	0.1335	-0.0311	0.5288
28.0000	33.0000	Focus on Health	BBQCrisps	2.0000	3.0000	2.0000	2	1.0000	2.0506	0.2015	1.0432	5.0000	1.5798	0.3483	-1.0000	0.2121	0.2379	-0.0259	1.2218
28.0000	34.0000	Focus on Health	CannedArtichoke	5.0000	4.0000	5.0000	2	1.0000	1.2610	0.3363	-0.0784	1.0000	0.5548	0.1551	-1.0000	0.1181	0.1273	-0.0092	0.4140
28.0000	35.0000	Focus on Health	AlmondMilk	4.0000	3.0000	5.0000	4	-1.0000	1.5298	0.4874	-0.8961	1.0000	0.6724	0.2548	1.0000	0.3063	0.3150	-0.0087	1.1102
28.0000	36.0000	Focus on Health	RomaineLettuce	6.0000	6.0000	6.0000	2	1.0000	1.2945	0.2186	0.8564	1.0000	0.4204	0.1356	-1.0000	0.0767	0.0865	-0.0097	0.3584
28.0000	37.0000	Focus on Health	SlimStyles	3.0000	3.0000	3.0000	6	-1.0000	1.3118	0.3363	-0.2902	2.0000	0.7400	0.3026	-1.0000	0.0958	0.1175	-0.0217	0.4584
28.0000	38.0000	Focus on Health	Smartfood	6.0000	5.0000	4.0000	4	1.0000	1.0762	0.5044	0.4272	0.0000	0.5044	0.1686	1.0000	0.1113	0.1197	-0.0084	0.5070
28.0000	39.0000	Focus on Health	Beets	3.0000	2.0000	6.0000	5	-1.0000	0.9748	0.1680	0.3605	0.0000	0.1680	0.0947	-1.0000	-0.0351	0.0068	-0.0419	-0.1172
28.0000	40.0000	Focus on Health	IceCreamVanilla	6.0000	6.0000	1.0000	1	1.0000	1.3612	0.4704	-0.1304	0.0000	0.4704	0.2263	1.0000	0.1696	0.1700	-0.0004	0.6269
28.0000	41.0000	Focus on Health	OatmealSquares	6.0000	4.0000	5.0000	3	1.0000	0.9580	0.3192	-0.0924	0.0000	0.3192	0.1780	1.0000	0.0651	0.0980	-0.0329	0.2208
28.0000	42.0000	Focus on Health	Skittles	3.0000	4.0000	1.0000	3	1.0000	0.9912	0.2685	-0.3571	0.0000	0.2685	0.1980	1.0000	0.1320	0.1327	-0.0007	0.3224
28.0000	43.0000	Focus on Health	FrozenPeas	2.0000	2.0000	5.0000	2	1.0000	1.1084	0.4366	0.0000	1.0000	0.6215	0.4324	-1.0000	0.2460	0.2564	-0.0105	1.1896
28.0000	44.0000	Focus on Health	RufflesSourCreamOnion	6.0000	6.0000	1.0000	3	1.0000	0.9247	0.2353	-0.6116	0.0000	0.2353	0.1101	1.0000	0.1800	0.1800	-0.0000	0.4181
28.0000	45.0000	Focus on Health	IceCreamChocolate	6.0000	6.0000	1.0000	4	1.0000	1.0425	0.5213	0.0649	0.0000	0.5213	0.1516	1.0000	0.0587	0.0748	-0.0161	0.1928
28.0000	46.0000	Focus on Health	GreenPepper	5.0000	5.0000	6.0000	2	1.0000	0.8240	0.3027	0.2799	0.0000	0.3027	0.2029	1.0000	0.0858	0.0909	-0.0050	0.1804
28.0000	47.0000	Focus on Health	Pringles	3.0000	4.0000	1.0000	2	1.0000	0.9917	0.3526	0.0542	0.0000	0.3526	0.1371	1.0000	0.0652	0.0760	-0.0108	0.1547
28.0000	48.0000	Focus on Health	Butternut	2.0000	2.0000	6.0000	7	-1.0000	4.6892	1.3954	0.2454	2.0000	2.1688	0.1315	-1.0000	0.2044	0.2076	-0.0031	0.8935
28.0000	49.0000	Focus on Health	Triscuit	1.0000	3.0000	2.0000	2	1.0000	2.1852	0.3528	-0.3228	2.0000	1.2438	0.2034	1.0000	0.5451	0.5479	-0.0028	1.2862
28.0000	50.0000	Focus on Health	Almonds	2.0000	2.0000	6.0000	4	-1.0000	1.3449	0.7901	0.1302	0.0000	0.7901	0.2752	-1.0000	0.1502	0.1601	-0.0098	0.2966
28.0000	51.0000	Respond Naturally	MnMPlain	6.0000	1.0000	2.0000	3	1.0000	0.8574	0.3362	-0.3953	0.0000	0.3362	0.1805	1.0000	0.2698	0.2698	-0.0000	0.6490
28.0000	52.0000	Respond Naturally	RitzCrackers	3.0000	2.0000	1.0000	2	1.0000	0.9918	0.1681	-0.0154	0.0000	0.1681	0.1539	1.0000	0.0747	0.0772	-0.0025	0.2045
28.0000	53.0000	Respond Naturally	OatBran	2.0000	2.0000	6.0000	2	-1.0000	1.2939	0.3527	-0.6641	1.0000	0.6047	0.1974	1.0000	0.1965	0.2123	-0.0158	0.7716
28.0000	54.0000	Respond Naturally	CheeseNips	2.0000	1.0000	1.0000	2	-1.0000	1.6481	0.3362	0.6908	3.0000	0.8409	0.2410	1.0000	0.1145	0.1433	-0.0287	0.6159
28.0000	55.0000	Respond Naturally	Smarties	5.0000	4.0000	1.0000	2	1.0000	1.0253	0.3696	-0.3487	0.0000	0.3696	0.2597	1.0000	0.1409	0.1430	-0.0020	0.5641
28.0000	56.0000	Respond Naturally	PopTartStrawberry	6.0000	6.0000	1.0000	2	1.0000	1.0082	0.5044	-0.2767	0.0000	0.5044	0.1125	1.0000	0.0988	0.0988	-0.0000	0.1891
28.0000	57.0000	Respond Naturally	Cauliflower	4.0000	3.0000	6.0000	6	-1.0000	6.1814	0.8404	0.0059	2.0000	1.7482	0.1719	-1.0000	0.4714	0.4724	-0.0010	1.2087
28.0000	58.0000	Respond Naturally	PopTartStrawberry	5.0000	5.0000	2.0000	5	1.0000	1.1765	0.4877	0.1638	0.0000	0.4877	0.1148	1.0000	0.1383	0.1383	-0.0000	0.3395
28.0000	59.0000	Respond Naturally	FrozenBroccoli	4.0000	5.0000	6.0000	2	1.0000	1.4120	0.1514	-0.4861	0.0000	0.1514	0.1657	1.0000	0.2413	0.2413	-0.0000	0.6563
28.0000	60.0000	Respond Naturally	MnMPeanuts	6.0000	5.0000	1.0000	4	1.0000	2.7894	0.4203	0.2678	0.0000	0.4203	0.1420	1.0000	0.0333	0.0397	-0.0065	0.2562
28.0000	61.0000	Focus on Health	TofuDessert	3.0000	1.0000	4.0000	4	-1.0000	1.2102	0.7563	-0.0000	0.0000	0.7563	0.1940	-1.0000	0.1079	0.1187	-0.0108	0.2285
28.0000	62.0000	Focus on Health	VegetableThins	1.0000	4.0000	2.0000	5	1.0000	1.4461	0.6895	-0.3896	0.0000	0.6895	0.0715	1.0000	0.1052	0.1052	-0.0000	0.1619
28.0000	63.0000	Focus on Health	Asparagus	6.0000	5.0000	6.0000	3	1.0000	0.8909	0.4033	0.0331	0.0000	0.4033	0.1300	1.0000	0.1151	0.1151	-0.0000	0.1773
28.0000	64.0000	Focus on Health	EnglishCucumber	6.0000	6.0000	6.0000	5	1.0000	1.2439	0.4704	0.1631	0.0000	0.4704	0.1129	1.0000	0.0404	0.0519	-0.0115	0.1384
28.0000	65.0000	Focus on Health	BabyFoodSweetPotatos	1.0000	1.0000	5.0000	5	1.0000	2.8568	1.0421	0.0661	1.0000	1.2607	0.1208	-1.0000	0.3317	0.3317	-0.0000	0.6120
28.0000	66.0000	Focus on Health	CornFlakes	6.0000	6.0000	5.0000	6	1.0000	1.0758	0.4706	-0.4180	0.0000	0.4706	0.2124	1.0000	0.2086	0.2086	-0.0000	0.3053
28.0000	67.0000	Focus on Health	SpeltCakes	3.0000	2.0000	4.0000	2	1.0000	2.7574	0.5212	-0.2590	5.0000	2.0513	0.3806	-1.0000	0.6157	0.6174	-0.0017	1.4986
28.0000	68.0000	Focus on Health	Raspberries	5.0000	5.0000	4.0000	4	1.0000	1.6478	0.5213	-0.1749	0.0000	0.5213	0.1147	1.0000	0.0270	0.0822	-0.0552	0.2549
28.0000	69.0000	Focus on Health	DriedApricots	2.0000	5.0000	6.0000	5	1.0000	4.1837	0.2018	-0.0974	0.0000	0.2018	0.0974	1.0000	0.0030	0.0191	-0.0161	0.2497
28.0000	70.0000	Focus on Health	RiceKrispiesCereal	6.0000	6.0000	6.0000	7	1.0000	1.4289	0.3195	-0.1846	0.0000	0.3195	0.1644	1.0000	0.0621	0.0621	-0.0000	0.1723
28.0000	71.0000	Respond Naturally	Doritos	5.0000	5.0000	2.0000	5	1.0000	1.0084	0.5377	0.1168	0.0000	0.5377	0.1751	1.0000	0.1451	0.1453	-0.0001	0.2625
28.0000	72.0000	Respond Naturally	NatureValleyChocolate	2.0000	1.0000	3.0000	4	1.0000	1.2940	0.3865	-0.0610	0.0000	0.3865	0.1200	1.0000	0.1192	0.1192	-0.0000	0.2888
28.0000	73.0000	Respond Naturally	OikosYogurt	1.0000	1.0000	5.0000	6	-1.0000	1.4288	0.4537	-0.2154	1.0000	0.6218	0.2127	1.0000	0.2896	0.2896	-0.0000	0.9305
28.0000	74.0000	Respond Naturally	WaterChestnuts	4.0000	4.0000	3.0000	3	-1.0000	3.3785	0.8401	-0.5264	2.0000	1.4454	0.0636	-1.0000	0.1604	0.1659	-0.0054	0.3101
28.0000	75.0000	Respond Naturally	Smartfood	6.0000	6.0000	4.0000	2	1.0000	1.1094	0.4708	0.5830	0.0000	0.4708	0.1689	1.0000	0.2057	0.2070	-0.0013	0.5193
28.0000	76.0000	Respond Naturally	FrozenOkra	5.0000	4.0000	6.0000	5	-1.0000	2.8239	0.5378	-0.1063	2.0000	1.5298	0.1765	-1.0000	0.5409	0.5409	-0.0000	1.1346
28.0000	77.0000	Respond Naturally	Avocado	5.0000	4.0000	6.0000	5	-1.0000	4.1662	3.5946	0.4074	0.0000	3.5946	0.1506	-1.0000	0.1658	0.1674	-0.0016	0.2022
28.0000	78.0000	Respond Naturally	SkittlesSour	3.0000	1.0000	1.0000	6	-1.0000	1.2769	0.5877	0.1604	0.0000	0.5877	0.2038	-1.0000	0.0609	0.0690	-0.0081	0.1502
28.0000	79.0000	Respond Naturally	AllBranBar	2.0000	1.0000	5.0000	1	1.0000	1.7150	0.5886	0.1589	1.0000	1.1939	0.3079	-1.0000	0.3956	0.3956	-0.0000	1.2475
28.0000	80.0000	Respond Naturally	PCChipCookie	5.0000	6.0000	1.0000	2	1.0000	1.0084	0.5881	0.2095	0.0000	0.5881	0.2099	1.0000	0.1063	0.1096	-0.0033	0.1911
28.0000	81.0000	Focus on Health	Caramilk	6.0000	6.0000	2.0000	2	1.0000	0.9411	0.4535	-0.0049	0.0000	0.4535	0.2457	1.0000	0.0867	0.1103	-0.0235	0.2146
28.0000	82.0000	Focus on Health	Cauliflower	6.0000	3.0000	5.0000	2	1.0000	1.0254	0.4201	0.6957	0.0000	0.4201	0.1622	1.0000	0.0722	0.0731	-0.0010	0.1415
28.0000	83.0000	Focus on Health	MnMPlain	6.0000	4.0000	2.0000	5	1.0000	3.9309	0.5712	0.1858	3.0000	1.8824	0.2983	-1.0000	0.4138	0.4407	-0.0269	2.2131
28.0000	84.0000	Focus on Health	ClifBar	1.0000	2.0000	5.0000	2	-1.0000	1.4282	0.6047	-0.0603	0.0000	0.6047	0.2159	-1.0000	-0.0014	0.0561	-0.0575	-0.3248
28.0000	85.0000	Focus on Health	Smarties	4.0000	4.0000	1.0000	5	-1.0000	1.6293	1.0750	0.1998	0.0000	1.0750	0.1630	-1.0000	0.0982	0.1025	-0.0043	0.1534
28.0000	86.0000	Focus on Health	Raspberries	6.0000	6.0000	6.0000	5	1.0000	1.3111	0.6555	-0.1709	0.0000	0.6555	0.1798	1.0000	0.0787	0.0920	-0.0133	0.1889
28.0000	87.0000	Focus on Health	Caramilk	6.0000	6.0000	2.0000	5	1.0000	1.2110	0.3865	-0.1573	0.0000	0.3865	0.2335	1.0000	0.0303	0.0303	-0.0000	0.0835
28.0000	88.0000	Focus on Health	RaisinBran	1.0000	2.0000	5.0000	3	-1.0000	1.5296	0.8573	0.2761	0.0000	0.8573	0.1383	-1.0000	0.0542	0.0638	-0.0096	0.1506
28.0000	89.0000	Focus on Health	Shreddies	6.0000	3.0000	6.0000	2	1.0000	1.0752	0.6218	0.0273	0.0000	0.6218	0.1432	1.0000	0.0927	0.1009	-0.0082	0.1798
28.0000	90.0000	Focus on Health	SpeltCakes	2.0000	2.0000	5.0000	5	-1.0000	1.7986	0.8067	0.1476	0.0000	0.8067	0.1884	-1.0000	0.1535	0.1535	-0.0000	0.2677
28.0000	91.0000	Respond Naturally	Cheerios	6.0000	6.0000	6.0000	2	1.0000	1.0406	0.5536	0.0453	0.0000	0.5536	0.1760	1.0000	0.0971	0.1156	-0.0185	0.2436
28.0000	92.0000	Respond Naturally	FrootLoops	6.0000	6.0000	6.0000	6	-1.0000	1.2260	0.4199	-0.6179	0.0000	0.4199	0.2498	-1.0000	0.0846	0.1140	-0.0293	0.2386
28.0000	93.0000	Respond Naturally	Spinach	6.0000	4.0000	6.0000	4	1.0000	3.7801	3.2758	-0.1120	0.0000	3.2758	0.2020	1.0000	0.1105	0.1176	-0.0071	0.1448
28.0000	94.0000	Respond Naturally	Cheetos	1.0000	1.0000	1.0000	6	-1.0000	1.1090	0.5881	-0.0987	0.0000	0.5881	0.1878	-1.0000	0.0596	0.0648	-0.0052	0.1232
28.0000	95.0000	Respond Naturally	Avocado	5.0000	5.0000	6.0000	2	1.0000	1.0588	0.6049	-0.3340	0.0000	0.6049	0.2247	1.0000	0.1150	0.1370	-0.0220	0.2321
28.0000	96.0000	Respond Naturally	VegetableThins	3.0000	2.0000	4.0000	2	1.0000	0.9247	0.3362	-0.1931	0.0000	0.3362	0.2032	1.0000	0.0214	0.0423	-0.0208	-0.1185
28.0000	97.0000	Respond Naturally	GreenGrapes	5.0000	2.0000	6.0000	1	1.0000	1.1097	0.6221	-0.0710	0.0000	0.6221	0.1462	1.0000	0.1469	0.1506	-0.0038	0.3385
28.0000	98.0000	Respond Naturally	FrozenPeas	1.0000	2.0000	5.0000	6	-1.0000	1.2608	0.1513	0.0158	2.0000	0.5715	0.3661	-1.0000	0.1480	0.1865	-0.0385	1.1180
28.0000	99.0000	Respond Naturally	Bananas	5.0000	6.0000	6.0000	2	1.0000	0.9916	0.5209	-0.0892	0.0000	0.5209	0.2250	1.0000	0.0710	0.0897	-0.0187	0.1811
28.0000	100.0000	Respond Naturally	Butternut	3.0000	2.0000	6.0000	3	1.0000	1.6811	0.5715	0.7624	2.0000	1.2272	0.2284	1.0000	0.2184	0.2185	-0.0001	0.5597
28.0000	101.0000	Focus on Health	AlmondMilk	3.0000	3.0000	5.0000	2	1.0000	1.8152	0.6048	0.2180	2.0000	1.0419	0.2524	1.0000	0.1917	0.1917	-0.0000	0.9132
28.0000	102.0000	Focus on Health	Celery	4.0000	4.0000	5.0000	2	1.0000	1.0591	0.5044	0.6565	0.0000	0.5044	0.1851	1.0000	0.0087	0.0178	-0.0091	0.0755
28.0000	103.0000	Focus on Health	WelchsFruitSnacks	3.0000	2.0000	3.0000	1	-1.0000	1.4621	0.5545	-0.2434	2.0000	1.1260	0.2825	-1.0000	0.1643	0.1901	-0.0258	0.4078
28.0000	104.0000	Focus on Health	Mackerel	5.0000	4.0000	6.0000	3	-1.0000	1.7302	1.0079	-0.2816	0.0000	1.0079	0.1455	-1.0000	0.1490	0.1490	-0.0000	0.3249
28.0000	105.0000	Focus on Health	FrozenPeaches	6.0000	6.0000	6.0000	2	1.0000	1.1757	0.5205	0.0102	0.0000	0.5205	0.1413	1.0000	0.0479	0.0525	-0.0046	0.1062
28.0000	106.0000	Focus on Health	IceCreamVanilla	6.0000	6.0000	1.0000	4	1.0000	1.1583	0.5875	-0.3571	0.0000	0.5875	0.2107	1.0000	0.0296	0.0698	-0.0403	-0.1692
28.0000	107.0000	Focus on Health	Aero	6.0000	6.0000	2.0000	3	1.0000	0.8737	0.4367	0.4288	0.0000	0.4367	0.2829	1.0000	0.0519	0.0568	-0.0049	0.1233
28.0000	108.0000	Focus on Health	Bananas	6.0000	4.0000	6.0000	3	1.0000	0.9414	0.4707	0.2597	0.0000	0.4707	0.1703	1.0000	0.0505	0.0518	-0.0013	0.1098
28.0000	109.0000	Focus on Health	Triscuit	3.0000	2.0000	4.0000	5	-1.0000	1.8494	0.6219	-0.6539	0.0000	0.6219	0.1928	-1.0000	0.0257	0.1050	-0.0794	-0.2738
28.0000	110.0000	Focus on Health	ProMax	3.0000	2.0000	4.0000	4	1.0000	1.8648	0.5377	0.1551	2.0000	1.1426	0.2483	1.0000	0.1470	0.1577	-0.0107	0.6069
28.0000	111.0000	Respond Naturally	Nutella	6.0000	6.0000	2.0000	1	1.0000	0.8736	0.5207	0.1305	0.0000	0.5207	0.2535	1.0000	0.1586	0.1593	-0.0007	0.2515
28.0000	112.0000	Respond Naturally	FrootLoops	6.0000	6.0000	6.0000	2	1.0000	0.9412	0.4201	0.0128	0.0000	0.4201	0.2712	1.0000	0.1190	0.1190	-0.0000	0.2856
28.0000	113.0000	Respond Naturally	Pringles	3.0000	4.0000	1.0000	5	1.0000	0.8068	0.3865	0.3673	0.0000	0.3865	0.1759	1.0000	0.0474	0.0475	-0.0001	0.1171
28.0000	114.0000	Respond Naturally	Reese	5.0000	6.0000	1.0000	4	-1.0000	2.0507	0.4706	-0.0323	1.0000	0.6891	0.2147	1.0000	0.6713	0.6747	-0.0035	1.4247
28.0000	115.0000	Respond Naturally	KashiBars	2.0000	1.0000	6.0000	4	-1.0000	1.3278	0.5041	-0.2626	2.0000	0.8908	0.3084	-1.0000	0.0252	0.0653	-0.0401	-0.2893
28.0000	116.0000	Respond Naturally	BBQCrisps	2.0000	2.0000	2.0000	6	-1.0000	1.1094	0.4201	0.0385	0.0000	0.4201	0.1644	-1.0000	0.0031	0.0389	-0.0358	-0.1702
28.0000	117.0000	Respond Naturally	HoneyNutCheerios	6.0000	6.0000	6.0000	2	1.0000	0.9581	0.4874	0.2368	0.0000	0.4874	0.2556	1.0000	0.0398	0.0578	-0.0180	0.1132
28.0000	118.0000	Respond Naturally	Tuna	5.0000	5.0000	6.0000	4	-1.0000	1.3114	0.4202	-0.3085	1.0000	0.6724	0.2026	1.0000	0.2008	0.2291	-0.0283	0.9358
28.0000	119.0000	Respond Naturally	Mentos	3.0000	1.0000	1.0000	5	-1.0000	0.9581	0.4537	-0.0070	0.0000	0.4537	0.2781	-1.0000	0.2033	0.2178	-0.0145	0.4753
28.0000	120.0000	Respond Naturally	FrozenOkra	5.0000	4.0000	6.0000	2	1.0000	1.2441	0.5548	0.0603	0.0000	0.5548	0.1978	1.0000	0.1881	0.1886	-0.0005	0.4669
28.0000	121.0000	Respond Naturally	OikosYogurt	1.0000	5.0000	6.0000	3	-1.0000	0.9581	0.3528	0.2998	1.0000	0.5209	0.2642	1.0000	0.2577	0.2779	-0.0203	0.7460
28.0000	122.0000	Respond Naturally	Asparagus	5.0000	6.0000	5.0000	6	-1.0000	1.5297	0.3696	0.0866	1.0000	0.6218	0.4605	1.0000	0.4336	0.4955	-0.0618	1.6351
28.0000	123.0000	Respond Naturally	Onion	5.0000	4.0000	6.0000	4	-1.0000	1.8312	1.4109	0.2432	0.0000	1.4109	0.1872	-1.0000	0.3121	0.3121	-0.0000	0.3899
28.0000	124.0000	Respond Naturally	ClifBar	2.0000	2.0000	5.0000	4	-1.0000	1.2102	0.5040	-0.2138	0.0000	0.5040	0.2439	-1.0000	0.0847	0.0938	-0.0091	0.2099
28.0000	125.0000	Respond Naturally	CornFlakes	6.0000	6.0000	6.0000	3	1.0000	1.3445	0.6888	-0.1141	0.0000	0.6888	0.1139	1.0000	0.0344	0.0455	-0.0110	0.0867
28.0000	126.0000	Respond Naturally	TofuDessert	2.0000	1.0000	5.0000	2	-1.0000	1.5969	0.7562	-0.0000	1.0000	0.9916	0.1838	1.0000	0.0974	0.1001	-0.0027	0.3826
28.0000	127.0000	Respond Naturally	PureFit	2.0000	3.0000	6.0000	2	-1.0000	1.7140	1.0584	0.6294	0.0000	1.0584	0.2035	-1.0000	0.1265	0.1414	-0.0149	0.2917
28.0000	128.0000	Respond Naturally	Reese	4.0000	4.0000	1.0000	1	1.0000	0.9919	0.4370	0.0360	0.0000	0.4370	0.1804	1.0000	0.0728	0.0960	-0.0232	0.1804
28.0000	129.0000	Respond Naturally	Spinach	6.0000	5.0000	5.0000	2	1.0000	0.9916	0.3695	0.2828	0.0000	0.3695	0.2981	1.0000	0.0561	0.0561	-0.0000	0.1477
28.0000	130.0000	Respond Naturally	BrusselsSprouts	2.0000	4.0000	6.0000	2	1.0000	1.2604	0.4370	-0.2431	1.0000	0.6387	0.1836	-1.0000	0.3603	0.3603	-0.0000	1.2145
28.0000	131.0000	Focus on Health	BabyFoodCarrots	1.0000	4.0000	6.0000	5	-1.0000	1.2104	0.3867	0.1030	1.0000	0.5212	0.1324	1.0000	0.1629	0.1629	-0.0000	0.4449
28.0000	132.0000	Focus on Health	Prunes	1.0000	1.0000	1.0000	5	-1.0000	1.1765	0.6048	0.0716	0.0000	0.6048	0.1334	-1.0000	0.0797	0.0797	-0.0000	0.1316
28.0000	133.0000	Focus on Health	PCChipCookie	6.0000	6.0000	1.0000	5	1.0000	0.9752	0.3529	-1.0751	1.0000	0.5043	0.4665	-1.0000	0.3031	0.3197	-0.0167	0.9975
28.0000	134.0000	Focus on Health	SevenGrain	2.0000	2.0000	6.0000	1	1.0000	8.3030	0.2690	-0.7410	18.0000	5.3124	0.1877	1.0000	0.4322	0.4334	-0.0012	1.3007
28.0000	135.0000	Focus on Health	WelchsFruitSnacks	3.0000	2.0000	3.0000	3	-1.0000	1.0088	0.5043	0.1381	0.0000	0.5043	0.1518	-1.0000	0.1585	0.1585	-0.0000	0.3114
28.0000	136.0000	Focus on Health	Twizzlers	1.0000	1.0000	2.0000	4	-1.0000	1.0253	0.4872	-0.0928	0.0000	0.4872	0.1953	-1.0000	0.1070	0.1326	-0.0256	0.2626
28.0000	137.0000	Focus on Health	CoffeeCrisp	6.0000	6.0000	6.0000	3	1.0000	1.0088	0.5715	0.2231	0.0000	0.5715	0.1960	1.0000	0.0991	0.0991	-0.0000	0.2125
28.0000	138.0000	Focus on Health	Nutella	6.0000	6.0000	2.0000	4	1.0000	0.9583	0.4540	-0.0862	0.0000	0.4540	0.3086	1.0000	0.0532	0.0927	-0.0395	-0.2327
28.0000	139.0000	Focus on Health	RedPepper	6.0000	4.0000	6.0000	5	1.0000	0.9753	0.3699	0.3735	0.0000	0.3699	0.2699	1.0000	0.0626	0.0672	-0.0046	0.1738
28.0000	140.0000	Focus on Health	Mars	6.0000	6.0000	2.0000	4	1.0000	0.8911	0.4203	-0.0234	0.0000	0.4203	0.2649	1.0000	0.0816	0.0960	-0.0143	0.2134
28.0000	141.0000	Focus on Health	RaisinBran	2.0000	2.0000	6.0000	7	-1.0000	1.2271	0.3697	0.2550	1.0000	0.5378	0.4021	1.0000	0.1076	0.2070	-0.0994	0.8164
28.0000	142.0000	Focus on Health	Starburst	4.0000	5.0000	1.0000	6	-1.0000	1.4794	0.3361	0.5747	1.0000	0.7564	0.4620	1.0000	0.1692	0.2427	-0.0734	1.1111
28.0000	143.0000	Focus on Health	MangoChunks	6.0000	6.0000	6.0000	2	1.0000	0.9918	0.4201	-0.3165	0.0000	0.4201	0.1731	1.0000	0.0392	0.0887	-0.0495	-0.2292
28.0000	144.0000	Focus on Health	AllBranCereal	2.0000	2.0000	5.0000	2	-1.0000	0.9078	0.4034	-0.1543	0.0000	0.4034	0.1831	-1.0000	0.0417	0.0583	-0.0166	0.1216
28.0000	145.0000	Focus on Health	RiceKrispiesCereal	6.0000	6.0000	5.0000	3	1.0000	1.0759	0.6220	-0.1186	0.0000	0.6220	0.2134	1.0000	0.1720	0.1720	-0.0000	0.4167
28.0000	146.0000	Focus on Health	FrozenBlueberries	5.0000	5.0000	6.0000	3	-1.0000	1.6472	0.4534	-0.3023	2.0000	0.7897	0.3866	-1.0000	0.4566	0.4880	-0.0315	1.3130
28.0000	147.0000	Focus on Health	AllBranBar	2.0000	2.0000	2.0000	3	1.0000	1.4959	0.8738	-0.0307	0.0000	0.8738	0.1663	1.0000	0.1908	0.1908	-0.0000	0.3293
28.0000	148.0000	Focus on Health	SkittlesSour	1.0000	2.0000	1.0000	3	-1.0000	1.4285	0.6722	0.3761	0.0000	0.6722	0.2490	-1.0000	0.0406	0.0434	-0.0028	0.1684
28.0000	149.0000	Focus on Health	ClamJuice	1.0000	5.0000	3.0000	1	1.0000	1.6982	0.4203	1.0053	1.0000	0.6726	0.1616	-1.0000	0.1919	0.2059	-0.0140	0.5786
28.0000	150.0000	Focus on Health	MnMPeanuts	5.0000	1.0000	1.0000	2	1.0000	1.4623	0.7899	-0.3056	0.0000	0.7899	0.1182	1.0000	0.0908	0.0908	-0.0000	0.2106
28.0000	151.0000	Respond Naturally	GreenApple	6.0000	6.0000	6.0000	2	1.0000	0.9078	0.3866	0.0000	0.0000	0.3866	0.1339	1.0000	0.1029	0.1053	-0.0024	0.2138
28.0000	152.0000	Respond Naturally	Strawberries	6.0000	6.0000	6.0000	2	1.0000	0.9414	0.3699	0.6568	0.0000	0.3699	0.1591	1.0000	0.0171	0.0234	-0.0064	0.0744
28.0000	153.0000	Respond Naturally	Shreddies	6.0000	5.0000	6.0000	5	-1.0000	1.3283	0.6725	-0.9247	0.0000	0.6725	0.2848	-1.0000	0.4990	0.5004	-0.0014	1.2534
28.0000	154.0000	Respond Naturally	YorkPeppermintPatties	3.0000	2.0000	2.0000	4	-1.0000	1.2435	0.4872	-0.6122	0.0000	0.4872	0.2089	-1.0000	0.1585	0.1777	-0.0192	0.4242
28.0000	155.0000	Respond Naturally	OatmealSquares	4.0000	5.0000	6.0000	7	-1.0000	1.1602	0.5044	0.3859	0.0000	0.5044	0.1824	-1.0000	0.0313	0.0372	-0.0060	0.1098
28.0000	156.0000	Respond Naturally	SkimMilk	4.0000	4.0000	6.0000	4	-1.0000	1.3112	0.7227	0.0843	0.0000	0.7227	0.2325	-1.0000	0.0805	0.1005	-0.0200	0.4625
28.0000	157.0000	Respond Naturally	EnglishCucumber	6.0000	6.0000	6.0000	2	1.0000	0.8235	0.4200	-0.3417	0.0000	0.4200	0.1902	1.0000	0.0954	0.0954	-0.0000	0.1715
28.0000	158.0000	Respond Naturally	RitzCrackers	1.0000	2.0000	4.0000	5	-1.0000	1.1263	0.2352	-0.2049	1.0000	0.5211	0.4446	1.0000	0.3545	0.3566	-0.0021	1.0990
28.0000	159.0000	Respond Naturally	Tempeh	2.0000	4.0000	4.0000	2	1.0000	1.2105	0.2352	0.0000	1.0000	0.5548	0.3328	-1.0000	0.2847	0.3143	-0.0296	1.0728
28.0000	160.0000	Respond Naturally	KashiBars	1.0000	1.0000	6.0000	1	1.0000	2.1010	0.9412	0.0375	0.0000	0.9412	0.2021	1.0000	0.0369	0.0584	-0.0215	0.1591
28.0000	161.0000	Respond Naturally	Mentos	3.0000	1.0000	2.0000	2	1.0000	1.3448	0.3866	0.2636	0.0000	0.3866	0.1953	1.0000	0.0076	0.0306	-0.0230	0.0826
28.0000	162.0000	Respond Naturally	GreenPepper	5.0000	6.0000	6.0000	6	1.0000	1.9835	0.6723	0.1503	1.0000	0.9413	0.2110	-1.0000	0.3781	0.3824	-0.0043	1.4658
28.0000	163.0000	Respond Naturally	WaterChestnuts	4.0000	2.0000	4.0000	5	-1.0000	1.5632	0.7226	-0.2740	1.0000	0.9076	0.1942	1.0000	0.2536	0.2562	-0.0026	0.9092
28.0000	164.0000	Respond Naturally	YorkPeppermintPatties	3.0000	3.0000	1.0000	2	1.0000	2.2692	0.5546	-0.1134	1.0000	1.0760	0.3289	-1.0000	0.6547	0.6547	-0.0000	1.5404
28.0000	165.0000	Respond Naturally	AppleChips	5.0000	5.0000	4.0000	2	1.0000	1.0077	0.5378	0.1712	0.0000	0.5378	0.1935	1.0000	0.0709	0.1027	-0.0317	0.1898
28.0000	166.0000	Respond Naturally	Cheerios	6.0000	6.0000	6.0000	5	-1.0000	2.8574	0.4876	-0.2482	3.0000	1.2778	0.2786	1.0000	0.5366	0.5557	-0.0191	1.2176
28.0000	167.0000	Respond Naturally	DriedHerring	5.0000	5.0000	5.0000	1	1.0000	1.2268	0.6720	0.0615	0.0000	0.6720	0.1504	1.0000	0.1395	0.1431	-0.0036	0.2481
28.0000	168.0000	Respond Naturally	Starburst	4.0000	4.0000	1.0000	3	-1.0000	2.4880	0.3363	0.4369	5.0000	1.3452	0.2655	1.0000	0.6381	0.6381	-0.0000	1.3787
28.0000	169.0000	Respond Naturally	SevenGrain	2.0000	1.0000	6.0000	3	-1.0000	1.5461	1.0249	-0.1954	0.0000	1.0249	0.2072	-1.0000	0.1699	0.1699	-0.0000	0.2285
28.0000	170.0000	Respond Naturally	RedPepper	6.0000	6.0000	5.0000	2	1.0000	0.9413	0.5546	0.4623	0.0000	0.5546	0.1874	1.0000	0.1047	0.1047	-0.0000	0.1918
28.0000	171.0000	Focus on Health	LaysClassic	5.0000	6.0000	1.0000	4	1.0000	1.0754	0.5374	0.1352	0.0000	0.5374	0.2533	1.0000	0.0811	0.0992	-0.0181	0.1968
28.0000	172.0000	Focus on Health	BabyFoodCarrots	1.0000	2.0000	5.0000	3	1.0000	1.8822	0.7897	0.3091	1.0000	1.0419	0.3739	-1.0000	0.3438	0.3438	-0.0000	1.4926
28.0000	173.0000	Focus on Health	Celery	4.0000	6.0000	6.0000	4	-1.0000	1.4621	0.8737	-0.1656	0.0000	0.8737	0.1337	-1.0000	0.2292	0.2292	-0.0000	0.3313
28.0000	174.0000	Focus on Health	Orange	6.0000	5.0000	6.0000	1	1.0000	0.9919	0.4539	0.6461	0.0000	0.4539	0.1993	1.0000	0.0390	0.0475	-0.0085	0.1593
28.0000	175.0000	Focus on Health	VanillaGreekYogurt	2.0000	2.0000	5.0000	2	1.0000	1.1429	0.5378	0.4424	0.0000	0.5378	0.2996	1.0000	0.0121	0.0372	-0.0251	0.1341
28.0000	176.0000	Focus on Health	ClamJuice	1.0000	3.0000	2.0000	3	1.0000	1.2438	0.5209	0.3762	0.0000	0.5209	0.1817	1.0000	0.0278	0.0553	-0.0274	0.1341
28.0000	177.0000	Focus on Health	Beets	4.0000	2.0000	5.0000	2	1.0000	1.0755	0.5376	0.2396	0.0000	0.5376	0.1233	1.0000	0.1011	0.1183	-0.0171	0.2472
28.0000	178.0000	Focus on Health	Fritos	4.0000	1.0000	2.0000	5	1.0000	2.9235	0.6383	0.3909	1.0000	0.9241	0.2889	-1.0000	0.9700	0.9700	-0.0000	1.8683
28.0000	179.0000	Focus on Health	NatureValleyChocolate	2.0000	2.0000	2.0000	1	1.0000	0.9577	0.4869	0.1224	0.0000	0.4869	0.3170	1.0000	0.0812	0.0912	-0.0100	0.1754
28.0000	180.0000	Focus on Health	FrozenBlueberries	6.0000	5.0000	5.0000	1	1.0000	0.9408	0.4872	0.7177	0.0000	0.4872	0.2608	1.0000	0.1035	0.1037	-0.0002	0.3175
28.0000	181.0000	Respond Naturally	Doritos	6.0000	5.0000	2.0000	2	1.0000	0.9076	0.3360	0.2762	0.0000	0.3360	0.1882	1.0000	0.0317	0.0609	-0.0291	-0.1960
28.0000	182.0000	Respond Naturally	Onion	5.0000	4.0000	6.0000	2	1.0000	0.7563	0.2689	0.0000	0.0000	0.2689	0.1928	1.0000	0.0753	0.0754	-0.0001	0.1608
28.0000	183.0000	Respond Naturally	GreenBeans	6.0000	4.0000	6.0000	2	1.0000	0.8405	0.4202	0.5710	0.0000	0.4202	0.1787	1.0000	0.0279	0.0459	-0.0180	0.1141
28.0000	184.0000	Respond Naturally	Tempeh	4.0000	4.0000	4.0000	4	1.0000	6.1138	0.1848	0.0853	0.0000	0.1848	0.1565	1.0000	0.0100	0.0126	-0.0026	0.2560
28.0000	185.0000	Respond Naturally	SlicedTurkey	3.0000	5.0000	4.0000	2	1.0000	1.1762	0.7056	0.1521	0.0000	0.7056	0.1491	1.0000	0.1280	0.1280	-0.0000	0.2218
28.0000	186.0000	Respond Naturally	Snickers	6.0000	6.0000	2.0000	2	1.0000	0.8909	0.3361	-0.0246	0.0000	0.3361	0.2936	1.0000	0.1183	0.1276	-0.0093	0.3154
28.0000	187.0000	Respond Naturally	Strawberries	6.0000	5.0000	6.0000	3	1.0000	1.1933	0.2857	0.0079	0.0000	0.2857	0.2573	1.0000	0.0304	0.0320	-0.0016	0.0735
28.0000	188.0000	Respond Naturally	OatBran	3.0000	1.0000	6.0000	4	-1.0000	1.3280	0.7900	-0.0017	0.0000	0.7900	0.2177	-1.0000	0.1164	0.1215	-0.0051	0.2134
28.0000	189.0000	Respond Naturally	Broccoli	6.0000	4.0000	6.0000	1	1.0000	0.8574	0.3531	0.1431	0.0000	0.3531	0.2282	1.0000	0.1247	0.1247	-0.0000	0.2678
28.0000	190.0000	Respond Naturally	Snickers	6.0000	6.0000	1.0000	3	-1.0000	1.4627	0.3362	-0.1576	1.0000	0.6052	0.5261	1.0000	0.5428	0.5428	-0.0000	1.4865
28.0000	191.0000	Focus on Health	HoneyNutCheerios	6.0000	6.0000	5.0000	5	1.0000	2.1503	0.4199	0.1716	0.0000	0.4199	0.2306	1.0000	0.0145	0.0186	-0.0041	0.1466
28.0000	192.0000	Focus on Health	CoffeeCrisp	6.0000	6.0000	2.0000	1	1.0000	0.9751	0.1680	-0.2463	0.0000	0.1680	0.0972	1.0000	0.0841	0.0841	-0.0000	0.1484
28.0000	193.0000	Focus on Health	Fritos	2.0000	3.0000	1.0000	2	1.0000	0.8403	0.1679	0.5561	0.0000	0.1679	0.1334	1.0000	0.0370	0.0468	-0.0098	0.1514
28.0000	194.0000	Focus on Health	RomaineLettuce	6.0000	6.0000	6.0000	4	1.0000	0.9746	0.4367	0.2562	0.0000	0.4367	0.1845	1.0000	0.0661	0.0661	-0.0000	0.1436
28.0000	195.0000	Focus on Health	Prunes	1.0000	1.0000	4.0000	2	-1.0000	1.4289	0.3698	-0.3146	2.0000	0.7061	0.3134	-1.0000	0.3780	0.3780	-0.0000	1.4750
28.0000	196.0000	Focus on Health	CannedArtichoke	5.0000	5.0000	5.0000	5	1.0000	2.5204	1.8312	0.3355	0.0000	1.8312	0.1232	1.0000	0.1501	0.1501	-0.0000	0.1988
28.0000	197.0000	Focus on Health	FrozenPeaches	6.0000	6.0000	4.0000	5	1.0000	0.9917	0.4706	-0.0407	0.0000	0.4706	0.1158	1.0000	0.1040	0.1040	-0.0000	0.1497
28.0000	198.0000	Focus on Health	PureFit	2.0000	2.0000	5.0000	4	1.0000	1.4625	0.2186	0.0203	2.0000	0.8575	0.2432	1.0000	0.1464	0.1618	-0.0154	0.5339
28.0000	199.0000	Focus on Health	Almonds	2.0000	2.0000	6.0000	2	1.0000	1.0759	0.2522	0.0614	0.0000	0.2522	0.1215	1.0000	0.0379	0.0586	-0.0207	0.1611
28.0000	200.0000	Focus on Health	LaysClassic	5.0000	6.0000	2.0000	3	1.0000	0.8236	0.2521	0.1386	0.0000	0.2521	0.1345	1.0000	0.1341	0.1361	-0.0020	0.2538
