Subject	Trial	Instruction	Food	Liking	Taste	Health	Amount	Choice	ChoiceRT	FirstDevTimeChoice	InitAngleChoice	NumChangeMindChoice	FinalDevTimeChoice	MaxVelocityChoice	DrxFirstDevChoice	TotalAUCChoice	AUCtoNonChosenChoice	AUCtoChosenChoice	MaxDevChoice
89.0000	1.0000	Decrease Desire	Smarties	6.0000	4.0000	2.0000	2	-1.0000	4.1804	0.9908	-0.0000	0.0000	0.9908	0.1548	-1.0000	0.0826	0.0851	-0.0025	0.2561
89.0000	2.0000	Decrease Desire	OatmealSquares	4.0000	2.0000	4.0000	7	-1.0000	1.5783	0.8223	-0.1082	0.0000	0.8223	0.2379	-1.0000	0.4116	0.4149	-0.0034	0.6971
89.0000	3.0000	Decrease Desire	FrozenBlueberries	6.0000	5.0000	5.0000	3	-1.0000	1.1930	0.6549	-0.1151	0.0000	0.6549	0.2152	-1.0000	0.1842	0.2081	-0.0239	0.3713
89.0000	4.0000	Decrease Desire	SkittlesSour	6.0000	4.0000	1.0000	6	-1.0000	1.3270	0.7726	0.0955	0.0000	0.7726	0.1694	-1.0000	0.2071	0.2071	-0.0000	0.3587
89.0000	5.0000	Decrease Desire	Mackerel	1.0000	1.0000	3.0000	3	-1.0000	1.2260	0.4029	-0.0795	0.0000	0.4029	0.1664	-1.0000	0.3006	0.3398	-0.0393	0.6528
89.0000	6.0000	Decrease Desire	Shreddies	4.0000	6.0000	4.0000	5	-1.0000	1.0918	0.3861	0.0485	0.0000	0.3861	0.1477	-1.0000	0.2233	0.2233	-0.0000	0.3639
89.0000	7.0000	Decrease Desire	Prunes	3.0000	2.0000	4.0000	2	-1.0000	1.1249	0.1846	0.3013	1.0000	0.7218	0.2167	1.0000	0.2716	0.2716	-0.0000	0.5066
89.0000	8.0000	Decrease Desire	Onion	4.0000	3.0000	6.0000	4	-1.0000	1.2759	0.1844	0.0495	1.0000	0.6543	0.2540	1.0000	0.1383	0.1904	-0.0521	0.4510
89.0000	9.0000	Decrease Desire	ClamJuice	1.0000	1.0000	4.0000	3	-1.0000	1.1408	0.5865	-0.1779	0.0000	0.5865	0.2029	-1.0000	0.2112	0.2112	-0.0000	0.3641
89.0000	10.0000	Decrease Desire	CoffeeCrisp	6.0000	6.0000	2.0000	3	1.0000	3.6612	0.4699	-0.1341	4.0000	3.3252	0.5149	1.0000	0.3036	0.3785	-0.0749	2.0714
89.0000	11.0000	Respond Naturally	RiceKrispiesCereal	6.0000	6.0000	4.0000	7	-1.0000	1.3431	0.8391	-0.0972	0.0000	0.8391	0.1974	-1.0000	0.3141	0.3141	-0.0000	0.4335
89.0000	12.0000	Respond Naturally	Doritos	6.0000	6.0000	3.0000	5	1.0000	1.5616	0.8560	-0.0009	0.0000	0.8560	0.2857	1.0000	0.1293	0.1618	-0.0325	0.2738
89.0000	13.0000	Respond Naturally	Spinach	6.0000	5.0000	6.0000	2	-1.0000	1.4103	0.9400	-0.1447	0.0000	0.9400	0.2192	-1.0000	0.5004	0.5004	-0.0000	0.6835
89.0000	14.0000	Respond Naturally	Starburst	6.0000	6.0000	2.0000	6	-1.0000	1.0243	0.5708	-0.1064	0.0000	0.5708	0.2556	-1.0000	0.3215	0.3277	-0.0062	0.5491
89.0000	15.0000	Respond Naturally	Asparagus	4.0000	3.0000	6.0000	6	-1.0000	1.1585	0.5874	-0.2532	0.0000	0.5874	0.2769	-1.0000	0.4162	0.4169	-0.0007	0.7209
89.0000	16.0000	Respond Naturally	FrozenOkra	6.0000	6.0000	6.0000	5	-1.0000	1.0244	0.5036	-0.0609	0.0000	0.5036	0.2054	-1.0000	0.3674	0.3675	-0.0001	0.5879
89.0000	17.0000	Respond Naturally	ClamJuice	1.0000	1.0000	3.0000	1	-1.0000	0.9742	0.4702	-0.0512	0.0000	0.4702	0.1823	-1.0000	0.3025	0.3025	-0.0000	0.4968
89.0000	18.0000	Respond Naturally	Mentos	6.0000	5.0000	2.0000	5	-1.0000	1.1081	0.5705	-0.0476	0.0000	0.5705	0.3112	-1.0000	0.2909	0.3388	-0.0479	0.6211
89.0000	19.0000	Respond Naturally	HoneyNutCheerios	6.0000	5.0000	4.0000	2	1.0000	1.1582	0.5541	0.0000	0.0000	0.5541	0.2673	1.0000	0.1458	0.1589	-0.0131	0.4066
89.0000	20.0000	Respond Naturally	SpeltCakes	3.0000	1.0000	3.0000	2	-1.0000	1.0408	0.4361	-0.0049	0.0000	0.4361	0.3020	-1.0000	0.1475	0.1527	-0.0052	0.3353
89.0000	21.0000	Respond Naturally	FrootLoops	6.0000	6.0000	4.0000	2	1.0000	1.0744	0.5706	0.0323	0.0000	0.5706	0.2832	1.0000	0.1705	0.1705	-0.0000	0.2743
89.0000	22.0000	Respond Naturally	RomaineLettuce	6.0000	5.0000	6.0000	4	-1.0000	0.9233	0.3691	-0.0392	0.0000	0.3691	0.1689	-1.0000	0.1771	0.1771	-0.0000	0.3621
89.0000	23.0000	Respond Naturally	FrozenCorn	6.0000	6.0000	5.0000	2	-1.0000	5.8602	1.1076	-0.1061	4.0000	4.5166	0.4337	-1.0000	0.3805	0.4217	-0.0412	1.9558
89.0000	24.0000	Respond Naturally	OikosYogurt	6.0000	6.0000	6.0000	6	1.0000	1.1081	0.5203	0.2371	0.0000	0.5203	0.2055	1.0000	0.1941	0.1941	-0.0000	0.2556
89.0000	25.0000	Respond Naturally	AllBranCereal	6.0000	2.0000	4.0000	6	-1.0000	1.0072	0.6041	-0.3644	0.0000	0.6041	0.1926	-1.0000	0.2911	0.2911	-0.0000	0.4395
89.0000	26.0000	Respond Naturally	Triscuit	6.0000	6.0000	5.0000	2	1.0000	1.0412	0.5036	0.0605	0.0000	0.5036	0.2461	1.0000	0.1327	0.1620	-0.0293	0.3015
89.0000	27.0000	Respond Naturally	MnMPlain	6.0000	6.0000	2.0000	5	-1.0000	1.2254	0.7551	0.0186	0.0000	0.7551	0.1691	-1.0000	0.1484	0.1484	-0.0000	0.2432
89.0000	28.0000	Respond Naturally	Doritos	6.0000	6.0000	3.0000	2	1.0000	0.9570	0.4366	0.0953	0.0000	0.4366	0.2625	1.0000	0.1256	0.1331	-0.0074	0.3002
89.0000	29.0000	Respond Naturally	SlimStyles	1.0000	1.0000	2.0000	2	-1.0000	1.0745	0.6545	-0.2698	0.0000	0.6545	0.2581	-1.0000	0.2583	0.2583	-0.0000	0.3740
89.0000	30.0000	Respond Naturally	Caramilk	6.0000	6.0000	2.0000	5	1.0000	0.9069	0.4197	0.3650	0.0000	0.4197	0.2228	1.0000	0.1428	0.1428	-0.0000	0.2481
89.0000	31.0000	Decrease Desire	WaterChestnuts	1.0000	1.0000	3.0000	3	-1.0000	1.0583	0.3192	-0.3260	0.0000	0.3192	0.2332	-1.0000	0.5468	0.5942	-0.0475	1.2113
89.0000	32.0000	Decrease Desire	Bananas	6.0000	6.0000	6.0000	2	1.0000	8.3087	0.4532	0.1616	4.0000	7.7044	0.4350	1.0000	0.8505	0.9258	-0.0753	1.6886
89.0000	33.0000	Decrease Desire	Shreddies	6.0000	6.0000	5.0000	2	-1.0000	0.9732	0.4529	-0.2045	0.0000	0.4529	0.2211	-1.0000	0.3148	0.3149	-0.0001	0.5946
89.0000	34.0000	Decrease Desire	BBQCrisps	6.0000	6.0000	3.0000	2	1.0000	5.8406	0.4194	0.3628	0.0000	0.4194	0.2874	1.0000	-0.0138	0.0114	-0.0252	-0.3034
89.0000	35.0000	Decrease Desire	RomaineLettuce	6.0000	2.0000	6.0000	2	-1.0000	1.0751	0.4536	-0.0260	0.0000	0.4536	0.4293	-1.0000	0.1660	0.1882	-0.0223	0.4978
89.0000	36.0000	Decrease Desire	Celery	6.0000	4.0000	6.0000	4	-1.0000	1.0576	0.5369	-0.0340	0.0000	0.5369	0.1374	-1.0000	0.2565	0.2565	-0.0000	0.4171
89.0000	37.0000	Decrease Desire	Mentos	6.0000	4.0000	4.0000	2	-1.0000	1.1082	0.4700	-0.2985	0.0000	0.4700	0.2341	-1.0000	0.3838	0.3838	-0.0000	0.5656
89.0000	38.0000	Decrease Desire	Cheetos	6.0000	6.0000	2.0000	6	1.0000	3.1221	2.3661	0.1837	0.0000	2.3661	0.1590	1.0000	0.2475	0.2475	-0.0000	0.2908
89.0000	39.0000	Decrease Desire	Aero	6.0000	6.0000	3.0000	3	1.0000	1.6782	0.4863	-0.0372	0.0000	0.4863	0.1700	1.0000	0.0153	0.1030	-0.0877	0.3501
89.0000	40.0000	Decrease Desire	MnMPeanuts	6.0000	6.0000	2.0000	4	-1.0000	1.1924	0.5540	-0.2527	0.0000	0.5540	0.1262	-1.0000	0.1951	0.2023	-0.0072	0.3938
89.0000	41.0000	Decrease Desire	Raspberries	6.0000	6.0000	4.0000	4	-1.0000	2.2330	0.4532	-0.2242	0.0000	0.4532	0.2300	-1.0000	0.3409	0.3409	-0.0000	1.0062
89.0000	42.0000	Decrease Desire	Tuna	1.0000	1.0000	6.0000	2	-1.0000	1.0411	0.4868	-0.2720	0.0000	0.4868	0.3727	-1.0000	0.2455	0.2455	-0.0000	0.4662
89.0000	43.0000	Decrease Desire	ClifBar	2.0000	3.0000	3.0000	2	-1.0000	1.4442	0.6043	-0.1122	0.0000	0.6043	0.2817	-1.0000	0.1981	0.1981	-0.0000	0.3634
89.0000	44.0000	Decrease Desire	SlicedTurkey	1.0000	1.0000	5.0000	2	-1.0000	0.9739	0.4700	-0.3409	0.0000	0.4700	0.3666	-1.0000	0.3496	0.3496	-0.0000	0.6362
89.0000	45.0000	Decrease Desire	BrusselsSprouts	3.0000	1.0000	5.0000	2	-1.0000	1.0241	0.4028	-0.2382	0.0000	0.4028	0.2579	-1.0000	0.2260	0.2260	-0.0000	0.4251
89.0000	46.0000	Decrease Desire	RufflesSourCreamOnion	6.0000	6.0000	3.0000	3	1.0000	1.9302	0.5198	0.1372	0.0000	0.5198	0.1539	1.0000	0.0018	0.0517	-0.0498	0.1731
89.0000	47.0000	Decrease Desire	HoneyNutCheerios	4.0000	6.0000	3.0000	5	-1.0000	1.0580	0.5371	0.0089	0.0000	0.5371	0.2916	-1.0000	0.1748	0.1748	-0.0000	0.3066
89.0000	48.0000	Decrease Desire	Bananas	6.0000	6.0000	6.0000	3	-1.0000	1.7287	1.1743	-0.0008	0.0000	1.1743	0.1695	-1.0000	0.2597	0.2597	-0.0000	0.3570
89.0000	49.0000	Decrease Desire	RiceKrispiesCereal	6.0000	6.0000	5.0000	3	-1.0000	1.4101	0.9901	-0.0521	0.0000	0.9901	0.1893	-1.0000	0.2162	0.2166	-0.0005	0.3061
89.0000	50.0000	Decrease Desire	FrozenBroccoli	6.0000	6.0000	6.0000	2	-1.0000	1.6123	0.5707	-0.2155	0.0000	0.5707	0.1608	-1.0000	0.1409	0.1748	-0.0338	0.3705
89.0000	51.0000	Respond Naturally	AllBranBar	6.0000	5.0000	5.0000	1	-1.0000	1.0412	0.5372	-0.1482	0.0000	0.5372	0.2732	-1.0000	0.5028	0.5163	-0.0134	0.9137
89.0000	52.0000	Respond Naturally	FrozenCorn	6.0000	6.0000	6.0000	4	-1.0000	1.1412	0.5873	-0.0360	0.0000	0.5873	0.2255	-1.0000	0.2770	0.2784	-0.0014	0.4228
89.0000	53.0000	Respond Naturally	Cheerios	6.0000	4.0000	5.0000	2	-1.0000	1.1750	0.7214	-0.1832	0.0000	0.7214	0.2215	-1.0000	0.2051	0.2065	-0.0014	0.3111
89.0000	54.0000	Respond Naturally	PureFit	4.0000	2.0000	4.0000	4	-1.0000	1.0572	0.4868	-0.0377	0.0000	0.4868	0.1730	-1.0000	0.2390	0.2574	-0.0184	0.4856
89.0000	55.0000	Respond Naturally	OikosYogurt	6.0000	6.0000	6.0000	3	1.0000	0.9908	0.4364	0.0012	0.0000	0.4364	0.3351	1.0000	0.1566	0.1816	-0.0250	0.3741
89.0000	56.0000	Respond Naturally	MangoChunks	6.0000	6.0000	6.0000	2	1.0000	1.0410	0.4866	0.0000	0.0000	0.4866	0.1719	1.0000	0.1720	0.1724	-0.0004	0.3308
89.0000	57.0000	Respond Naturally	YorkPeppermintPatties	5.0000	4.0000	4.0000	4	-1.0000	1.0915	0.4029	-0.3358	0.0000	0.4029	0.2662	-1.0000	0.0886	0.1734	-0.0848	0.4109
89.0000	58.0000	Respond Naturally	EnglishCucumber	5.0000	6.0000	6.0000	2	1.0000	3.5935	1.6618	0.0124	3.0000	3.0392	0.5046	-1.0000	0.4410	0.4634	-0.0225	1.8475
89.0000	59.0000	Respond Naturally	GreenPepper	6.0000	6.0000	6.0000	2	1.0000	1.7298	1.1923	0.0067	0.0000	1.1923	0.3205	1.0000	0.1265	0.1407	-0.0142	0.3554
89.0000	60.0000	Respond Naturally	WaterChestnuts	1.0000	1.0000	2.0000	5	-1.0000	0.9909	0.4870	-0.0380	0.0000	0.4870	0.1971	-1.0000	0.2664	0.2677	-0.0013	0.4539
89.0000	61.0000	Decrease Desire	Fritos	6.0000	6.0000	3.0000	5	1.0000	3.7262	1.8962	0.1991	0.0000	1.8962	0.2575	1.0000	0.3181	0.3181	-0.0000	0.5851
89.0000	62.0000	Decrease Desire	FrozenPeaches	6.0000	6.0000	6.0000	5	-1.0000	1.4944	0.6712	-0.1103	0.0000	0.6712	0.1326	-1.0000	0.1752	0.1752	-0.0000	0.2731
89.0000	63.0000	Decrease Desire	Reese	6.0000	6.0000	6.0000	4	1.0000	1.1591	0.4368	-0.0538	0.0000	0.4368	0.3148	1.0000	0.2026	0.2026	-0.0000	0.5153
89.0000	64.0000	Decrease Desire	MangoChunks	6.0000	6.0000	6.0000	5	1.0000	2.7359	1.3088	0.0267	0.0000	1.3088	0.2053	1.0000	0.1183	0.1183	-0.0000	0.2207
89.0000	65.0000	Decrease Desire	NatureValleyChocolate	1.0000	3.0000	4.0000	4	-1.0000	2.8039	1.9135	-0.0000	0.0000	1.9135	0.1929	-1.0000	0.2603	0.2674	-0.0071	0.3786
89.0000	66.0000	Decrease Desire	WelchsFruitSnacks	6.0000	5.0000	4.0000	3	-1.0000	1.1416	0.5034	-0.0000	0.0000	0.5034	0.2616	-1.0000	0.1471	0.1471	-0.0000	0.2483
89.0000	67.0000	Decrease Desire	SkimMilk	2.0000	6.0000	5.0000	1	-1.0000	2.0468	1.2073	-0.3027	0.0000	1.2073	0.4477	-1.0000	0.1019	0.1309	-0.0289	0.2217
89.0000	68.0000	Decrease Desire	Tempeh	2.0000	1.0000	3.0000	4	-1.0000	1.1421	0.4700	-0.0998	0.0000	0.4700	0.3869	-1.0000	0.1481	0.1686	-0.0205	0.3838
89.0000	69.0000	Decrease Desire	IceCreamVanilla	6.0000	6.0000	3.0000	4	1.0000	1.2588	0.5204	-0.0851	0.0000	0.5204	0.2054	1.0000	0.2602	0.2602	-0.0000	0.4893
89.0000	70.0000	Decrease Desire	IceCreamChocolate	6.0000	6.0000	4.0000	4	1.0000	0.9064	0.4197	0.0000	0.0000	0.4197	0.2633	1.0000	0.3082	0.3086	-0.0004	0.5894
89.0000	71.0000	Respond Naturally	YorkPeppermintPatties	6.0000	4.0000	4.0000	2	-1.0000	1.3933	0.8895	-0.1510	0.0000	0.8895	0.1710	-1.0000	0.2153	0.2153	-0.0000	0.2867
89.0000	72.0000	Respond Naturally	Asparagus	4.0000	3.0000	6.0000	3	-1.0000	0.9569	0.5036	0.0481	0.0000	0.5036	0.3216	-1.0000	0.3017	0.3017	-0.0000	0.5107
89.0000	73.0000	Respond Naturally	Spinach	6.0000	4.0000	6.0000	4	-1.0000	0.7719	0.3019	-0.0060	0.0000	0.3019	0.2830	-1.0000	0.2244	0.2244	-0.0000	0.4735
89.0000	74.0000	Respond Naturally	KashiBars	1.0000	3.0000	5.0000	4	-1.0000	0.8901	0.2854	0.0007	0.0000	0.2854	0.2867	-1.0000	0.2277	0.2735	-0.0459	0.5769
89.0000	75.0000	Respond Naturally	SkimMilk	6.0000	6.0000	5.0000	4	1.0000	7.5035	0.3023	-0.0938	1.0000	2.8031	0.2711	-1.0000	1.1877	1.1889	-0.0012	1.7938
89.0000	76.0000	Respond Naturally	DriedHerring	1.0000	1.0000	5.0000	1	-1.0000	0.9237	0.5037	-0.0006	0.0000	0.5037	0.2455	-1.0000	0.2788	0.2788	-0.0000	0.4346
89.0000	77.0000	Respond Naturally	Orange	6.0000	4.0000	6.0000	5	-1.0000	1.1251	0.6212	0.1794	0.0000	0.6212	0.1758	-1.0000	0.2556	0.2556	-0.0000	0.4108
89.0000	78.0000	Respond Naturally	DriedApricots	6.0000	6.0000	4.0000	2	1.0000	3.3591	0.4533	-0.1161	1.0000	1.0412	0.4306	-1.0000	0.5377	0.5863	-0.0487	1.3501
89.0000	79.0000	Respond Naturally	DriedHerring	1.0000	1.0000	4.0000	3	-1.0000	1.3258	0.4023	-0.1965	0.0000	0.4023	0.1934	-1.0000	0.2185	0.2185	-0.0000	0.5505
89.0000	80.0000	Respond Naturally	RitzCrackers	6.0000	6.0000	4.0000	2	1.0000	1.0578	0.4869	0.1300	0.0000	0.4869	0.1926	1.0000	0.1624	0.1700	-0.0076	0.3470
89.0000	81.0000	Respond Naturally	Strawberries	6.0000	6.0000	4.0000	2	1.0000	5.3723	0.5539	0.0896	1.0000	3.5254	0.2910	-1.0000	0.9410	0.9410	-0.0000	1.7123
89.0000	82.0000	Respond Naturally	FrootLoops	6.0000	6.0000	3.0000	6	-1.0000	0.9908	0.4028	-0.2690	0.0000	0.4028	0.1947	-1.0000	0.1249	0.1251	-0.0002	0.2338
89.0000	83.0000	Respond Naturally	Smarties	6.0000	6.0000	2.0000	5	-1.0000	1.3435	0.4032	-0.2126	0.0000	0.4032	0.2493	-1.0000	0.0659	0.1008	-0.0349	0.2983
89.0000	84.0000	Respond Naturally	Almonds	6.0000	6.0000	4.0000	4	-1.0000	1.6123	0.2854	-0.0000	2.0000	1.1252	0.2034	-1.0000	0.1402	0.1617	-0.0215	0.6817
89.0000	85.0000	Respond Naturally	PCChipCookie	6.0000	6.0000	2.0000	5	-1.0000	1.3262	0.5703	-0.0000	0.0000	0.5703	0.3400	-1.0000	0.1391	0.1416	-0.0025	0.2920
89.0000	86.0000	Respond Naturally	Broccoli	6.0000	6.0000	6.0000	4	-1.0000	0.9735	0.3191	0.1078	0.0000	0.3191	0.2140	-1.0000	0.1042	0.1287	-0.0245	0.3260
89.0000	87.0000	Respond Naturally	Orange	6.0000	5.0000	6.0000	1	-1.0000	1.2422	0.4027	0.0349	0.0000	0.4027	0.1695	-1.0000	0.1000	0.1212	-0.0213	0.3371
89.0000	88.0000	Respond Naturally	Cauliflower	6.0000	5.0000	6.0000	6	-1.0000	0.9233	0.4027	0.1727	0.0000	0.4027	0.2326	-1.0000	0.0817	0.1148	-0.0331	0.2275
89.0000	89.0000	Respond Naturally	Nutella	6.0000	6.0000	2.0000	4	-1.0000	1.9642	0.5542	0.1142	1.0000	1.3931	0.2545	1.0000	0.2621	0.2934	-0.0313	0.4435
89.0000	90.0000	Respond Naturally	FrozenPeas	6.0000	4.0000	6.0000	6	-1.0000	0.8228	0.3526	0.1087	0.0000	0.3526	0.2496	-1.0000	0.1479	0.1519	-0.0040	0.3044
89.0000	91.0000	Decrease Desire	VegetableThins	6.0000	6.0000	5.0000	5	1.0000	4.4309	3.6419	0.1268	0.0000	3.6419	0.1465	1.0000	0.4127	0.4127	-0.0000	0.5046
89.0000	92.0000	Decrease Desire	AlmondMilk	6.0000	6.0000	6.0000	2	1.0000	3.0379	2.3491	0.1370	0.0000	2.3491	0.0875	1.0000	0.2193	0.2193	-0.0000	0.2650
89.0000	93.0000	Decrease Desire	SevenGrain	3.0000	2.0000	6.0000	1	-1.0000	0.9571	0.4700	-0.2674	0.0000	0.4700	0.2977	-1.0000	0.1876	0.2030	-0.0154	0.3712
89.0000	94.0000	Decrease Desire	Butternut	6.0000	6.0000	6.0000	3	-1.0000	2.3170	1.6283	-0.1889	0.0000	1.6283	0.1190	-1.0000	0.2899	0.2934	-0.0035	0.3883
89.0000	95.0000	Decrease Desire	Triscuit	6.0000	6.0000	4.0000	5	-1.0000	1.3430	0.7386	-0.1523	0.0000	0.7386	0.1470	-1.0000	0.1821	0.1821	-0.0000	0.2752
89.0000	96.0000	Decrease Desire	PCChipCookie	6.0000	6.0000	3.0000	2	-1.0000	3.7435	0.6045	-0.6952	0.0000	0.6045	0.1366	-1.0000	0.0766	0.0766	-0.0000	0.2948
89.0000	97.0000	Decrease Desire	IceCreamChocolate	6.0000	6.0000	3.0000	1	1.0000	1.2928	0.4534	0.0000	0.0000	0.4534	0.3999	1.0000	0.0522	0.0833	-0.0311	0.2340
89.0000	98.0000	Decrease Desire	SunChips	6.0000	6.0000	3.0000	2	1.0000	1.3099	0.4867	-0.0009	0.0000	0.4867	0.2667	1.0000	0.1168	0.1330	-0.0162	0.3020
89.0000	99.0000	Decrease Desire	AppleChips	6.0000	4.0000	4.0000	5	-1.0000	1.1076	0.5539	0.0138	0.0000	0.5539	0.3179	-1.0000	0.0772	0.0772	-0.0000	0.1284
89.0000	100.0000	Decrease Desire	AlmondMilk	6.0000	6.0000	6.0000	4	1.0000	3.6746	3.0872	0.1319	0.0000	3.0872	0.1511	1.0000	0.1853	0.1981	-0.0128	0.2339
89.0000	101.0000	Decrease Desire	CannedArtichoke	1.0000	1.0000	4.0000	2	-1.0000	0.8901	0.4030	-0.0817	0.0000	0.4030	0.1682	-1.0000	0.4031	0.4031	-0.0000	0.6791
89.0000	102.0000	Decrease Desire	AppleChips	6.0000	4.0000	5.0000	2	-1.0000	0.9733	0.4866	-0.0089	0.0000	0.4866	0.3145	-1.0000	0.2033	0.2093	-0.0060	0.3792
89.0000	103.0000	Decrease Desire	SlicedTurkey	1.0000	1.0000	5.0000	5	-1.0000	0.9065	0.3353	-0.0000	0.0000	0.3353	0.1793	-1.0000	0.2521	0.2521	-0.0000	0.3812
89.0000	104.0000	Decrease Desire	AllBranCereal	6.0000	2.0000	5.0000	2	-1.0000	1.3598	0.6040	-0.1127	0.0000	0.6040	0.1821	-1.0000	0.1746	0.1778	-0.0032	0.3086
89.0000	105.0000	Decrease Desire	OatBran	2.0000	1.0000	4.0000	4	-1.0000	0.9739	0.3526	-0.1209	0.0000	0.3526	0.1895	-1.0000	0.1125	0.1170	-0.0045	0.2585
89.0000	106.0000	Decrease Desire	Mackerel	2.0000	1.0000	5.0000	1	-1.0000	1.3940	0.3358	-0.1519	0.0000	0.3358	0.4875	-1.0000	0.1082	0.1482	-0.0400	0.4620
89.0000	107.0000	Decrease Desire	Avocado	6.0000	6.0000	6.0000	5	-1.0000	3.7104	0.2855	-0.3079	2.0000	2.3165	0.3700	-1.0000	0.6986	0.7381	-0.0395	1.3840
89.0000	108.0000	Decrease Desire	SlimStyles	2.0000	1.0000	3.0000	6	-1.0000	0.9067	0.3522	-0.0739	0.0000	0.3522	0.2489	-1.0000	0.1410	0.1410	-0.0000	0.2513
89.0000	109.0000	Decrease Desire	Cheerios	6.0000	3.0000	4.0000	5	-1.0000	0.8558	0.3352	-0.0745	0.0000	0.3352	0.2596	-1.0000	0.3711	0.3711	-0.0000	0.6258
89.0000	110.0000	Decrease Desire	GreenGrapes	2.0000	2.0000	2.0000	1	-1.0000	0.9737	0.4703	0.0229	0.0000	0.4703	0.2361	-1.0000	0.1574	0.1574	-0.0000	0.4051
89.0000	111.0000	Respond Naturally	PopTartStrawberry	6.0000	6.0000	3.0000	2	-1.0000	1.9978	0.2851	0.0265	1.0000	0.7047	0.1890	1.0000	0.6080	0.6081	-0.0000	1.0340
89.0000	112.0000	Respond Naturally	Snickers	6.0000	6.0000	2.0000	3	-1.0000	1.0577	0.6210	-0.0231	0.0000	0.6210	0.3278	-1.0000	0.2185	0.2185	-0.0000	0.3276
89.0000	113.0000	Respond Naturally	Cheetos	6.0000	6.0000	3.0000	3	1.0000	1.1582	0.4869	0.0000	0.0000	0.4869	0.2174	1.0000	0.3980	0.3980	-0.0000	0.5265
89.0000	114.0000	Respond Naturally	GreenApple	6.0000	5.0000	6.0000	2	-1.0000	1.1751	0.7047	-0.1598	0.0000	0.7047	0.1935	-1.0000	0.2080	0.2107	-0.0027	0.3378
89.0000	115.0000	Respond Naturally	VanillaGreekYogurt	6.0000	6.0000	6.0000	2	1.0000	0.8893	0.4527	0.0459	0.0000	0.4527	0.1950	1.0000	0.1488	0.1547	-0.0059	0.2687
89.0000	116.0000	Respond Naturally	AllBranBar	2.0000	1.0000	4.0000	3	-1.0000	0.9398	0.4194	-0.3220	0.0000	0.4194	0.1851	-1.0000	0.1617	0.1721	-0.0104	0.3513
89.0000	117.0000	Respond Naturally	SunChips	6.0000	6.0000	3.0000	4	1.0000	1.4776	0.8560	0.2789	0.0000	0.8560	0.1763	1.0000	0.1977	0.1977	-0.0000	0.2707
89.0000	118.0000	Respond Naturally	FrozenBlueberries	6.0000	4.0000	4.0000	1	-1.0000	1.0751	0.4029	-0.1519	0.0000	0.4029	0.2258	-1.0000	0.0483	0.1045	-0.0562	0.2487
89.0000	119.0000	Respond Naturally	BrusselsSprouts	6.0000	2.0000	5.0000	4	-1.0000	0.9908	0.4365	-0.1068	0.0000	0.4365	0.2006	-1.0000	0.2722	0.2910	-0.0187	0.5695
89.0000	120.0000	Respond Naturally	RitzCrackers	6.0000	6.0000	4.0000	5	-1.0000	2.1150	1.4939	-0.0000	0.0000	1.4939	0.1958	-1.0000	0.2341	0.2393	-0.0052	0.3230
89.0000	121.0000	Respond Naturally	Strawberries	6.0000	6.0000	4.0000	3	-1.0000	0.9067	0.3691	-0.1632	0.0000	0.3691	0.1968	-1.0000	0.2766	0.2766	-0.0000	0.4621
89.0000	122.0000	Respond Naturally	ProMax	6.0000	4.0000	4.0000	4	-1.0000	1.3939	0.5707	-0.1220	0.0000	0.5707	0.1510	-1.0000	0.1764	0.1792	-0.0028	0.3759
89.0000	123.0000	Respond Naturally	Fritos	6.0000	6.0000	3.0000	2	1.0000	0.9069	0.4534	0.2359	0.0000	0.4534	0.1981	1.0000	0.2237	0.2237	-0.0000	0.4090
89.0000	124.0000	Respond Naturally	VanillaGreekYogurt	6.0000	6.0000	6.0000	4	1.0000	0.9742	0.3862	0.0085	0.0000	0.3862	0.1772	1.0000	0.1864	0.1864	-0.0000	0.2854
89.0000	125.0000	Respond Naturally	OatBran	2.0000	1.0000	4.0000	2	-1.0000	1.2595	0.4365	-0.1669	0.0000	0.4365	0.1815	-1.0000	0.1411	0.1773	-0.0362	0.4508
89.0000	126.0000	Respond Naturally	Caramilk	6.0000	6.0000	4.0000	2	1.0000	1.5114	0.4365	0.2133	0.0000	0.4365	0.2916	1.0000	-0.0665	0.0698	-0.1362	-0.3331
89.0000	127.0000	Respond Naturally	CornFlakes	6.0000	6.0000	4.0000	6	-1.0000	1.1250	0.6715	-0.4902	0.0000	0.6715	0.2478	-1.0000	0.4887	0.4887	-0.0000	0.7073
89.0000	128.0000	Respond Naturally	IceCreamVanilla	6.0000	6.0000	3.0000	1	1.0000	0.8734	0.4030	0.0000	0.0000	0.4030	0.1793	1.0000	0.2708	0.2708	-0.0000	0.4909
89.0000	129.0000	Respond Naturally	Skittles	6.0000	6.0000	2.0000	6	-1.0000	0.8230	0.4031	-0.0878	0.0000	0.4031	0.1426	-1.0000	0.2262	0.2262	-0.0000	0.3819
89.0000	130.0000	Respond Naturally	MnMPlain	6.0000	6.0000	2.0000	3	-1.0000	1.8801	0.3526	-0.0523	1.0000	0.6712	0.1982	1.0000	0.4868	0.4868	-0.0000	0.6864
89.0000	131.0000	Decrease Desire	Pringles	6.0000	6.0000	3.0000	5	-1.0000	2.0482	1.4435	-0.1601	0.0000	1.4435	0.1966	-1.0000	0.5879	0.5879	-0.0000	0.8038
89.0000	132.0000	Decrease Desire	FrozenPeas	6.0000	3.0000	4.0000	2	-1.0000	0.8218	0.4363	-0.1953	0.0000	0.4363	0.2050	-1.0000	0.3200	0.3200	-0.0000	0.5291
89.0000	133.0000	Decrease Desire	Broccoli	6.0000	4.0000	6.0000	1	-1.0000	1.1913	0.5536	-0.0199	0.0000	0.5536	0.1462	-1.0000	0.2587	0.2587	-0.0000	0.4063
89.0000	134.0000	Decrease Desire	RedPepper	6.0000	6.0000	6.0000	5	-1.0000	1.1410	0.4699	0.1151	0.0000	0.4699	0.1281	-1.0000	0.1747	0.1747	-0.0000	0.2608
89.0000	135.0000	Decrease Desire	Beets	4.0000	3.0000	4.0000	5	-1.0000	0.9229	0.2348	-0.1134	0.0000	0.2348	0.2728	-1.0000	0.1655	0.1890	-0.0234	0.5540
89.0000	136.0000	Decrease Desire	GreenBeans	6.0000	6.0000	6.0000	4	-1.0000	0.9063	0.1845	-0.2751	0.0000	0.1845	0.1659	-1.0000	0.2121	0.2121	-0.0000	0.5109
89.0000	137.0000	Decrease Desire	Smartfood	6.0000	6.0000	4.0000	2	1.0000	1.8301	0.2518	-0.0486	1.0000	0.5039	0.4814	-1.0000	0.1889	0.2225	-0.0336	1.1209
89.0000	138.0000	Decrease Desire	Reese	6.0000	6.0000	6.0000	1	1.0000	0.8399	0.2015	-0.0965	1.0000	0.3695	0.2043	-1.0000	0.2599	0.2599	-0.0000	0.4920
89.0000	139.0000	Decrease Desire	Almonds	6.0000	6.0000	4.0000	2	-1.0000	0.9239	0.3192	0.4107	0.0000	0.3192	0.1677	-1.0000	0.1443	0.1443	-0.0000	0.2328
89.0000	140.0000	Decrease Desire	SkittlesSour	6.0000	6.0000	3.0000	3	-1.0000	0.9908	0.3357	-0.2071	0.0000	0.3357	0.2257	-1.0000	0.1654	0.1912	-0.0259	0.4505
89.0000	141.0000	Decrease Desire	Raspberries	6.0000	6.0000	6.0000	5	-1.0000	0.9403	0.5203	-0.0000	0.0000	0.5203	0.2229	-1.0000	0.1459	0.1459	-0.0000	0.2092
89.0000	142.0000	Decrease Desire	Nutella	6.0000	6.0000	3.0000	1	-1.0000	2.5695	0.2855	0.1468	2.0000	0.8901	0.3664	-1.0000	0.6444	0.6444	-0.0000	1.5663
89.0000	143.0000	Decrease Desire	MnMPeanuts	6.0000	6.0000	4.0000	2	-1.0000	1.2262	0.5038	-0.0569	0.0000	0.5038	0.3088	-1.0000	0.1811	0.1828	-0.0017	0.4596
89.0000	144.0000	Decrease Desire	Avocado	6.0000	6.0000	6.0000	2	-1.0000	1.5951	0.3024	0.0500	0.0000	0.3024	0.1825	-1.0000	0.1336	0.1336	-0.0000	0.4161
89.0000	145.0000	Decrease Desire	BabyFoodCarrots	3.0000	3.0000	4.0000	3	-1.0000	0.9739	0.4199	-0.1116	0.0000	0.4199	0.1270	-1.0000	0.2300	0.2300	-0.0000	0.3427
89.0000	146.0000	Decrease Desire	Pringles	6.0000	6.0000	3.0000	2	-1.0000	0.9908	0.2014	-0.0492	0.0000	0.2014	0.1122	-1.0000	0.1698	0.1698	-0.0000	0.3112
89.0000	147.0000	Decrease Desire	ProMax	6.0000	4.0000	3.0000	2	-1.0000	0.8896	0.4029	0.0007	0.0000	0.4029	0.2334	-1.0000	0.1609	0.1682	-0.0073	0.3246
89.0000	148.0000	Decrease Desire	Starburst	6.0000	6.0000	2.0000	3	-1.0000	0.8560	0.3691	-0.0000	0.0000	0.3691	0.2155	-1.0000	0.2375	0.2781	-0.0407	0.5504
89.0000	149.0000	Decrease Desire	RaisinBran	4.0000	2.0000	4.0000	7	-1.0000	0.8222	0.1510	0.0633	0.0000	0.1510	0.3852	-1.0000	0.3129	0.3174	-0.0045	0.8734
89.0000	150.0000	Decrease Desire	BabyFoodSweetPotatos	3.0000	2.0000	3.0000	2	-1.0000	0.9567	0.3186	-0.0968	0.0000	0.3186	0.1748	-1.0000	0.2232	0.2232	-0.0000	0.4336
89.0000	151.0000	Respond Naturally	WelchsFruitSnacks	6.0000	6.0000	4.0000	1	-1.0000	1.0917	0.4869	0.1123	0.0000	0.4869	0.2430	-1.0000	0.2597	0.2597	-0.0000	0.3896
89.0000	152.0000	Respond Naturally	FrozenBroccoli	4.0000	6.0000	5.0000	6	-1.0000	0.8562	0.4197	-0.1226	0.0000	0.4197	0.1802	-1.0000	0.3660	0.3660	-0.0000	0.6131
89.0000	153.0000	Respond Naturally	Mars	6.0000	6.0000	3.0000	2	-1.0000	3.6764	0.4200	-0.4070	0.0000	0.4200	0.1400	-1.0000	0.0220	0.0344	-0.0124	0.3611
89.0000	154.0000	Respond Naturally	CoffeeCrisp	6.0000	6.0000	3.0000	1	1.0000	1.1418	0.7387	0.0060	0.0000	0.7387	0.2564	1.0000	0.1441	0.1441	-0.0000	0.2342
89.0000	155.0000	Respond Naturally	FrozenPeaches	6.0000	6.0000	5.0000	2	-1.0000	1.4438	0.3687	-0.1223	1.0000	0.6039	0.4119	1.0000	0.1445	0.1762	-0.0317	0.6724
89.0000	156.0000	Respond Naturally	ClifBar	2.0000	2.0000	3.0000	4	-1.0000	1.7964	0.6038	0.0579	1.0000	0.8558	0.3753	1.0000	0.2582	0.3023	-0.0441	1.4386
89.0000	157.0000	Respond Naturally	TofuDessert	4.0000	4.0000	4.0000	4	-1.0000	1.2434	0.1680	0.2378	2.0000	0.7561	0.3157	-1.0000	0.2638	0.2643	-0.0005	1.0599
89.0000	158.0000	Respond Naturally	FrozenOkra	6.0000	4.0000	6.0000	2	-1.0000	1.0914	0.4028	0.1918	0.0000	0.4028	0.2194	-1.0000	0.0892	0.1165	-0.0273	0.2664
89.0000	159.0000	Respond Naturally	BBQCrisps	6.0000	6.0000	1.0000	6	1.0000	2.5858	0.4362	0.0000	0.0000	0.4362	0.0905	1.0000	0.1372	0.1372	-0.0000	0.2245
89.0000	160.0000	Respond Naturally	CheeseNips	3.0000	6.0000	2.0000	2	-1.0000	1.2096	0.8233	-0.1966	0.0000	0.8233	0.2166	-1.0000	0.1784	0.1788	-0.0004	0.2743
89.0000	161.0000	Respond Naturally	GreenGrapes	5.0000	4.0000	6.0000	4	-1.0000	1.0413	0.5038	-0.0000	0.0000	0.5038	0.1889	-1.0000	0.1185	0.1209	-0.0023	0.2423
89.0000	162.0000	Respond Naturally	SevenGrain	2.0000	1.0000	4.0000	3	-1.0000	0.8061	0.3357	-0.1547	0.0000	0.3357	0.1706	-1.0000	0.2744	0.2744	-0.0000	0.5698
89.0000	163.0000	Respond Naturally	DriedApricots	1.0000	6.0000	6.0000	5	1.0000	3.9616	0.3356	0.1899	1.0000	0.6882	0.2880	-1.0000	1.0655	1.0655	-0.0000	1.4148
89.0000	164.0000	Respond Naturally	Tuna	1.0000	1.0000	6.0000	4	-1.0000	0.9570	0.4867	-0.2180	0.0000	0.4867	0.2347	-1.0000	0.2259	0.2259	-0.0000	0.3305
89.0000	165.0000	Respond Naturally	BabyFoodSweetPotatos	1.0000	3.0000	5.0000	5	-1.0000	1.2257	0.4531	-0.1002	0.0000	0.4531	0.2501	-1.0000	0.2971	0.2971	-0.0000	0.5223
89.0000	166.0000	Respond Naturally	CheeseNips	6.0000	5.0000	3.0000	5	-1.0000	0.9569	0.5202	-0.0030	0.0000	0.5202	0.2241	-1.0000	0.2574	0.2574	-0.0000	0.4000
89.0000	167.0000	Respond Naturally	Butternut	6.0000	6.0000	6.0000	7	-1.0000	1.0574	0.5539	0.0854	0.0000	0.5539	0.3034	-1.0000	0.4278	0.4278	-0.0000	0.6823
89.0000	168.0000	Respond Naturally	EnglishCucumber	6.0000	6.0000	6.0000	5	-1.0000	0.9734	0.3356	-0.0018	0.0000	0.3356	0.2141	-1.0000	0.1817	0.1818	-0.0001	0.3403
89.0000	169.0000	Respond Naturally	Mars	6.0000	6.0000	3.0000	4	-1.0000	1.2588	0.5204	0.1054	0.0000	0.5204	0.1842	-1.0000	0.1522	0.1522	-0.0000	0.3288
89.0000	170.0000	Respond Naturally	CornFlakes	6.0000	5.0000	4.0000	3	-1.0000	0.8546	0.4019	-0.1282	0.0000	0.4019	0.2179	-1.0000	0.1861	0.1994	-0.0133	0.3866
89.0000	171.0000	Decrease Desire	KashiBars	6.0000	3.0000	5.0000	1	-1.0000	0.8398	0.2014	-0.0665	0.0000	0.2014	0.2682	-1.0000	0.0919	0.1900	-0.0981	0.5597
89.0000	172.0000	Decrease Desire	GreenPepper	6.0000	6.0000	6.0000	6	-1.0000	1.1251	0.6547	0.1863	0.0000	0.6547	0.2870	-1.0000	0.3100	0.3100	-0.0000	0.4339
89.0000	173.0000	Decrease Desire	PureFit	1.0000	1.0000	4.0000	2	-1.0000	0.7219	0.2519	-0.1916	0.0000	0.2519	0.2545	-1.0000	0.2176	0.2176	-0.0000	0.5220
89.0000	174.0000	Decrease Desire	GreenBeans	6.0000	4.0000	6.0000	2	-1.0000	0.9239	0.3527	-0.1831	0.0000	0.3527	0.2600	-1.0000	0.1518	0.1786	-0.0268	0.4069
89.0000	175.0000	Decrease Desire	Snickers	6.0000	6.0000	3.0000	2	-1.0000	1.4110	0.4871	-0.1798	0.0000	0.4871	0.2415	-1.0000	0.2896	0.2896	-0.0000	0.5583
89.0000	176.0000	Decrease Desire	CannedArtichoke	1.0000	1.0000	4.0000	5	-1.0000	0.8734	0.3359	-0.0780	0.0000	0.3359	0.2299	-1.0000	0.2746	0.2746	-0.0000	0.5148
89.0000	177.0000	Decrease Desire	Skittles	6.0000	6.0000	6.0000	3	-1.0000	0.8902	0.2687	0.1134	0.0000	0.2687	0.2774	-1.0000	0.3749	0.3749	-0.0000	0.6910
89.0000	178.0000	Decrease Desire	VegetableThins	6.0000	6.0000	4.0000	2	1.0000	2.7718	0.2017	-0.0133	1.0000	0.7055	0.3740	-1.0000	0.5572	0.6552	-0.0980	1.9711
89.0000	179.0000	Decrease Desire	NatureValleyChocolate	6.0000	3.0000	4.0000	1	-1.0000	0.7558	0.2687	-0.1648	0.0000	0.2687	0.2489	-1.0000	0.1319	0.1319	-0.0000	0.2421
89.0000	180.0000	Decrease Desire	Twizzlers	6.0000	3.0000	2.0000	4	-1.0000	0.8060	0.3356	0.1846	0.0000	0.3356	0.1799	-1.0000	0.1308	0.1358	-0.0050	0.2851
89.0000	181.0000	Respond Naturally	GreenApple	6.0000	4.0000	6.0000	4	-1.0000	0.8394	0.4365	0.2779	0.0000	0.4365	0.3079	-1.0000	0.0472	0.0701	-0.0229	0.1435
89.0000	182.0000	Respond Naturally	Smartfood	6.0000	6.0000	3.0000	4	1.0000	1.1243	0.4363	0.0435	0.0000	0.4363	0.2317	1.0000	0.1030	0.1030	-0.0000	0.2302
89.0000	183.0000	Respond Naturally	TofuDessert	6.0000	4.0000	3.0000	2	-1.0000	1.2759	0.5035	-0.0044	0.0000	0.5035	0.1809	-1.0000	0.1985	0.1985	-0.0000	0.2809
89.0000	184.0000	Respond Naturally	Celery	6.0000	3.0000	6.0000	2	-1.0000	1.1581	0.5704	-0.1771	0.0000	0.5704	0.2487	-1.0000	0.4056	0.4056	-0.0000	0.6899
89.0000	185.0000	Respond Naturally	Aero	6.0000	6.0000	4.0000	1	1.0000	1.1590	0.3361	0.0322	1.0000	0.4702	0.1653	-1.0000	0.0892	0.0892	-0.0000	0.2503
89.0000	186.0000	Respond Naturally	Beets	4.0000	3.0000	5.0000	2	-1.0000	0.9232	0.3359	-0.0154	0.0000	0.3359	0.1178	-1.0000	0.0799	0.0813	-0.0014	0.1757
89.0000	187.0000	Respond Naturally	Tempeh	1.0000	1.0000	4.0000	2	-1.0000	0.8565	0.4365	-0.1294	0.0000	0.4365	0.2798	-1.0000	0.2653	0.2653	-0.0000	0.4711
89.0000	188.0000	Respond Naturally	OatmealSquares	2.0000	2.0000	4.0000	3	-1.0000	0.8899	0.4366	-0.3429	0.0000	0.4366	0.3107	-1.0000	0.1802	0.1802	-0.0000	0.3342
89.0000	189.0000	Respond Naturally	BabyFoodCarrots	2.0000	2.0000	4.0000	5	-1.0000	1.1923	0.4028	-0.0098	0.0000	0.4028	0.1641	-1.0000	0.1306	0.1524	-0.0218	0.3730
89.0000	190.0000	Respond Naturally	LaysClassic	6.0000	6.0000	3.0000	4	1.0000	1.0074	0.3523	0.1213	0.0000	0.3523	0.2079	1.0000	0.1509	0.1509	-0.0000	0.3866
89.0000	191.0000	Decrease Desire	RedPepper	6.0000	6.0000	6.0000	2	-1.0000	1.2426	0.2183	0.1567	0.0000	0.2183	0.1823	-1.0000	0.0579	0.0579	-0.0000	0.1599
89.0000	192.0000	Decrease Desire	Cauliflower	6.0000	6.0000	6.0000	2	-1.0000	0.8400	0.1008	0.3125	0.0000	0.1008	0.1579	-1.0000	0.1266	0.1266	-0.0000	0.2861
89.0000	193.0000	Decrease Desire	RaisinBran	2.0000	3.0000	4.0000	3	-1.0000	0.6888	0.1344	0.7879	0.0000	0.1344	0.2924	-1.0000	-0.0384	0.0003	-0.0388	-0.0819
89.0000	194.0000	Decrease Desire	LaysClassic	6.0000	6.0000	3.0000	3	-1.0000	1.0919	0.1848	0.3185	0.0000	0.1848	0.1359	-1.0000	0.0941	0.0941	-0.0000	0.2321
89.0000	195.0000	Decrease Desire	Twizzlers	2.0000	2.0000	2.0000	2	-1.0000	0.7723	0.1677	0.1052	0.0000	0.1677	0.2160	-1.0000	0.1966	0.1977	-0.0011	0.4494
89.0000	196.0000	Decrease Desire	Prunes	2.0000	3.0000	4.0000	5	-1.0000	0.6887	0.1344	0.0317	0.0000	0.1344	0.1663	-1.0000	0.0420	0.0494	-0.0074	0.1395
89.0000	197.0000	Decrease Desire	Onion	3.0000	3.0000	6.0000	2	-1.0000	0.7223	0.1511	0.2933	0.0000	0.1511	0.1586	-1.0000	0.1357	0.1357	-0.0000	0.2794
89.0000	198.0000	Decrease Desire	PopTartStrawberry	6.0000	6.0000	2.0000	5	-1.0000	1.0245	0.5206	0.7341	0.0000	0.5206	0.2282	1.0000	0.0935	0.0935	-0.0000	0.1756
89.0000	199.0000	Decrease Desire	RufflesSourCreamOnion	6.0000	6.0000	3.0000	5	1.0000	3.2580	0.2183	-0.0229	1.0000	0.5711	0.1336	-1.0000	0.4836	0.4947	-0.0111	0.8332
89.0000	200.0000	Decrease Desire	SpeltCakes	5.0000	2.0000	4.0000	5	-1.0000	0.8565	0.2349	-0.0006	0.0000	0.2349	0.2035	-1.0000	0.2383	0.2383	-0.0000	0.4354
