Subject	Trial	Instruction	Food	Liking	Taste	Health	Amount	Choice	ChoiceRT	FirstDevTimeChoice	InitAngleChoice	NumChangeMindChoice	FinalDevTimeChoice	MaxVelocityChoice	DrxFirstDevChoice	TotalAUCChoice	AUCtoNonChosenChoice	AUCtoChosenChoice	MaxDevChoice
75.0000	1.0000	Respond Naturally	VanillaGreekYogurt	5.0000	6.0000	5.0000	2	-1.0000	1.4277	0.3863	1.2665	1.0000	0.6047	0.1650	1.0000	-0.0163	0.0392	-0.0555	0.2403
75.0000	2.0000	Respond Naturally	RiceKrispiesCereal	3.0000	6.0000	5.0000	7	-1.0000	1.3106	0.2522	1.1154	1.0000	0.8572	0.1409	1.0000	-0.2515	0.0000	-0.2515	-0.6425
75.0000	3.0000	Respond Naturally	SlicedTurkey	3.0000	2.0000	3.0000	5	-1.0000	1.3772	0.1009	0.6722	0.0000	0.1009	0.1259	-1.0000	0.0649	0.0651	-0.0002	0.0980
75.0000	4.0000	Respond Naturally	OatBran	6.0000	5.0000	5.0000	4	-1.0000	1.3940	0.3360	0.6518	0.0000	0.3360	0.2101	1.0000	-0.0737	0.0031	-0.0767	-0.2193
75.0000	5.0000	Respond Naturally	Raspberries	5.0000	5.0000	4.0000	5	-1.0000	1.2094	0.1009	1.1083	0.0000	0.1009	0.2051	-1.0000	-0.0267	0.0091	-0.0357	-0.1131
75.0000	6.0000	Respond Naturally	FrozenCorn	6.0000	6.0000	6.0000	2	1.0000	3.2747	0.1680	-0.5898	0.0000	0.1680	0.4429	1.0000	0.4437	0.4437	-0.0000	1.5252
75.0000	7.0000	Respond Naturally	VegetableThins	5.0000	6.0000	4.0000	5	1.0000	1.7973	0.1008	-0.5235	1.0000	0.7895	0.2762	-1.0000	0.4569	0.4569	-0.0000	1.1613
75.0000	8.0000	Respond Naturally	Bananas	6.0000	6.0000	6.0000	2	1.0000	3.0563	0.5544	-0.1994	0.0000	0.5544	0.1573	1.0000	0.1426	0.1426	-0.0000	0.3255
75.0000	9.0000	Respond Naturally	GreenGrapes	4.0000	6.0000	6.0000	1	-1.0000	2.1834	0.1007	0.2531	0.0000	0.1007	0.1551	-1.0000	0.2350	0.2350	-0.0000	0.6404
75.0000	10.0000	Respond Naturally	BrusselsSprouts	5.0000	6.0000	6.0000	2	1.0000	2.9891	0.8732	1.0649	1.0000	1.1084	0.2303	-1.0000	-0.0328	0.0102	-0.0430	0.1669
75.0000	11.0000	Decrease Desire	FrozenCorn	6.0000	6.0000	6.0000	4	1.0000	3.4601	0.1008	-0.0044	1.0000	0.9413	0.1513	-1.0000	0.2439	0.2439	-0.0000	1.0400
75.0000	12.0000	Decrease Desire	BrusselsSprouts	5.0000	6.0000	6.0000	4	-1.0000	1.7132	0.4869	0.2125	2.0000	0.9910	0.2254	-1.0000	0.2710	0.2741	-0.0030	0.6416
75.0000	13.0000	Decrease Desire	BabyFoodCarrots	2.0000	3.0000	5.0000	3	-1.0000	1.0079	0.1344	-0.0192	0.0000	0.1344	0.0986	-1.0000	0.2370	0.2377	-0.0007	0.5065
75.0000	14.0000	Decrease Desire	Doritos	6.0000	6.0000	3.0000	5	1.0000	1.2936	0.5209	-0.3162	0.0000	0.5209	0.1289	1.0000	0.1018	0.1018	-0.0000	0.3703
75.0000	15.0000	Decrease Desire	SunChips	6.0000	6.0000	4.0000	4	1.0000	1.4449	0.4034	-0.2648	1.0000	0.6890	0.3086	-1.0000	0.4330	0.4330	-0.0000	1.3408
75.0000	16.0000	Decrease Desire	RomaineLettuce	4.0000	5.0000	6.0000	4	-1.0000	1.1424	0.1176	-0.1589	0.0000	0.1176	0.2235	-1.0000	0.0234	0.0670	-0.0436	0.2291
75.0000	17.0000	Decrease Desire	MnMPeanuts	4.0000	5.0000	1.0000	2	-1.0000	1.1423	0.4704	0.0231	0.0000	0.4704	0.1558	-1.0000	0.1801	0.1808	-0.0006	0.4089
75.0000	18.0000	Decrease Desire	NatureValleyChocolate	5.0000	5.0000	5.0000	1	1.0000	2.0831	0.2016	-0.2377	1.0000	0.9914	0.2594	-1.0000	0.3627	0.3627	-0.0000	1.0406
75.0000	19.0000	Decrease Desire	BBQCrisps	5.0000	6.0000	2.0000	2	-1.0000	1.6799	0.1678	0.1164	2.0000	1.2264	0.1934	-1.0000	0.1936	0.1975	-0.0039	0.6194
75.0000	20.0000	Decrease Desire	MnMPeanuts	4.0000	5.0000	1.0000	4	-1.0000	1.1084	0.4869	0.0576	0.0000	0.4869	0.2227	-1.0000	0.0718	0.0718	-0.0000	0.1357
75.0000	21.0000	Decrease Desire	CornFlakes	6.0000	6.0000	6.0000	3	-1.0000	2.8043	0.3526	0.0681	2.0000	1.9816	0.2978	-1.0000	0.2284	0.2284	-0.0000	0.6932
75.0000	22.0000	Decrease Desire	CheeseNips	5.0000	4.0000	1.0000	5	-1.0000	0.9576	0.2353	0.2314	0.0000	0.2353	0.1093	-1.0000	0.1394	0.1394	-0.0000	0.2871
75.0000	23.0000	Decrease Desire	TofuDessert	1.0000	1.0000	3.0000	2	-1.0000	0.9240	0.1343	0.6502	0.0000	0.1343	0.0920	-1.0000	0.0193	0.0198	-0.0005	0.0572
75.0000	24.0000	Decrease Desire	ClamJuice	1.0000	1.0000	5.0000	3	-1.0000	1.1089	0.2016	0.5934	0.0000	0.2016	0.0817	-1.0000	0.0535	0.0546	-0.0010	0.1673
75.0000	25.0000	Decrease Desire	Twizzlers	2.0000	2.0000	1.0000	2	-1.0000	1.0418	0.1681	0.5479	0.0000	0.1681	0.1004	-1.0000	0.0261	0.0359	-0.0098	0.1117
75.0000	26.0000	Decrease Desire	Celery	3.0000	6.0000	6.0000	2	-1.0000	1.3101	0.4031	0.3057	2.0000	0.9070	0.1338	-1.0000	0.1647	0.1647	-0.0000	0.3687
75.0000	27.0000	Decrease Desire	IceCreamChocolate	4.0000	5.0000	3.0000	1	-1.0000	1.5454	0.1846	0.4213	2.0000	1.0584	0.2953	-1.0000	0.2979	0.2979	-0.0000	1.0180
75.0000	28.0000	Decrease Desire	HoneyNutCheerios	4.0000	6.0000	4.0000	5	-1.0000	1.0247	0.1846	0.4033	0.0000	0.1846	0.0849	-1.0000	0.0738	0.0749	-0.0011	0.2002
75.0000	29.0000	Decrease Desire	MnMPlain	4.0000	5.0000	1.0000	3	-1.0000	0.7897	0.1512	0.4595	0.0000	0.1512	0.1513	-1.0000	-0.0039	0.0077	-0.0116	-0.0817
75.0000	30.0000	Decrease Desire	Smartfood	6.0000	6.0000	3.0000	2	1.0000	1.2266	0.2185	-0.3262	1.0000	0.5377	0.1420	-1.0000	0.2815	0.2815	-0.0000	0.7547
75.0000	31.0000	Respond Naturally	AlmondMilk	5.0000	6.0000	6.0000	4	1.0000	3.5437	0.1512	-0.1655	1.0000	0.7726	0.2169	-1.0000	1.1261	1.1261	-0.0000	1.6953
75.0000	32.0000	Respond Naturally	VanillaGreekYogurt	5.0000	6.0000	5.0000	4	-1.0000	1.3436	0.1512	0.2803	0.0000	0.1512	0.0912	-1.0000	0.1030	0.1030	-0.0000	0.2786
75.0000	33.0000	Respond Naturally	OikosYogurt	5.0000	4.0000	5.0000	6	-1.0000	0.9744	0.1681	0.5965	0.0000	0.1681	0.0674	-1.0000	0.0307	0.0307	-0.0000	0.0913
75.0000	34.0000	Respond Naturally	VegetableThins	5.0000	5.0000	4.0000	2	-1.0000	4.3156	0.1344	0.6684	0.0000	0.1344	0.1048	-1.0000	0.0358	0.0358	-0.0000	0.0845
75.0000	35.0000	Respond Naturally	Broccoli	4.0000	5.0000	6.0000	4	-1.0000	0.8232	0.2857	0.8461	0.0000	0.2857	0.1006	-1.0000	0.0354	0.0356	-0.0003	0.0888
75.0000	36.0000	Respond Naturally	Mackerel	3.0000	3.0000	3.0000	1	-1.0000	1.1425	0.2521	0.5365	0.0000	0.2521	0.1040	-1.0000	0.0837	0.0837	-0.0000	0.1771
75.0000	37.0000	Respond Naturally	FrootLoops	2.0000	3.0000	2.0000	6	-1.0000	0.9577	0.1176	0.6094	0.0000	0.1176	0.0673	-1.0000	0.0221	0.0239	-0.0019	0.0703
75.0000	38.0000	Respond Naturally	NatureValleyChocolate	5.0000	5.0000	5.0000	4	1.0000	1.6799	0.1008	-0.6686	1.0000	0.5881	0.1216	-1.0000	0.5136	0.5136	-0.0000	0.8838
75.0000	39.0000	Respond Naturally	GreenGrapes	6.0000	6.0000	6.0000	4	-1.0000	1.0078	0.2854	0.3515	0.0000	0.2854	0.1142	-1.0000	0.0714	0.0714	-0.0000	0.1207
75.0000	40.0000	Respond Naturally	Reese	3.0000	2.0000	1.0000	1	-1.0000	1.1760	0.1847	0.1456	0.0000	0.1847	0.0622	-1.0000	0.0912	0.0912	-0.0000	0.1833
75.0000	41.0000	Respond Naturally	Smarties	2.0000	1.0000	1.0000	2	-1.0000	0.8575	0.2856	0.3373	0.0000	0.2856	0.2067	-1.0000	0.0605	0.1063	-0.0458	0.2585
75.0000	42.0000	Respond Naturally	FrozenBroccoli	5.0000	5.0000	6.0000	2	1.0000	1.5286	0.1175	-0.5558	1.0000	0.5039	0.1583	-1.0000	0.5098	0.5155	-0.0057	1.3120
75.0000	43.0000	Respond Naturally	RufflesSourCreamOnion	5.0000	6.0000	2.0000	3	1.0000	1.2600	0.2017	-0.5206	1.0000	0.6552	0.2521	-1.0000	0.6347	0.6347	-0.0000	1.3924
75.0000	44.0000	Respond Naturally	RomaineLettuce	5.0000	5.0000	6.0000	2	-1.0000	0.7559	0.1511	0.7560	0.0000	0.1511	0.1556	-1.0000	0.0082	0.0084	-0.0002	0.0332
75.0000	45.0000	Respond Naturally	Bananas	5.0000	5.0000	6.0000	3	-1.0000	1.5792	0.1681	0.6168	0.0000	0.1681	0.1276	-1.0000	0.0076	0.0108	-0.0031	0.0496
75.0000	46.0000	Respond Naturally	BabyFoodCarrots	4.0000	3.0000	4.0000	5	-1.0000	2.4516	0.1345	0.6259	0.0000	0.1345	0.0942	-1.0000	0.0049	0.0061	-0.0012	-0.0348
75.0000	47.0000	Respond Naturally	DriedHerring	3.0000	3.0000	3.0000	3	-1.0000	0.8401	0.2688	0.8044	0.0000	0.2688	0.0743	-1.0000	0.0026	0.0053	-0.0027	0.0264
75.0000	48.0000	Respond Naturally	OatmealSquares	3.0000	5.0000	5.0000	3	-1.0000	1.1928	0.1681	0.6229	0.0000	0.1681	0.0764	-1.0000	0.0860	0.0860	-0.0000	0.1615
75.0000	49.0000	Respond Naturally	FrozenOkra	4.0000	5.0000	6.0000	5	-1.0000	1.4445	0.1680	0.2391	0.0000	0.1680	0.1694	-1.0000	0.1168	0.1168	-0.0000	0.3701
75.0000	50.0000	Respond Naturally	EnglishCucumber	6.0000	6.0000	6.0000	2	1.0000	1.5452	0.3693	-0.1623	1.0000	0.7893	0.1889	-1.0000	0.5528	0.5528	-0.0000	1.2476
75.0000	51.0000	Decrease Desire	IceCreamVanilla	4.0000	5.0000	3.0000	1	-1.0000	1.1592	0.4031	-0.0000	0.0000	0.4031	0.1634	-1.0000	0.1362	0.1362	-0.0000	0.5466
75.0000	52.0000	Decrease Desire	MangoChunks	6.0000	6.0000	6.0000	5	1.0000	1.6461	0.1511	-0.3892	1.0000	0.9406	0.1702	-1.0000	0.7103	0.7103	-0.0000	1.3749
75.0000	53.0000	Decrease Desire	RedPepper	6.0000	6.0000	6.0000	5	1.0000	1.6293	0.2855	-0.1003	1.0000	0.7725	0.2542	-1.0000	0.6030	0.6030	-0.0000	1.4200
75.0000	54.0000	Decrease Desire	Snickers	3.0000	3.0000	1.0000	3	-1.0000	1.2096	0.3864	0.1545	0.0000	0.3864	0.1011	-1.0000	0.1451	0.1459	-0.0007	0.3949
75.0000	55.0000	Decrease Desire	RufflesSourCreamOnion	5.0000	5.0000	2.0000	5	1.0000	1.1089	0.4705	-0.5836	0.0000	0.4705	0.1460	1.0000	0.3622	0.3622	-0.0000	0.8240
75.0000	56.0000	Decrease Desire	Starburst	4.0000	5.0000	1.0000	3	-1.0000	1.3102	0.2017	0.2188	0.0000	0.2017	0.1203	-1.0000	0.1250	0.1250	-0.0000	0.3690
75.0000	57.0000	Decrease Desire	TofuDessert	2.0000	1.0000	2.0000	4	-1.0000	1.4448	0.6215	0.2206	0.0000	0.6215	0.1495	-1.0000	0.2609	0.2609	-0.0000	0.4640
75.0000	58.0000	Decrease Desire	Mars	2.0000	3.0000	1.0000	2	-1.0000	1.7299	0.2521	0.3108	0.0000	0.2521	0.0990	-1.0000	0.0412	0.0423	-0.0011	0.1821
75.0000	59.0000	Decrease Desire	Fritos	4.0000	6.0000	2.0000	5	1.0000	1.5457	0.3359	-0.0849	1.0000	0.5879	0.2542	-1.0000	0.3536	0.3536	-0.0000	1.2635
75.0000	60.0000	Decrease Desire	FrozenBlueberries	6.0000	5.0000	5.0000	3	-1.0000	2.1831	0.1512	0.3431	0.0000	0.1512	0.0691	-1.0000	0.0359	0.0372	-0.0014	0.1760
75.0000	61.0000	Decrease Desire	Broccoli	3.0000	6.0000	6.0000	1	1.0000	2.3514	0.2856	-0.3852	1.0000	0.7224	0.2628	-1.0000	0.7339	0.7339	-0.0000	1.5554
75.0000	62.0000	Decrease Desire	SevenGrain	5.0000	6.0000	5.0000	3	1.0000	0.9578	0.1176	-0.2294	1.0000	0.4705	0.1659	-1.0000	0.2620	0.2620	-0.0000	0.6849
75.0000	63.0000	Decrease Desire	CornFlakes	5.0000	5.0000	6.0000	6	1.0000	6.9683	0.1176	-0.0990	5.0000	5.8935	0.4212	-1.0000	0.7212	0.7212	-0.0000	1.4672
75.0000	64.0000	Decrease Desire	CoffeeCrisp	2.0000	3.0000	1.0000	3	-1.0000	1.1424	0.1008	0.3690	0.0000	0.1008	0.1335	-1.0000	0.0601	0.0601	-0.0000	0.1344
75.0000	65.0000	Decrease Desire	SkittlesSour	5.0000	5.0000	1.0000	3	-1.0000	1.5454	0.1510	0.3723	0.0000	0.1510	0.0621	-1.0000	0.0433	0.0470	-0.0037	0.1080
75.0000	66.0000	Decrease Desire	RaisinBran	6.0000	5.0000	5.0000	7	-1.0000	1.6796	0.2353	0.8007	0.0000	0.2353	0.0686	-1.0000	0.0290	0.0291	-0.0001	0.1361
75.0000	67.0000	Decrease Desire	Starburst	5.0000	6.0000	1.0000	6	-1.0000	0.9075	0.2857	0.3643	0.0000	0.2857	0.1116	-1.0000	0.0820	0.0830	-0.0011	0.2194
75.0000	68.0000	Decrease Desire	RitzCrackers	4.0000	5.0000	3.0000	5	-1.0000	1.1593	0.1849	0.5217	0.0000	0.1849	0.0656	-1.0000	0.0283	0.0308	-0.0025	0.0864
75.0000	69.0000	Decrease Desire	Nutella	4.0000	5.0000	4.0000	1	-1.0000	1.0082	0.1344	0.4682	0.0000	0.1344	0.1117	-1.0000	0.0199	0.0383	-0.0184	0.1224
75.0000	70.0000	Decrease Desire	Triscuit	3.0000	6.0000	4.0000	2	-1.0000	0.9745	0.1176	0.5725	0.0000	0.1176	0.0701	-1.0000	0.0285	0.0290	-0.0005	0.1082
75.0000	71.0000	Respond Naturally	YorkPeppermintPatties	3.0000	4.0000	3.0000	4	-1.0000	1.0076	0.3189	0.2470	0.0000	0.3189	0.2113	-1.0000	0.2275	0.2291	-0.0016	0.6479
75.0000	72.0000	Respond Naturally	Reese	2.0000	1.0000	1.0000	4	-1.0000	0.9239	0.1846	0.4572	0.0000	0.1846	0.1275	-1.0000	0.0224	0.0519	-0.0295	0.1542
75.0000	73.0000	Respond Naturally	PCChipCookie	3.0000	3.0000	2.0000	2	-1.0000	1.1088	0.1512	0.3260	0.0000	0.1512	0.1045	-1.0000	0.0444	0.0513	-0.0070	0.1955
75.0000	74.0000	Respond Naturally	Prunes	4.0000	5.0000	5.0000	5	-1.0000	1.1085	0.1678	0.3086	0.0000	0.1678	0.1403	-1.0000	0.0876	0.0876	-0.0000	0.2363
75.0000	75.0000	Respond Naturally	OatmealSquares	4.0000	5.0000	4.0000	7	-1.0000	0.9408	0.1345	0.4128	0.0000	0.1345	0.0651	-1.0000	0.0311	0.0346	-0.0035	0.1002
75.0000	76.0000	Respond Naturally	PureFit	6.0000	5.0000	4.0000	4	-1.0000	1.0081	0.3864	0.7245	0.0000	0.3864	0.1193	-1.0000	0.0082	0.0152	-0.0069	0.0429
75.0000	77.0000	Respond Naturally	SlimStyles	1.0000	1.0000	1.0000	6	-1.0000	1.0082	0.1008	0.2263	0.0000	0.1008	0.0631	-1.0000	0.0666	0.0775	-0.0108	0.1976
75.0000	78.0000	Respond Naturally	Caramilk	2.0000	5.0000	1.0000	5	-1.0000	0.8567	0.1846	0.5303	0.0000	0.1846	0.0722	-1.0000	0.0398	0.0452	-0.0054	0.1239
75.0000	79.0000	Respond Naturally	Aero	3.0000	4.0000	1.0000	1	-1.0000	0.7056	0.1849	0.5777	0.0000	0.1849	0.0857	-1.0000	0.0455	0.0455	-0.0000	0.1010
75.0000	80.0000	Respond Naturally	PopTartStrawberry	1.0000	1.0000	1.0000	2	-1.0000	0.7730	0.1681	0.4823	0.0000	0.1681	0.0882	-1.0000	0.0718	0.0718	-0.0000	0.1280
75.0000	81.0000	Decrease Desire	SevenGrain	5.0000	5.0000	6.0000	1	1.0000	1.1926	0.3862	0.0261	1.0000	0.5878	0.2428	-1.0000	0.1946	0.2268	-0.0322	0.9212
75.0000	82.0000	Decrease Desire	Mentos	3.0000	4.0000	1.0000	2	-1.0000	0.7560	0.1848	0.3917	0.0000	0.1848	0.1091	-1.0000	0.1065	0.1065	-0.0000	0.2464
75.0000	83.0000	Decrease Desire	DriedHerring	4.0000	3.0000	3.0000	1	-1.0000	0.8734	0.1512	0.6771	0.0000	0.1512	0.1048	-1.0000	0.0187	0.0187	-0.0000	0.0791
75.0000	84.0000	Decrease Desire	Cheerios	5.0000	6.0000	5.0000	2	1.0000	1.1592	0.2185	-0.5051	1.0000	0.7225	0.2809	-1.0000	0.5921	0.5921	-0.0000	1.1294
75.0000	85.0000	Decrease Desire	Nutella	4.0000	5.0000	3.0000	4	-1.0000	1.3438	0.1007	0.5918	0.0000	0.1007	0.0894	-1.0000	0.0660	0.0660	-0.0001	0.1445
75.0000	86.0000	Decrease Desire	YorkPeppermintPatties	3.0000	4.0000	3.0000	2	-1.0000	0.9071	0.1176	0.4199	0.0000	0.1176	0.1138	-1.0000	-0.0071	0.0178	-0.0250	0.0871
75.0000	87.0000	Decrease Desire	Strawberries	4.0000	5.0000	5.0000	2	-1.0000	1.1086	0.1680	0.4687	0.0000	0.1680	0.1048	-1.0000	0.0492	0.0492	-0.0000	0.1165
75.0000	88.0000	Decrease Desire	Tempeh	2.0000	1.0000	2.0000	4	-1.0000	0.8230	0.1007	0.4974	0.0000	0.1007	0.1137	-1.0000	0.0515	0.0515	-0.0000	0.0918
75.0000	89.0000	Decrease Desire	GreenApple	6.0000	6.0000	6.0000	4	1.0000	1.8141	0.1008	-0.2913	1.0000	0.5377	0.2765	-1.0000	0.6313	0.6313	-0.0000	1.6571
75.0000	90.0000	Decrease Desire	ProMax	5.0000	4.0000	3.0000	4	-1.0000	0.9409	0.1849	0.3497	0.0000	0.1849	0.0844	-1.0000	0.0606	0.0606	-0.0001	0.1280
75.0000	91.0000	Respond Naturally	SkimMilk	5.0000	6.0000	6.0000	4	1.0000	2.8714	0.1681	-0.5173	1.0000	0.8903	0.3030	-1.0000	0.3527	0.3527	-0.0000	1.4451
75.0000	92.0000	Respond Naturally	Asparagus	4.0000	5.0000	6.0000	3	1.0000	1.4449	0.2353	-0.5536	1.0000	0.8905	0.2056	-1.0000	0.5542	0.5542	-0.0000	1.2807
75.0000	93.0000	Respond Naturally	KashiBars	5.0000	6.0000	5.0000	4	1.0000	1.1594	0.2521	0.0000	1.0000	0.4873	0.1469	-1.0000	0.1288	0.1353	-0.0065	0.5332
75.0000	94.0000	Respond Naturally	AllBranBar	5.0000	5.0000	4.0000	1	1.0000	1.1594	0.1849	-0.2224	1.0000	0.5714	0.3323	-1.0000	0.2562	0.2646	-0.0084	1.1177
75.0000	95.0000	Respond Naturally	FrozenBlueberries	5.0000	6.0000	5.0000	1	-1.0000	1.0418	0.1009	0.0735	0.0000	0.1009	0.1378	-1.0000	-0.0241	0.0271	-0.0512	-0.1688
75.0000	96.0000	Respond Naturally	Doritos	6.0000	6.0000	3.0000	2	1.0000	1.2096	0.1849	-0.2830	1.0000	0.5377	0.2034	-1.0000	0.1832	0.1963	-0.0132	0.8253
75.0000	97.0000	Respond Naturally	IceCreamVanilla	2.0000	5.0000	3.0000	4	-1.0000	1.3771	0.5038	0.1519	0.0000	0.5038	0.1229	-1.0000	0.0484	0.0484	-0.0000	0.1956
75.0000	98.0000	Respond Naturally	Butternut	4.0000	6.0000	6.0000	3	1.0000	1.4113	0.1680	-0.5191	1.0000	0.6720	0.1943	-1.0000	0.5118	0.5118	-0.0000	1.4095
75.0000	99.0000	Respond Naturally	MnMPlain	3.0000	4.0000	1.0000	5	-1.0000	1.0249	0.1344	-0.4133	1.0000	0.4033	0.3089	1.0000	0.1245	0.1575	-0.0330	0.6213
75.0000	100.0000	Respond Naturally	Onion	1.0000	1.0000	6.0000	2	-1.0000	0.8905	0.2016	-0.0000	0.0000	0.2016	0.0963	-1.0000	0.0256	0.0256	-0.0000	0.0727
75.0000	101.0000	Decrease Desire	AllBranCereal	5.0000	6.0000	6.0000	6	-1.0000	1.6124	0.3024	0.0783	0.0000	0.3024	0.1402	-1.0000	0.1206	0.1206	-0.0000	0.2761
75.0000	102.0000	Decrease Desire	Cauliflower	5.0000	6.0000	6.0000	2	1.0000	0.9910	0.2183	-0.1401	1.0000	0.4872	0.2007	-1.0000	0.2779	0.2779	-0.0000	0.6998
75.0000	103.0000	Decrease Desire	FrozenPeas	5.0000	6.0000	6.0000	6	1.0000	0.9910	0.2015	-0.2708	0.0000	0.2015	0.1188	1.0000	0.1272	0.1272	-0.0000	0.3987
75.0000	104.0000	Decrease Desire	IceCreamChocolate	4.0000	6.0000	3.0000	4	1.0000	1.0750	0.4197	NA	0.0000	0.4197	0.1026	1.0000	0.0982	0.0982	-0.0000	0.2901
75.0000	105.0000	Decrease Desire	Shreddies	6.0000	6.0000	5.0000	2	1.0000	1.1257	0.1679	0.0307	0.0000	0.1679	0.0902	1.0000	0.0957	0.0957	-0.0000	0.1984
75.0000	106.0000	Decrease Desire	FrozenPeaches	5.0000	6.0000	6.0000	5	1.0000	1.5622	0.3022	-0.4199	1.0000	0.6719	0.4118	-1.0000	0.3786	0.3786	-0.0000	1.3827
75.0000	107.0000	Decrease Desire	SlimStyles	1.0000	1.0000	1.0000	2	-1.0000	1.2936	0.2689	0.1589	1.0000	0.4201	0.3054	1.0000	-0.0533	0.0576	-0.1110	-0.6018
75.0000	108.0000	Decrease Desire	LaysClassic	5.0000	6.0000	3.0000	3	1.0000	1.4109	0.6550	-0.1778	0.0000	0.6550	0.1750	1.0000	0.2843	0.2843	-0.0000	0.5168
75.0000	109.0000	Decrease Desire	PureFit	5.0000	4.0000	4.0000	2	-1.0000	1.2094	0.3190	0.1315	1.0000	0.5374	0.3491	1.0000	0.1578	0.2358	-0.0780	0.9368
75.0000	110.0000	Decrease Desire	GreenPepper	6.0000	6.0000	6.0000	6	1.0000	1.1925	0.3692	0.2354	1.0000	0.6212	0.2722	-1.0000	0.2499	0.2499	-0.0000	0.9579
75.0000	111.0000	Respond Naturally	FrootLoops	3.0000	3.0000	2.0000	2	-1.0000	1.6129	0.2185	-0.1788	1.0000	0.6721	0.2317	1.0000	0.6617	0.6617	-0.0000	1.6647
75.0000	112.0000	Respond Naturally	FrozenPeas	5.0000	6.0000	6.0000	2	1.0000	0.9239	0.2352	-0.0800	1.0000	0.4872	0.2349	-1.0000	0.1080	0.1080	-0.0000	0.4228
75.0000	113.0000	Respond Naturally	DriedApricots	4.0000	6.0000	6.0000	2	1.0000	1.1425	0.1345	0.5352	0.0000	0.1345	0.1766	1.0000	0.0913	0.0913	-0.0000	0.2198
75.0000	114.0000	Respond Naturally	Fritos	3.0000	6.0000	2.0000	2	1.0000	0.8569	0.1680	0.5581	0.0000	0.1680	0.1208	1.0000	0.0171	0.0203	-0.0032	0.0693
75.0000	115.0000	Respond Naturally	Celery	2.0000	5.0000	6.0000	4	-1.0000	1.2098	0.2520	1.0970	0.0000	0.2520	0.0803	-1.0000	0.0229	0.0245	-0.0016	0.1194
75.0000	116.0000	Respond Naturally	ClifBar	5.0000	5.0000	4.0000	4	1.0000	1.6292	0.3862	-0.2415	1.0000	0.8231	0.4660	-1.0000	0.3422	0.3511	-0.0089	1.2228
75.0000	117.0000	Respond Naturally	WelchsFruitSnacks	6.0000	6.0000	3.0000	3	1.0000	1.0082	0.3529	-0.2044	1.0000	0.5041	0.3347	-1.0000	0.2530	0.2530	-0.0000	0.8415
75.0000	118.0000	Respond Naturally	WelchsFruitSnacks	5.0000	6.0000	3.0000	1	1.0000	1.0583	0.1679	0.5613	0.0000	0.1679	0.2023	1.0000	0.0645	0.0645	-0.0000	0.1487
75.0000	119.0000	Respond Naturally	SkittlesSour	3.0000	5.0000	1.0000	6	-1.0000	2.7379	0.4533	0.1339	1.0000	0.7724	0.1631	1.0000	0.2066	0.2267	-0.0201	0.7514
75.0000	120.0000	Respond Naturally	ProMax	5.0000	3.0000	4.0000	2	-1.0000	1.0583	0.2686	0.4165	0.0000	0.2686	0.1367	-1.0000	0.1149	0.1149	-0.0000	0.2062
75.0000	121.0000	Respond Naturally	FrozenPeaches	6.0000	6.0000	6.0000	2	1.0000	1.2937	0.4369	0.3186	0.0000	0.4369	0.1873	1.0000	0.0371	0.0592	-0.0221	0.2742
75.0000	122.0000	Respond Naturally	Pringles	5.0000	6.0000	3.0000	5	1.0000	1.0919	0.2016	0.7588	0.0000	0.2016	0.1518	1.0000	-0.0636	0.0001	-0.0636	-0.1906
75.0000	123.0000	Respond Naturally	AllBranBar	5.0000	5.0000	5.0000	3	1.0000	1.7974	0.1176	0.0000	1.0000	0.5881	0.3391	-1.0000	0.0816	0.1325	-0.0509	0.8768
75.0000	124.0000	Respond Naturally	Asparagus	5.0000	4.0000	6.0000	6	-1.0000	2.6709	0.2184	-0.3884	2.0000	1.7133	0.2551	-1.0000	0.5043	0.5043	-0.0000	1.3368
75.0000	125.0000	Respond Naturally	BBQCrisps	3.0000	6.0000	2.0000	6	-1.0000	3.5601	0.2016	0.8234	2.0000	1.0919	0.2601	-1.0000	1.0071	1.0071	-0.0001	1.7369
75.0000	126.0000	Respond Naturally	SlicedTurkey	2.0000	2.0000	3.0000	2	-1.0000	1.1087	0.5544	0.2988	0.0000	0.5544	0.1744	-1.0000	0.0908	0.1029	-0.0122	0.4059
75.0000	127.0000	Respond Naturally	Mackerel	3.0000	3.0000	3.0000	3	-1.0000	0.8903	0.2518	0.0346	0.0000	0.2518	0.1345	-1.0000	0.0612	0.0657	-0.0045	0.2148
75.0000	128.0000	Respond Naturally	Almonds	5.0000	5.0000	5.0000	4	-1.0000	1.0920	0.2352	-0.0327	0.0000	0.2352	0.1024	-1.0000	0.0740	0.0740	-0.0000	0.1690
75.0000	129.0000	Respond Naturally	BabyFoodSweetPotatos	2.0000	5.0000	4.0000	5	-1.0000	1.0246	0.2181	0.2919	0.0000	0.2181	0.1621	-1.0000	-0.0059	0.0464	-0.0523	-0.2761
75.0000	130.0000	Respond Naturally	AppleChips	6.0000	6.0000	5.0000	5	1.0000	1.4952	0.3864	-0.2844	1.0000	0.8568	0.3259	-1.0000	0.6170	0.6170	-0.0000	1.4057
75.0000	131.0000	Decrease Desire	RiceKrispiesCereal	4.0000	4.0000	5.0000	3	-1.0000	1.0245	0.3192	0.1186	0.0000	0.3192	0.1638	-1.0000	0.1069	0.1069	-0.0000	0.2786
75.0000	132.0000	Decrease Desire	CannedArtichoke	4.0000	5.0000	6.0000	5	-1.0000	0.9073	0.1342	0.1358	0.0000	0.1342	0.1034	-1.0000	0.1038	0.1038	-0.0000	0.1914
75.0000	133.0000	Decrease Desire	Pringles	5.0000	6.0000	2.0000	2	1.0000	1.2095	0.4201	-0.4036	0.0000	0.4201	0.2467	1.0000	0.1163	0.1163	-0.0000	0.4247
75.0000	134.0000	Decrease Desire	Skittles	3.0000	5.0000	1.0000	6	-1.0000	0.9745	0.1176	0.3635	0.0000	0.1176	0.1433	-1.0000	0.0577	0.0577	-0.0000	0.1283
75.0000	135.0000	Decrease Desire	Cauliflower	5.0000	6.0000	6.0000	6	1.0000	2.0320	0.1343	-0.5384	1.0000	0.8231	0.3467	-1.0000	0.2646	0.2646	-0.0000	0.9314
75.0000	136.0000	Decrease Desire	Onion	1.0000	1.0000	6.0000	4	-1.0000	1.3608	0.3524	0.0811	0.0000	0.3524	0.1940	-1.0000	0.0669	0.0703	-0.0034	0.3003
75.0000	137.0000	Decrease Desire	Strawberries	5.0000	6.0000	5.0000	3	-1.0000	0.9909	0.3191	0.1271	0.0000	0.3191	0.1451	-1.0000	0.1413	0.1413	-0.0000	0.2946
75.0000	138.0000	Decrease Desire	Twizzlers	2.0000	4.0000	1.0000	4	-1.0000	1.0249	0.2352	-0.3901	0.0000	0.2352	0.1430	-1.0000	0.1054	0.1054	-0.0000	0.2567
75.0000	139.0000	Decrease Desire	GreenPepper	6.0000	6.0000	6.0000	2	1.0000	1.2265	0.1177	0.0000	1.0000	0.6386	0.2696	-1.0000	0.3684	0.3684	-0.0000	1.0516
75.0000	140.0000	Decrease Desire	CoffeeCrisp	2.0000	1.0000	2.0000	1	-1.0000	0.8065	0.1344	0.6652	0.0000	0.1344	0.1220	-1.0000	0.0159	0.0372	-0.0213	0.1465
75.0000	141.0000	Respond Naturally	BabyFoodSweetPotatos	2.0000	3.0000	4.0000	2	-1.0000	0.9575	0.4030	0.4179	0.0000	0.4030	0.2676	-1.0000	0.0012	0.0709	-0.0697	-0.2998
75.0000	142.0000	Respond Naturally	Prunes	3.0000	5.0000	5.0000	2	-1.0000	0.8399	0.3024	0.1455	0.0000	0.3024	0.1564	-1.0000	0.2052	0.2052	-0.0000	0.4203
75.0000	143.0000	Respond Naturally	PopTartStrawberry	2.0000	1.0000	1.0000	5	-1.0000	1.2263	0.1176	-0.0697	0.0000	0.1176	0.0849	-1.0000	0.1476	0.1476	-0.0000	0.3827
75.0000	144.0000	Respond Naturally	WaterChestnuts	4.0000	2.0000	4.0000	5	-1.0000	1.1425	0.1849	0.3358	0.0000	0.1849	0.0615	-1.0000	0.1059	0.1059	-0.0000	0.1810
75.0000	145.0000	Respond Naturally	LaysClassic	4.0000	6.0000	3.0000	4	1.0000	1.4946	0.1008	-0.0602	1.0000	0.4537	0.3632	-1.0000	0.1516	0.1516	-0.0000	0.8729
75.0000	146.0000	Respond Naturally	MangoChunks	6.0000	6.0000	6.0000	2	1.0000	1.0585	0.2185	-0.2926	1.0000	0.5881	0.2567	-1.0000	0.3923	0.3923	-0.0000	1.0169
75.0000	147.0000	Respond Naturally	Skittles	3.0000	5.0000	1.0000	3	1.0000	1.8816	0.1681	-0.1318	1.0000	1.1089	0.2167	-1.0000	0.6772	0.6772	-0.0000	1.4476
75.0000	148.0000	Respond Naturally	Triscuit	6.0000	5.0000	4.0000	5	-1.0000	1.0754	0.1848	0.0481	0.0000	0.1848	0.0974	-1.0000	0.0305	0.0309	-0.0004	0.0691
75.0000	149.0000	Respond Naturally	AllBranCereal	5.0000	5.0000	5.0000	2	-1.0000	0.9745	0.1008	0.5400	0.0000	0.1008	0.1370	-1.0000	0.0284	0.0284	-0.0000	0.1045
75.0000	150.0000	Respond Naturally	SkimMilk	5.0000	6.0000	6.0000	1	-1.0000	1.0249	0.2184	0.2732	0.0000	0.2184	0.1230	-1.0000	0.0871	0.0956	-0.0085	0.2385
75.0000	151.0000	Decrease Desire	PCChipCookie	4.0000	3.0000	2.0000	5	-1.0000	1.1424	0.2855	-0.1571	0.0000	0.2855	0.1145	-1.0000	0.0493	0.0683	-0.0190	0.2231
75.0000	152.0000	Decrease Desire	OatBran	5.0000	6.0000	5.0000	2	-1.0000	1.1255	0.4367	-0.0000	0.0000	0.4367	0.1152	-1.0000	0.0507	0.0530	-0.0022	0.2305
75.0000	153.0000	Decrease Desire	AlmondMilk	4.0000	6.0000	6.0000	2	-1.0000	1.4278	0.2688	-0.6072	0.0000	0.2688	0.1104	-1.0000	0.0089	0.0236	-0.0147	0.1115
75.0000	154.0000	Decrease Desire	RedPepper	6.0000	6.0000	6.0000	2	-1.0000	1.2262	0.4031	0.2889	0.0000	0.4031	0.1365	-1.0000	0.1026	0.1028	-0.0002	0.2647
75.0000	155.0000	Decrease Desire	DriedApricots	6.0000	6.0000	6.0000	5	-1.0000	1.8816	0.4030	0.5738	2.0000	1.3272	0.2951	-1.0000	0.2471	0.2543	-0.0072	0.9685
75.0000	156.0000	Decrease Desire	WaterChestnuts	4.0000	3.0000	3.0000	3	-1.0000	0.9241	0.2353	0.0147	0.0000	0.2353	0.1494	-1.0000	0.1129	0.1129	-0.0000	0.3213
75.0000	157.0000	Decrease Desire	Shreddies	6.0000	5.0000	6.0000	5	-1.0000	1.0750	0.1681	-0.2441	0.0000	0.1681	0.1597	-1.0000	0.1413	0.1413	-0.0000	0.3837
75.0000	158.0000	Decrease Desire	OikosYogurt	6.0000	5.0000	5.0000	3	-1.0000	0.8233	0.1345	0.0062	0.0000	0.1345	0.1333	-1.0000	0.1116	0.1116	-0.0000	0.3025
75.0000	159.0000	Decrease Desire	Cheetos	5.0000	6.0000	2.0000	3	1.0000	1.1760	0.1008	-0.0613	1.0000	0.4537	0.2084	-1.0000	0.6613	0.6613	-0.0000	1.6664
75.0000	160.0000	Decrease Desire	Tuna	4.0000	5.0000	6.0000	4	-1.0000	0.7222	0.1008	-0.4154	0.0000	0.1008	0.1704	-1.0000	0.0760	0.0760	-0.0000	0.2872
75.0000	161.0000	Decrease Desire	Snickers	3.0000	3.0000	1.0000	2	-1.0000	0.7894	0.2182	0.4416	0.0000	0.2182	0.1192	-1.0000	0.0921	0.0921	-0.0000	0.2004
75.0000	162.0000	Decrease Desire	FrozenOkra	6.0000	5.0000	4.0000	2	-1.0000	0.7560	0.1513	0.6744	0.0000	0.1513	0.1185	-1.0000	0.0405	0.0405	-0.0000	0.1158
75.0000	163.0000	Decrease Desire	Smarties	2.0000	3.0000	1.0000	5	-1.0000	0.8736	0.2185	0.3737	0.0000	0.2185	0.1067	-1.0000	0.0882	0.0882	-0.0000	0.2240
75.0000	164.0000	Decrease Desire	ClifBar	6.0000	4.0000	4.0000	2	-1.0000	1.7137	0.2015	0.3339	2.0000	1.1257	0.3947	-1.0000	0.3403	0.3499	-0.0095	1.1986
75.0000	165.0000	Decrease Desire	CannedArtichoke	5.0000	4.0000	4.0000	2	-1.0000	0.8065	0.1680	0.7690	0.0000	0.1680	0.0882	-1.0000	0.0561	0.0565	-0.0004	0.1468
75.0000	166.0000	Decrease Desire	SpeltCakes	6.0000	6.0000	6.0000	2	1.0000	1.4450	0.1513	-0.3314	1.0000	0.7394	0.2144	-1.0000	0.6066	0.6066	-0.0000	1.2485
75.0000	167.0000	Decrease Desire	Beets	3.0000	4.0000	5.0000	2	-1.0000	0.6886	0.1174	0.5718	0.0000	0.1174	0.1258	-1.0000	0.0440	0.0440	-0.0000	0.1288
75.0000	168.0000	Decrease Desire	Avocado	6.0000	6.0000	6.0000	2	1.0000	1.5458	0.2185	-0.6219	3.0000	0.9073	0.2995	-1.0000	0.7840	0.7840	-0.0000	1.5204
75.0000	169.0000	Decrease Desire	EnglishCucumber	6.0000	6.0000	6.0000	5	1.0000	1.1089	0.1344	-0.4422	1.0000	0.4705	0.1795	-1.0000	0.3489	0.3489	-0.0000	0.8752
75.0000	170.0000	Decrease Desire	Tuna	5.0000	4.0000	6.0000	2	1.0000	2.0659	0.2017	-0.1330	1.0000	1.2093	0.2534	-1.0000	0.6925	0.6954	-0.0029	1.4348
75.0000	171.0000	Respond Naturally	Cheerios	5.0000	6.0000	6.0000	5	-1.0000	2.9900	0.3864	0.8492	1.0000	2.3012	0.2191	1.0000	0.7994	0.7997	-0.0003	1.4080
75.0000	172.0000	Respond Naturally	GreenBeans	6.0000	6.0000	6.0000	4	1.0000	3.5593	0.3527	-0.2973	1.0000	0.8567	0.2031	-1.0000	0.1809	0.1809	-0.0000	1.4198
75.0000	173.0000	Respond Naturally	Spinach	5.0000	6.0000	6.0000	2	-1.0000	1.7644	0.2690	0.0526	2.0000	1.1259	0.2965	-1.0000	0.1595	0.1794	-0.0199	0.9802
75.0000	174.0000	Respond Naturally	Spinach	5.0000	6.0000	6.0000	4	-1.0000	1.1594	0.3865	0.3347	0.0000	0.3865	0.0842	-1.0000	0.0821	0.0822	-0.0000	0.2910
75.0000	175.0000	Respond Naturally	Orange	5.0000	6.0000	6.0000	5	1.0000	2.2337	0.1681	-0.3068	1.0000	0.4538	0.1914	-1.0000	0.1917	0.1917	-0.0000	0.9551
75.0000	176.0000	Respond Naturally	Raspberries	5.0000	6.0000	4.0000	4	-1.0000	0.9745	0.1177	-0.0000	0.0000	0.1177	0.1823	-1.0000	0.0934	0.0934	-0.0000	0.2199
75.0000	177.0000	Respond Naturally	Butternut	6.0000	6.0000	6.0000	7	1.0000	2.1492	0.4031	-0.6170	0.0000	0.4031	0.1525	1.0000	0.1066	0.1066	-0.0000	0.5814
75.0000	178.0000	Respond Naturally	RaisinBran	5.0000	5.0000	5.0000	3	-1.0000	0.9575	0.3022	-0.3718	0.0000	0.3022	0.1228	-1.0000	0.1993	0.1993	-0.0000	0.3035
75.0000	179.0000	Respond Naturally	Caramilk	1.0000	2.0000	1.0000	2	-1.0000	0.9910	0.2350	0.5788	0.0000	0.2350	0.0756	-1.0000	0.0399	0.0447	-0.0048	0.1192
75.0000	180.0000	Respond Naturally	Tempeh	3.0000	1.0000	2.0000	2	-1.0000	1.0750	0.2182	0.5825	0.0000	0.2182	0.0861	-1.0000	0.0638	0.0638	-0.0000	0.2073
75.0000	181.0000	Respond Naturally	CheeseNips	4.0000	4.0000	2.0000	2	-1.0000	0.8737	0.1681	0.3989	0.0000	0.1681	0.1759	-1.0000	0.1252	0.1252	-0.0000	0.2848
75.0000	182.0000	Respond Naturally	SunChips	6.0000	6.0000	3.0000	2	1.0000	1.0248	0.4703	-0.8789	0.0000	0.4703	0.1741	1.0000	0.2498	0.2617	-0.0119	0.6913
75.0000	183.0000	Respond Naturally	HoneyNutCheerios	4.0000	5.0000	4.0000	2	-1.0000	1.9320	0.5709	0.7377	2.0000	1.3439	0.2619	-1.0000	0.2450	0.2482	-0.0032	1.0592
75.0000	184.0000	Respond Naturally	RitzCrackers	5.0000	4.0000	3.0000	2	-1.0000	0.8905	0.1008	0.2890	0.0000	0.1008	0.1269	-1.0000	0.0727	0.0750	-0.0023	0.2472
75.0000	185.0000	Respond Naturally	Aero	3.0000	2.0000	1.0000	3	-1.0000	1.1091	0.2184	0.4534	0.0000	0.2184	0.0734	-1.0000	0.0695	0.0695	-0.0000	0.1729
75.0000	186.0000	Respond Naturally	Smartfood	6.0000	6.0000	3.0000	4	1.0000	1.4777	0.3018	-0.1633	1.0000	0.5202	0.3426	-1.0000	0.3566	0.3566	-0.0000	1.3193
75.0000	187.0000	Respond Naturally	AppleChips	5.0000	6.0000	5.0000	2	1.0000	1.0753	0.2689	0.2419	1.0000	0.5377	0.2400	-1.0000	0.3110	0.3110	-0.0000	0.9827
75.0000	188.0000	Respond Naturally	SpeltCakes	6.0000	6.0000	5.0000	5	1.0000	1.4113	0.1345	-0.3128	1.0000	0.5041	0.1868	-1.0000	0.1589	0.1671	-0.0083	0.7655
75.0000	189.0000	Respond Naturally	FrozenBroccoli	6.0000	6.0000	6.0000	6	1.0000	1.5279	0.2014	0.7761	0.0000	0.2014	0.1415	1.0000	0.0215	0.0215	-0.0001	0.1210
75.0000	190.0000	Respond Naturally	Avocado	5.0000	6.0000	6.0000	5	1.0000	0.8905	0.1681	0.6642	0.0000	0.1681	0.1382	1.0000	0.0649	0.0649	-0.0000	0.1336
75.0000	191.0000	Decrease Desire	GreenApple	6.0000	6.0000	6.0000	2	1.0000	0.8905	0.1681	-0.0114	1.0000	0.3361	0.1089	-1.0000	0.1745	0.1745	-0.0000	0.4476
75.0000	192.0000	Decrease Desire	KashiBars	6.0000	5.0000	5.0000	1	1.0000	1.0246	0.3358	0.0000	0.0000	0.3358	0.1368	1.0000	0.0625	0.0625	-0.0000	0.2258
75.0000	193.0000	Decrease Desire	Beets	2.0000	3.0000	6.0000	5	-1.0000	0.9746	0.1177	-0.6586	1.0000	0.3865	0.2189	1.0000	0.1979	0.2420	-0.0440	0.8192
75.0000	194.0000	Decrease Desire	GreenBeans	6.0000	6.0000	6.0000	2	1.0000	1.0584	0.2017	-0.5526	1.0000	0.4369	0.1701	-1.0000	0.2424	0.2424	-0.0000	0.5902
75.0000	195.0000	Decrease Desire	Mentos	3.0000	1.0000	1.0000	5	-1.0000	1.0752	0.2352	0.4618	0.0000	0.2352	0.1208	-1.0000	0.0247	0.0270	-0.0022	0.1592
75.0000	196.0000	Decrease Desire	ClamJuice	1.0000	1.0000	5.0000	1	-1.0000	1.0417	0.3697	0.1927	0.0000	0.3697	0.1327	-1.0000	0.0584	0.0584	-0.0000	0.2137
75.0000	197.0000	Decrease Desire	Orange	6.0000	6.0000	6.0000	1	1.0000	1.1087	0.1006	-0.6186	1.0000	0.3862	0.1315	-1.0000	0.2016	0.2016	-0.0000	0.6458
75.0000	198.0000	Decrease Desire	Almonds	4.0000	6.0000	6.0000	2	-1.0000	0.9745	0.1008	0.4681	0.0000	0.1008	0.1034	-1.0000	0.0185	0.0262	-0.0077	0.1106
75.0000	199.0000	Decrease Desire	Mars	2.0000	6.0000	1.0000	4	-1.0000	1.0081	0.1008	0.3602	0.0000	0.1008	0.0833	-1.0000	0.0866	0.0867	-0.0000	0.2256
75.0000	200.0000	Decrease Desire	Cheetos	4.0000	6.0000	2.0000	6	1.0000	1.6127	0.1176	-0.1778	1.0000	0.3864	0.1179	-1.0000	0.2175	0.2175	-0.0000	0.5417
