Subject	Trial	Instruction	Food	Liking	Taste	Health	Amount	Choice	ChoiceRT	FirstDevTimeChoice	InitAngleChoice	NumChangeMindChoice	FinalDevTimeChoice	MaxVelocityChoice	DrxFirstDevChoice	TotalAUCChoice	AUCtoNonChosenChoice	AUCtoChosenChoice	MaxDevChoice
106.0000	1.0000	Respond Naturally	OikosYogurt	4.0000	6.0000	6.0000	6	1.0000	1.0249	0.2520	NA	1.0000	0.4367	0.1607	-1.0000	0.0659	0.0663	-0.0004	0.2592
106.0000	2.0000	Respond Naturally	AllBranBar	4.0000	3.0000	3.0000	1	-1.0000	1.0419	0.3193	-0.0844	1.0000	0.5210	0.1481	1.0000	0.2798	0.2798	-0.0000	0.7108
106.0000	3.0000	Respond Naturally	Onion	1.0000	1.0000	4.0000	2	-1.0000	0.9242	0.1345	-0.3016	1.0000	0.4034	0.2038	1.0000	0.3798	0.3798	-0.0000	0.8515
106.0000	4.0000	Respond Naturally	Fritos	4.0000	4.0000	2.0000	5	1.0000	0.9912	0.1174	0.2551	0.0000	0.1174	0.1261	1.0000	0.1652	0.1652	-0.0000	0.3016
106.0000	5.0000	Respond Naturally	Cauliflower	2.0000	2.0000	4.0000	6	-1.0000	1.0586	0.2185	-0.1516	1.0000	0.4705	0.2108	1.0000	0.2665	0.2665	-0.0000	0.9012
106.0000	6.0000	Respond Naturally	ProMax	4.0000	4.0000	1.0000	4	-1.0000	1.1594	0.1345	0.0300	1.0000	0.4537	0.1579	1.0000	0.3228	0.3304	-0.0076	0.9625
106.0000	7.0000	Respond Naturally	Aero	3.0000	4.0000	1.0000	3	1.0000	0.8233	0.1848	0.1160	0.0000	0.1848	0.0857	1.0000	0.1494	0.1494	-0.0000	0.2483
106.0000	8.0000	Respond Naturally	CoffeeCrisp	3.0000	5.0000	1.0000	1	1.0000	1.1766	0.1179	0.0000	2.0000	0.6390	0.1293	1.0000	0.3059	0.3059	-0.0000	0.8715
106.0000	9.0000	Respond Naturally	Mentos	3.0000	4.0000	2.0000	2	-1.0000	1.1259	0.2353	-0.1463	1.0000	0.5881	0.1316	1.0000	0.2057	0.2063	-0.0005	0.5394
106.0000	10.0000	Respond Naturally	DriedApricots	3.0000	3.0000	4.0000	2	-1.0000	0.9577	0.1176	-0.1046	1.0000	0.4704	0.1582	1.0000	0.1387	0.1524	-0.0137	0.3946
106.0000	11.0000	Focus on Health	WaterChestnuts	1.0000	2.0000	1.0000	3	-1.0000	1.0079	0.2350	0.0918	0.0000	0.2350	0.1993	-1.0000	0.0863	0.0863	-0.0000	0.3901
106.0000	12.0000	Focus on Health	Bananas	4.0000	6.0000	6.0000	3	1.0000	0.7561	0.1176	0.0171	0.0000	0.1176	0.1667	1.0000	0.1103	0.1105	-0.0003	0.2694
106.0000	13.0000	Focus on Health	PCChipCookie	3.0000	4.0000	1.0000	5	-1.0000	1.2096	0.3360	-0.4908	1.0000	0.6384	0.2404	1.0000	0.4692	0.4692	-0.0000	1.0159
106.0000	14.0000	Focus on Health	TofuDessert	5.0000	6.0000	5.0000	2	1.0000	1.0081	0.1176	0.1910	1.0000	0.5041	0.1485	-1.0000	0.3834	0.3834	-0.0000	0.6924
106.0000	15.0000	Focus on Health	GreenApple	5.0000	5.0000	6.0000	2	1.0000	0.7561	0.3192	0.1444	0.0000	0.3192	0.1757	1.0000	0.2381	0.2381	-0.0000	0.4771
106.0000	16.0000	Focus on Health	BBQCrisps	3.0000	5.0000	2.0000	2	-1.0000	0.9409	0.1008	-0.1277	2.0000	0.4872	0.1372	-1.0000	0.2184	0.2184	-0.0000	0.4591
106.0000	17.0000	Focus on Health	Celery	3.0000	3.0000	6.0000	2	1.0000	1.1258	0.1008	0.2742	3.0000	0.6385	0.2275	-1.0000	0.3371	0.3371	-0.0000	0.9528
106.0000	18.0000	Focus on Health	FrozenPeaches	5.0000	6.0000	5.0000	2	1.0000	0.8401	0.1848	0.0421	0.0000	0.1848	0.1268	1.0000	0.1716	0.1716	-0.0000	0.2801
106.0000	19.0000	Focus on Health	Strawberries	4.0000	6.0000	5.0000	3	1.0000	0.7392	0.2182	0.2545	0.0000	0.2182	0.1488	1.0000	0.2145	0.2145	-0.0000	0.3602
106.0000	20.0000	Focus on Health	AllBranCereal	2.0000	3.0000	2.0000	2	-1.0000	0.9070	0.3526	-0.3715	0.0000	0.3526	0.1693	-1.0000	0.2512	0.2512	-0.0000	0.6292
106.0000	21.0000	Focus on Health	AlmondMilk	5.0000	5.0000	4.0000	2	1.0000	0.8569	0.1680	0.3942	0.0000	0.1680	0.1189	1.0000	0.0247	0.0516	-0.0270	-0.1425
106.0000	22.0000	Focus on Health	FrozenBroccoli	3.0000	3.0000	6.0000	2	1.0000	1.2938	0.2521	0.4019	1.0000	0.6554	0.2210	-1.0000	0.4710	0.4710	-0.0000	1.2776
106.0000	23.0000	Focus on Health	SkimMilk	4.0000	4.0000	5.0000	1	-1.0000	1.4280	0.1342	0.0783	1.0000	0.8904	0.2053	1.0000	0.6321	0.6321	-0.0000	1.3327
106.0000	24.0000	Focus on Health	WelchsFruitSnacks	6.0000	6.0000	5.0000	1	1.0000	0.9241	0.1848	0.2792	2.0000	0.5208	0.1159	1.0000	0.1452	0.1456	-0.0004	0.3702
106.0000	25.0000	Focus on Health	SunChips	3.0000	5.0000	2.0000	2	-1.0000	1.0249	0.1344	-0.2235	1.0000	0.4369	0.2524	1.0000	0.5370	0.5370	-0.0000	1.2024
106.0000	26.0000	Focus on Health	Snickers	3.0000	4.0000	2.0000	2	-1.0000	0.8734	0.1678	-0.2080	1.0000	0.3358	0.1759	1.0000	0.2888	0.2894	-0.0005	0.7008
106.0000	27.0000	Focus on Health	Spinach	2.0000	3.0000	6.0000	2	1.0000	0.9074	0.2519	0.3094	0.0000	0.2519	0.1453	1.0000	0.1511	0.1511	-0.0000	0.2934
106.0000	28.0000	Focus on Health	RitzCrackers	3.0000	4.0000	3.0000	2	1.0000	0.8904	0.3696	0.5918	1.0000	0.5208	0.1486	-1.0000	0.1076	0.1076	-0.0000	0.2768
106.0000	29.0000	Focus on Health	SpeltCakes	4.0000	4.0000	4.0000	2	1.0000	1.0418	0.2857	0.1589	0.0000	0.2857	0.0946	1.0000	0.1482	0.1485	-0.0002	0.3552
106.0000	30.0000	Focus on Health	SlicedTurkey	2.0000	4.0000	4.0000	2	1.0000	1.2769	0.1344	0.0875	2.0000	0.5881	0.1658	1.0000	0.2349	0.2670	-0.0321	1.0306
106.0000	31.0000	Respond Naturally	ClifBar	4.0000	2.0000	2.0000	2	-1.0000	0.9745	0.2351	-0.2242	1.0000	0.3695	0.1513	1.0000	0.1970	0.1970	-0.0000	0.5022
106.0000	32.0000	Respond Naturally	Mars	3.0000	5.0000	5.0000	2	-1.0000	0.9408	0.4367	-0.4449	0.0000	0.4367	0.2101	-1.0000	0.3737	0.3737	-0.0000	0.7437
106.0000	33.0000	Respond Naturally	Cheerios	2.0000	2.0000	4.0000	5	-1.0000	1.2265	0.3025	-0.1920	1.0000	0.7057	0.2405	1.0000	0.7249	0.7249	-0.0000	1.2969
106.0000	34.0000	Respond Naturally	Aero	4.0000	4.0000	2.0000	1	-1.0000	1.9992	0.1344	-0.3699	1.0000	1.2096	0.2282	1.0000	0.6631	0.6728	-0.0096	1.3116
106.0000	35.0000	Respond Naturally	VanillaGreekYogurt	5.0000	6.0000	5.0000	4	1.0000	0.8398	0.2686	0.0680	0.0000	0.2686	0.1153	1.0000	0.1784	0.1784	-0.0000	0.2912
106.0000	36.0000	Respond Naturally	IceCreamVanilla	5.0000	5.0000	2.0000	4	-1.0000	1.9987	0.2182	-0.2982	1.0000	1.3603	0.1394	1.0000	0.6841	0.6854	-0.0014	1.1404
106.0000	37.0000	Respond Naturally	GreenGrapes	6.0000	6.0000	5.0000	1	-1.0000	1.5623	0.2182	-0.4293	3.0000	0.9070	0.2179	1.0000	0.5557	0.5557	-0.0000	1.1287
106.0000	38.0000	Respond Naturally	ProMax	4.0000	4.0000	2.0000	2	-1.0000	1.1594	0.1680	-0.6898	1.0000	0.3361	0.1305	1.0000	0.2054	0.2054	-0.0000	0.5532
106.0000	39.0000	Respond Naturally	KashiBars	4.0000	3.0000	4.0000	1	1.0000	2.5199	0.2014	0.5496	2.0000	1.3271	0.3016	1.0000	0.4616	0.4616	-0.0000	1.4831
106.0000	40.0000	Respond Naturally	GreenPepper	4.0000	5.0000	5.0000	6	-1.0000	2.7887	0.2184	0.0463	3.0000	2.0829	0.2824	1.0000	0.6021	0.6021	-0.0000	1.4521
106.0000	41.0000	Respond Naturally	Mentos	3.0000	4.0000	3.0000	5	1.0000	2.3010	0.3192	0.1616	2.0000	1.7634	0.3041	1.0000	0.7322	0.7322	-0.0000	1.2937
106.0000	42.0000	Respond Naturally	PureFit	2.0000	3.0000	3.0000	4	1.0000	1.4112	0.1680	0.0000	4.0000	1.2096	0.2008	1.0000	0.1077	0.1168	-0.0090	0.5014
106.0000	43.0000	Respond Naturally	Pringles	3.0000	4.0000	2.0000	5	1.0000	0.8737	0.1848	0.1149	0.0000	0.1848	0.1251	1.0000	0.0995	0.0995	-0.0000	0.1934
106.0000	44.0000	Respond Naturally	DriedHerring	1.0000	2.0000	4.0000	1	-1.0000	1.0753	0.1680	-0.4584	1.0000	0.4873	0.2435	1.0000	0.2583	0.2583	-0.0000	0.6881
106.0000	45.0000	Respond Naturally	Skittles	3.0000	4.0000	1.0000	6	1.0000	0.9407	0.3192	0.1987	1.0000	0.4368	0.1729	-1.0000	0.2301	0.2301	-0.0000	0.4394
106.0000	46.0000	Respond Naturally	CannedArtichoke	1.0000	1.0000	4.0000	2	-1.0000	0.8571	0.1008	-0.0000	1.0000	0.4369	0.1705	1.0000	0.2019	0.2019	-0.0000	0.5294
106.0000	47.0000	Respond Naturally	Reese	1.0000	1.0000	1.0000	1	-1.0000	1.8638	1.4101	-0.0230	0.0000	1.4101	0.1581	-1.0000	0.2798	0.2802	-0.0004	0.3622
106.0000	48.0000	Respond Naturally	OatmealSquares	4.0000	3.0000	3.0000	7	-1.0000	2.5190	1.3765	-0.0937	1.0000	1.8133	0.3266	1.0000	0.5194	0.5194	-0.0000	1.4251
106.0000	49.0000	Respond Naturally	MangoChunks	5.0000	6.0000	5.0000	2	-1.0000	2.3855	0.1680	-0.0572	1.0000	1.1930	0.2683	1.0000	0.2553	0.2992	-0.0440	0.8422
106.0000	50.0000	Respond Naturally	FrozenBlueberries	5.0000	6.0000	5.0000	3	1.0000	1.0082	0.2016	0.4702	0.0000	0.2016	0.0898	1.0000	0.0886	0.0886	-0.0000	0.1875
106.0000	51.0000	Focus on Health	Shreddies	1.0000	3.0000	5.0000	2	-1.0000	3.2918	0.6885	-0.4016	1.0000	2.2502	0.2340	1.0000	0.7791	0.7791	-0.0000	1.3317
106.0000	52.0000	Focus on Health	OatBran	1.0000	1.0000	4.0000	2	1.0000	1.0750	0.3189	0.3933	0.0000	0.3189	0.1653	1.0000	0.1633	0.1633	-0.0000	0.2347
106.0000	53.0000	Focus on Health	Caramilk	3.0000	5.0000	1.0000	5	-1.0000	1.3778	0.1680	-0.1891	1.0000	0.7562	0.2098	1.0000	0.5246	0.5246	-0.0000	1.2046
106.0000	54.0000	Focus on Health	BabyFoodSweetPotatos	1.0000	1.0000	3.0000	5	-1.0000	1.4785	0.1511	-0.2520	1.0000	0.8736	0.1570	1.0000	0.5258	0.5258	-0.0000	0.9894
106.0000	55.0000	Focus on Health	SpeltCakes	3.0000	4.0000	4.0000	5	1.0000	1.0247	0.3528	0.4215	1.0000	0.6214	0.1428	-1.0000	0.2159	0.2159	-0.0000	0.3204
106.0000	56.0000	Focus on Health	SlimStyles	4.0000	4.0000	4.0000	2	1.0000	0.8904	0.2352	0.3440	0.0000	0.2352	0.1316	1.0000	0.0946	0.0946	-0.0000	0.2381
106.0000	57.0000	Focus on Health	BabyFoodSweetPotatos	1.0000	1.0000	6.0000	2	-1.0000	1.1927	0.3191	-0.1276	1.0000	0.5039	0.1959	1.0000	0.3487	0.3487	-0.0000	0.6543
106.0000	58.0000	Focus on Health	EnglishCucumber	4.0000	5.0000	6.0000	5	1.0000	0.8735	0.1343	0.3275	0.0000	0.1343	0.0979	1.0000	0.1881	0.1881	-0.0000	0.3465
106.0000	59.0000	Focus on Health	Doritos	1.0000	5.0000	2.0000	2	-1.0000	1.3778	0.1512	-0.3198	1.0000	0.8065	0.1696	1.0000	0.5867	0.5867	-0.0000	1.1811
106.0000	60.0000	Focus on Health	Tempeh	1.0000	2.0000	3.0000	4	-1.0000	1.1258	0.2521	-0.3395	1.0000	0.5546	0.3067	1.0000	0.4984	0.4984	-0.0000	1.1330
106.0000	61.0000	Respond Naturally	GreenBeans	1.0000	3.0000	6.0000	4	-1.0000	1.4618	0.2689	0.0530	1.0000	0.7057	0.2400	1.0000	0.2619	0.3000	-0.0381	0.6401
106.0000	62.0000	Respond Naturally	VanillaGreekYogurt	4.0000	6.0000	6.0000	2	-1.0000	3.8113	0.4366	-0.0000	1.0000	3.1225	0.2264	1.0000	0.9653	0.9653	-0.0000	1.2932
106.0000	63.0000	Respond Naturally	MangoChunks	6.0000	6.0000	5.0000	5	1.0000	0.7557	0.3693	0.4198	0.0000	0.3693	0.1174	1.0000	0.1717	0.1717	-0.0000	0.2666
106.0000	64.0000	Respond Naturally	FrozenBroccoli	3.0000	4.0000	4.0000	6	1.0000	1.1761	0.2687	0.5204	0.0000	0.2687	0.0798	1.0000	0.1053	0.1067	-0.0014	0.2775
106.0000	65.0000	Respond Naturally	Tuna	3.0000	2.0000	6.0000	2	-1.0000	2.2164	1.5107	-0.2796	0.0000	1.5107	0.1490	-1.0000	0.5477	0.5605	-0.0128	0.7951
106.0000	66.0000	Respond Naturally	Reese	2.0000	4.0000	2.0000	4	1.0000	2.1163	0.2854	0.1220	0.0000	0.2854	0.0774	1.0000	0.1032	0.1032	-0.0000	0.2724
106.0000	67.0000	Respond Naturally	Mackerel	2.0000	2.0000	3.0000	1	-1.0000	1.7129	0.2180	0.0074	0.0000	0.2180	0.1314	-1.0000	0.0456	0.0539	-0.0083	0.2141
106.0000	68.0000	Respond Naturally	RomaineLettuce	3.0000	2.0000	5.0000	2	1.0000	2.9396	0.3861	0.4046	4.0000	2.4019	0.3234	1.0000	0.6539	0.6595	-0.0056	1.5734
106.0000	69.0000	Respond Naturally	Orange	6.0000	6.0000	5.0000	5	1.0000	0.7895	0.3863	0.3453	0.0000	0.3863	0.1660	1.0000	0.1810	0.1828	-0.0017	0.3157
106.0000	70.0000	Respond Naturally	Nutella	6.0000	6.0000	4.0000	1	-1.0000	1.5122	0.4032	-0.2572	1.0000	0.9072	0.2500	1.0000	0.6110	0.6110	-0.0000	1.3107
106.0000	71.0000	Focus on Health	MnMPlain	3.0000	4.0000	1.0000	5	-1.0000	0.9073	0.2856	-0.1236	0.0000	0.2856	0.1011	-1.0000	0.1143	0.1148	-0.0005	0.3186
106.0000	72.0000	Focus on Health	Butternut	2.0000	1.0000	4.0000	7	1.0000	2.0327	0.2685	0.6022	2.0000	1.4279	0.2811	1.0000	0.4841	0.4841	-0.0000	1.4250
106.0000	73.0000	Focus on Health	RiceKrispiesCereal	3.0000	2.0000	2.0000	3	-1.0000	1.2935	0.2520	-0.3944	1.0000	0.5040	0.2682	1.0000	0.4214	0.4214	-0.0000	1.0017
106.0000	74.0000	Focus on Health	Orange	5.0000	6.0000	6.0000	1	1.0000	0.7897	0.2016	0.6557	0.0000	0.2016	0.0750	1.0000	0.0583	0.0583	-0.0000	0.1301
106.0000	75.0000	Focus on Health	ClifBar	4.0000	3.0000	2.0000	4	1.0000	1.7472	0.4366	0.6926	3.0000	1.2768	0.2918	-1.0000	0.1593	0.1632	-0.0039	0.8147
106.0000	76.0000	Focus on Health	BabyFoodCarrots	2.0000	4.0000	6.0000	5	1.0000	0.9914	0.1848	0.3611	2.0000	0.6217	0.2732	1.0000	0.3015	0.3015	-0.0000	0.9612
106.0000	77.0000	Focus on Health	Twizzlers	3.0000	4.0000	3.0000	2	-1.0000	1.3273	0.1848	-0.4618	1.0000	0.7393	0.2462	1.0000	0.5217	0.5217	-0.0000	1.0791
106.0000	78.0000	Focus on Health	Snickers	3.0000	5.0000	1.0000	3	-1.0000	1.6796	0.2352	-0.2753	1.0000	0.7055	0.2878	1.0000	0.3679	0.3815	-0.0135	1.1189
106.0000	79.0000	Focus on Health	RiceKrispiesCereal	2.0000	3.0000	3.0000	7	1.0000	1.3609	0.2016	0.3384	2.0000	0.8064	0.2421	1.0000	0.5064	0.5064	-0.0000	1.5184
106.0000	80.0000	Focus on Health	Onion	1.0000	2.0000	4.0000	4	1.0000	1.7474	0.2353	0.1735	4.0000	1.2266	0.2666	1.0000	0.8604	0.8604	-0.0000	1.7357
106.0000	81.0000	Respond Naturally	HoneyNutCheerios	2.0000	2.0000	3.0000	2	-1.0000	1.0919	0.1008	-0.0284	0.0000	0.1008	0.1876	-1.0000	0.1189	0.1238	-0.0049	0.3850
106.0000	82.0000	Respond Naturally	Fritos	3.0000	4.0000	1.0000	2	-1.0000	1.2434	0.1008	-0.3423	1.0000	0.4873	0.2305	1.0000	0.4250	0.4250	-0.0000	0.9969
106.0000	83.0000	Respond Naturally	SevenGrain	1.0000	1.0000	3.0000	3	1.0000	2.6209	0.2185	0.4065	2.0000	1.7304	0.2652	1.0000	0.5543	0.5627	-0.0084	1.4946
106.0000	84.0000	Respond Naturally	CannedArtichoke	1.0000	1.0000	4.0000	5	-1.0000	1.0079	0.5038	-0.1449	0.0000	0.5038	0.2005	-1.0000	0.4137	0.4321	-0.0184	0.8437
106.0000	85.0000	Respond Naturally	Skittles	3.0000	4.0000	5.0000	3	-1.0000	1.4109	0.4364	-0.1897	1.0000	0.9404	0.3228	1.0000	0.6834	0.6834	-0.0000	1.3384
106.0000	86.0000	Respond Naturally	ClamJuice	1.0000	1.0000	2.0000	3	-1.0000	1.0922	0.3193	-0.2236	1.0000	0.6385	0.2896	1.0000	0.4915	0.4915	-0.0000	1.0209
106.0000	87.0000	Respond Naturally	SunChips	4.0000	5.0000	2.0000	4	1.0000	0.8735	0.4534	0.2689	0.0000	0.4534	0.1356	1.0000	0.1966	0.1966	-0.0000	0.2896
106.0000	88.0000	Respond Naturally	BrusselsSprouts	1.0000	1.0000	5.0000	4	-1.0000	0.9577	0.2184	-0.4574	1.0000	0.3696	0.1830	1.0000	0.2156	0.2156	-0.0000	0.7155
106.0000	89.0000	Respond Naturally	MnMPeanuts	3.0000	4.0000	2.0000	4	1.0000	0.6048	0.1008	0.6619	0.0000	0.1008	0.1389	1.0000	0.0575	0.0575	-0.0000	0.1509
106.0000	90.0000	Respond Naturally	FrozenBlueberries	5.0000	5.0000	6.0000	1	1.0000	0.6385	0.1008	0.4445	0.0000	0.1008	0.1487	1.0000	0.1089	0.1089	-0.0000	0.1744
106.0000	91.0000	Focus on Health	Tempeh	2.0000	3.0000	4.0000	2	-1.0000	1.2771	0.2016	-0.0044	1.0000	0.7057	0.2157	1.0000	0.3361	0.3361	-0.0000	0.9794
106.0000	92.0000	Focus on Health	FrozenPeas	3.0000	3.0000	3.0000	2	1.0000	1.0417	0.1512	0.3266	0.0000	0.1512	0.1135	1.0000	0.0844	0.0844	-0.0000	0.1758
106.0000	93.0000	Focus on Health	FrozenPeaches	6.0000	6.0000	6.0000	5	1.0000	0.7561	0.2184	0.5151	0.0000	0.2184	0.1294	1.0000	0.1066	0.1066	-0.0000	0.1646
106.0000	94.0000	Focus on Health	RaisinBran	4.0000	4.0000	3.0000	3	1.0000	0.9746	0.1848	0.6463	0.0000	0.1848	0.1614	1.0000	0.0583	0.0583	-0.0000	0.0880
106.0000	95.0000	Focus on Health	YorkPeppermintPatties	2.0000	2.0000	1.0000	2	-1.0000	1.1760	0.2686	-0.5849	1.0000	0.6719	0.2854	1.0000	0.5425	0.5425	-0.0000	0.9791
106.0000	96.0000	Focus on Health	Celery	4.0000	5.0000	6.0000	4	1.0000	0.8399	0.4367	0.5937	1.0000	0.5711	0.1452	-1.0000	0.1669	0.1669	-0.0000	0.3607
106.0000	97.0000	Focus on Health	Bananas	4.0000	5.0000	5.0000	2	1.0000	0.9404	0.3355	0.2802	0.0000	0.3355	0.2048	1.0000	0.1658	0.1658	-0.0000	0.2797
106.0000	98.0000	Focus on Health	Cheetos	3.0000	4.0000	2.0000	6	1.0000	0.8905	0.2856	0.3310	0.0000	0.2856	0.1477	1.0000	0.1341	0.1342	-0.0001	0.2510
106.0000	99.0000	Focus on Health	Almonds	1.0000	1.0000	2.0000	4	-1.0000	1.9482	0.4028	-0.2409	2.0000	1.4611	0.2626	-1.0000	0.3566	0.3566	-0.0000	1.1064
106.0000	100.0000	Focus on Health	Smarties	3.0000	4.0000	1.0000	5	1.0000	0.8567	0.3526	0.3629	0.0000	0.3526	0.1550	1.0000	0.1435	0.1435	-0.0000	0.2386
106.0000	101.0000	Respond Naturally	PopTartStrawberry	4.0000	3.0000	1.0000	2	1.0000	0.9911	0.1342	0.0478	0.0000	0.1342	0.0920	1.0000	0.0701	0.0710	-0.0009	0.1500
106.0000	102.0000	Respond Naturally	Starburst	4.0000	5.0000	2.0000	6	1.0000	0.5714	0.1009	0.5775	0.0000	0.1009	0.1236	1.0000	0.0239	0.0298	-0.0059	0.0967
106.0000	103.0000	Respond Naturally	SkittlesSour	3.0000	4.0000	2.0000	3	1.0000	1.0244	0.1512	0.6185	0.0000	0.1512	0.1274	1.0000	0.0219	0.0221	-0.0003	0.0819
106.0000	104.0000	Respond Naturally	Strawberries	4.0000	6.0000	6.0000	2	1.0000	0.5377	0.2689	0.4977	0.0000	0.2689	0.1148	1.0000	0.0750	0.0752	-0.0002	0.1516
106.0000	105.0000	Respond Naturally	KashiBars	4.0000	3.0000	3.0000	4	1.0000	0.7896	0.2688	0.5977	0.0000	0.2688	0.1246	1.0000	0.0414	0.0414	-0.0000	0.0805
106.0000	106.0000	Respond Naturally	Nutella	6.0000	6.0000	3.0000	4	1.0000	0.7057	0.1344	0.5507	0.0000	0.1344	0.0966	1.0000	0.0570	0.0570	-0.0000	0.1123
106.0000	107.0000	Respond Naturally	Butternut	2.0000	2.0000	4.0000	3	1.0000	0.6217	0.1008	0.4726	0.0000	0.1008	0.1418	1.0000	0.0785	0.0785	-0.0000	0.1552
106.0000	108.0000	Respond Naturally	HoneyNutCheerios	1.0000	3.0000	4.0000	5	1.0000	0.7055	0.1008	0.2083	0.0000	0.1008	0.1242	1.0000	0.0691	0.0691	-0.0000	0.2058
106.0000	109.0000	Respond Naturally	Spinach	2.0000	3.0000	5.0000	4	1.0000	0.6717	0.1678	0.4749	0.0000	0.1678	0.1321	1.0000	0.1075	0.1075	-0.0000	0.1901
106.0000	110.0000	Respond Naturally	Starburst	4.0000	4.0000	2.0000	3	1.0000	0.5209	0.2857	0.4729	0.0000	0.2857	0.1338	1.0000	0.0722	0.0723	-0.0002	0.1493
106.0000	111.0000	Focus on Health	GreenBeans	3.0000	3.0000	5.0000	2	1.0000	1.7645	0.2521	0.5049	2.0000	1.2940	0.2824	1.0000	0.3321	0.3321	-0.0000	1.3486
106.0000	112.0000	Focus on Health	CornFlakes	2.0000	4.0000	4.0000	6	1.0000	0.7393	0.1848	0.5103	0.0000	0.1848	0.1878	1.0000	0.0346	0.0594	-0.0248	0.1761
106.0000	113.0000	Focus on Health	BabyFoodCarrots	1.0000	4.0000	5.0000	3	1.0000	0.5711	0.3023	0.6792	0.0000	0.3023	0.1465	1.0000	0.0373	0.0373	-0.0000	0.0676
106.0000	114.0000	Focus on Health	DriedApricots	3.0000	3.0000	4.0000	5	1.0000	1.4450	0.1512	0.4748	2.0000	0.9242	0.2902	1.0000	0.3157	0.3289	-0.0132	1.2345
106.0000	115.0000	Focus on Health	FrozenCorn	1.0000	1.0000	5.0000	4	1.0000	0.7392	0.1845	0.2888	0.0000	0.1845	0.1572	1.0000	0.1445	0.1445	-0.0000	0.2401
106.0000	116.0000	Focus on Health	OikosYogurt	5.0000	6.0000	5.0000	3	1.0000	0.5713	0.1344	0.6608	0.0000	0.1344	0.1045	1.0000	0.0667	0.0667	-0.0000	0.1281
106.0000	117.0000	Focus on Health	GreenPepper	3.0000	5.0000	6.0000	2	1.0000	0.6717	0.1341	0.6024	0.0000	0.1341	0.0935	1.0000	0.0255	0.0255	-0.0000	0.0594
106.0000	118.0000	Focus on Health	SlicedTurkey	4.0000	4.0000	4.0000	5	1.0000	0.5545	0.1008	0.5506	0.0000	0.1008	0.1134	1.0000	0.0026	0.0099	-0.0073	0.0512
106.0000	119.0000	Focus on Health	CornFlakes	2.0000	3.0000	4.0000	3	1.0000	0.9237	0.1341	0.4861	0.0000	0.1341	0.1249	1.0000	-0.0087	0.0137	-0.0224	0.0817
106.0000	120.0000	Focus on Health	Cheerios	2.0000	3.0000	3.0000	2	1.0000	0.6720	0.1176	0.3021	0.0000	0.1176	0.1176	1.0000	0.1052	0.1052	-0.0000	0.2328
106.0000	121.0000	Focus on Health	WaterChestnuts	1.0000	1.0000	1.0000	5	-1.0000	1.1422	0.1176	-0.5528	1.0000	0.6050	0.1824	1.0000	0.6437	0.6437	-0.0000	1.3233
106.0000	122.0000	Focus on Health	CheeseNips	2.0000	3.0000	2.0000	5	1.0000	0.6384	0.2184	0.4214	0.0000	0.2184	0.1338	1.0000	0.1039	0.1039	-0.0000	0.1795
106.0000	123.0000	Focus on Health	CoffeeCrisp	4.0000	5.0000	1.0000	3	1.0000	0.6216	0.2520	0.4602	0.0000	0.2520	0.1868	1.0000	0.0844	0.0844	-0.0000	0.1349
106.0000	124.0000	Focus on Health	Asparagus	1.0000	1.0000	1.0000	3	1.0000	0.8233	0.2688	0.6175	0.0000	0.2688	0.1387	1.0000	0.0647	0.0647	-0.0000	0.1897
106.0000	125.0000	Focus on Health	Caramilk	3.0000	3.0000	1.0000	2	-1.0000	1.3945	0.2688	-0.4446	1.0000	0.6888	0.2662	1.0000	0.5409	0.5412	-0.0003	1.1421
106.0000	126.0000	Focus on Health	Doritos	5.0000	4.0000	2.0000	5	-1.0000	1.3776	0.2519	NA	1.0000	0.8736	0.4077	1.0000	0.5153	0.5187	-0.0034	1.3311
106.0000	127.0000	Focus on Health	Mars	3.0000	4.0000	1.0000	4	-1.0000	1.6129	0.3529	-0.3927	1.0000	0.8231	0.2433	1.0000	0.5770	0.6002	-0.0232	1.2887
106.0000	128.0000	Focus on Health	PureFit	3.0000	3.0000	2.0000	2	1.0000	1.3273	0.1513	0.5643	2.0000	1.0417	0.2873	1.0000	0.1968	0.1973	-0.0005	0.8535
106.0000	129.0000	Focus on Health	RufflesSourCreamOnion	3.0000	4.0000	2.0000	5	-1.0000	0.9912	0.3024	-0.4353	1.0000	0.5040	0.2165	1.0000	0.6499	0.6499	-0.0000	1.2883
106.0000	130.0000	Focus on Health	Avocado	6.0000	5.0000	6.0000	5	1.0000	0.7055	0.3696	0.5356	0.0000	0.3696	0.2749	1.0000	0.0990	0.0990	-0.0000	0.1714
106.0000	131.0000	Respond Naturally	MnMPeanuts	3.0000	4.0000	1.0000	2	1.0000	1.3104	0.2184	0.4321	2.0000	0.8401	0.3101	1.0000	0.3107	0.3114	-0.0006	1.4407
106.0000	132.0000	Respond Naturally	FrozenCorn	1.0000	2.0000	5.0000	2	1.0000	0.7560	0.1848	0.7540	0.0000	0.1848	0.1790	1.0000	0.0052	0.0072	-0.0019	0.0211
106.0000	133.0000	Respond Naturally	BrusselsSprouts	1.0000	1.0000	4.0000	2	-1.0000	1.0082	0.3025	-0.4561	1.0000	0.5209	0.2029	1.0000	0.5833	0.5833	-0.0000	1.1638
106.0000	134.0000	Respond Naturally	NatureValleyChocolate	4.0000	5.0000	4.0000	1	-1.0000	1.4449	0.1849	-0.6145	1.0000	0.9241	0.2233	1.0000	0.7320	0.7320	-0.0000	1.2985
106.0000	135.0000	Respond Naturally	Smartfood	2.0000	3.0000	1.0000	4	1.0000	1.0915	0.1848	0.2835	0.0000	0.1848	0.1954	1.0000	0.0773	0.0773	-0.0000	0.2790
106.0000	136.0000	Respond Naturally	SkimMilk	5.0000	5.0000	5.0000	4	1.0000	0.9576	0.1176	0.6171	0.0000	0.1176	0.1405	1.0000	0.0104	0.0187	-0.0084	0.0599
106.0000	137.0000	Respond Naturally	Asparagus	1.0000	1.0000	5.0000	6	1.0000	0.8906	0.3529	0.6025	0.0000	0.3529	0.0748	1.0000	0.0634	0.0634	-0.0000	0.1395
106.0000	138.0000	Respond Naturally	VegetableThins	2.0000	5.0000	4.0000	2	-1.0000	1.2430	0.3189	-0.1685	1.0000	0.6886	0.3710	1.0000	0.7498	0.7498	-0.0000	1.3632
106.0000	139.0000	Respond Naturally	Raspberries	3.0000	5.0000	6.0000	5	1.0000	0.5544	0.1511	0.4409	0.0000	0.1511	0.1874	1.0000	0.2069	0.2069	-0.0000	0.3025
106.0000	140.0000	Respond Naturally	Cheetos	3.0000	4.0000	1.0000	3	1.0000	0.5207	0.2351	0.3334	0.0000	0.2351	0.1982	1.0000	0.1251	0.1251	-0.0000	0.2184
106.0000	141.0000	Respond Naturally	OatmealSquares	4.0000	4.0000	4.0000	3	-1.0000	1.4781	0.2856	-0.0049	1.0000	0.6551	0.3043	1.0000	0.3685	0.3685	-0.0000	1.2415
106.0000	142.0000	Respond Naturally	VegetableThins	4.0000	4.0000	4.0000	5	1.0000	0.8735	0.1344	0.4984	0.0000	0.1344	0.2254	1.0000	0.0662	0.0726	-0.0064	0.1999
106.0000	143.0000	Respond Naturally	Smartfood	3.0000	4.0000	2.0000	2	-1.0000	1.1256	0.1344	-0.3438	1.0000	0.6048	0.2006	1.0000	0.5954	0.5954	-0.0000	1.2534
106.0000	144.0000	Respond Naturally	AppleChips	1.0000	4.0000	4.0000	2	1.0000	0.7896	0.2352	0.5982	0.0000	0.2352	0.1552	1.0000	0.0227	0.0256	-0.0029	0.1004
106.0000	145.0000	Respond Naturally	Smarties	2.0000	4.0000	2.0000	2	1.0000	0.5880	0.3360	0.5042	0.0000	0.3360	0.1406	1.0000	0.0932	0.0932	-0.0000	0.1649
106.0000	146.0000	Respond Naturally	PopTartStrawberry	3.0000	4.0000	2.0000	5	1.0000	0.5377	0.1344	0.4698	0.0000	0.1344	0.1971	1.0000	0.0821	0.0821	-0.0000	0.1735
106.0000	147.0000	Respond Naturally	AppleChips	4.0000	4.0000	3.0000	5	1.0000	0.5711	0.1006	0.6294	0.0000	0.1006	0.0831	1.0000	0.0579	0.0579	-0.0000	0.1175
106.0000	148.0000	Respond Naturally	DriedHerring	1.0000	2.0000	4.0000	3	-1.0000	0.9242	0.4873	-0.5278	0.0000	0.4873	0.2325	-1.0000	0.6643	0.6643	-0.0000	1.2278
106.0000	149.0000	Respond Naturally	Beets	1.0000	1.0000	1.0000	5	-1.0000	0.8065	0.1176	-0.5706	1.0000	0.4705	0.3670	1.0000	0.6407	0.6407	-0.0000	1.2978
106.0000	150.0000	Respond Naturally	Tuna	2.0000	3.0000	5.0000	4	1.0000	0.8567	0.3025	0.4006	0.0000	0.3025	0.2269	1.0000	0.1013	0.1013	-0.0000	0.2559
106.0000	151.0000	Focus on Health	Broccoli	2.0000	4.0000	6.0000	1	1.0000	1.1252	0.1678	0.6590	0.0000	0.1678	0.1352	1.0000	0.0257	0.0260	-0.0003	0.1100
106.0000	152.0000	Focus on Health	YorkPeppermintPatties	1.0000	2.0000	1.0000	4	-1.0000	7.2353	0.1006	-0.5014	1.0000	0.6383	0.2726	1.0000	0.1233	0.1233	-0.0000	1.3051
106.0000	153.0000	Focus on Health	Beets	1.0000	1.0000	6.0000	2	-1.0000	0.9579	0.2521	0.0902	0.0000	0.2521	0.2151	-1.0000	0.0564	0.1382	-0.0818	-0.3997
106.0000	154.0000	Focus on Health	FrozenPeas	1.0000	2.0000	4.0000	6	1.0000	0.9410	0.1176	-1.1156	1.0000	0.3361	0.2724	-1.0000	0.5601	0.5618	-0.0018	1.2587
106.0000	155.0000	Focus on Health	Twizzlers	4.0000	4.0000	2.0000	4	1.0000	0.9575	0.1510	NA	0.0000	0.1510	0.2354	1.0000	-0.0789	0.0029	-0.0819	-0.2215
106.0000	156.0000	Focus on Health	FrozenOkra	1.0000	1.0000	6.0000	5	1.0000	1.8648	0.2351	-0.2476	2.0000	0.7895	0.2633	1.0000	0.6872	0.6872	-0.0000	1.3101
106.0000	157.0000	Focus on Health	IceCreamChocolate	5.0000	5.0000	3.0000	1	-1.0000	1.5120	0.3697	-0.5677	1.0000	0.9913	0.2493	1.0000	0.7248	0.7248	-0.0000	1.3921
106.0000	158.0000	Focus on Health	MnMPlain	4.0000	4.0000	2.0000	3	-1.0000	1.5617	0.2014	-0.3932	1.0000	1.0917	0.2208	1.0000	0.8345	0.8345	-0.0000	1.3119
106.0000	159.0000	Focus on Health	FrootLoops	2.0000	2.0000	3.0000	6	1.0000	0.9744	0.2856	0.8309	0.0000	0.2856	0.2002	1.0000	0.0592	0.0596	-0.0004	0.1603
106.0000	160.0000	Focus on Health	Pringles	2.0000	4.0000	2.0000	2	1.0000	0.5376	0.1511	0.5524	0.0000	0.1511	0.1995	1.0000	0.0698	0.0714	-0.0016	0.1636
106.0000	161.0000	Focus on Health	GreenApple	6.0000	6.0000	6.0000	4	1.0000	0.7057	0.1344	0.4829	0.0000	0.1344	0.1539	1.0000	0.0701	0.0701	-0.0000	0.1926
106.0000	162.0000	Focus on Health	SevenGrain	2.0000	1.0000	2.0000	1	1.0000	0.6049	0.1680	0.7073	0.0000	0.1680	0.1648	1.0000	0.0212	0.0216	-0.0004	0.0499
106.0000	163.0000	Focus on Health	AlmondMilk	5.0000	6.0000	6.0000	4	1.0000	0.6217	0.1512	0.7606	0.0000	0.1512	0.1357	1.0000	-0.0139	0.0012	-0.0151	-0.0475
106.0000	164.0000	Focus on Health	RedPepper	4.0000	4.0000	5.0000	2	1.0000	0.8232	0.3024	0.6897	0.0000	0.3024	0.1654	1.0000	0.0222	0.0266	-0.0044	0.0668
106.0000	165.0000	Focus on Health	Mackerel	2.0000	2.0000	2.0000	3	-1.0000	1.6129	0.1344	-0.5493	1.0000	0.8233	0.1757	1.0000	0.6112	0.6112	-0.0000	1.1354
106.0000	166.0000	Focus on Health	EnglishCucumber	4.0000	4.0000	6.0000	2	1.0000	0.6889	0.4537	0.6929	0.0000	0.4537	0.1207	1.0000	0.0762	0.0762	-0.0000	0.1303
106.0000	167.0000	Focus on Health	FrootLoops	4.0000	2.0000	3.0000	2	1.0000	0.8400	0.4537	0.7045	0.0000	0.4537	0.1778	-1.0000	0.0425	0.0425	-0.0000	0.1068
106.0000	168.0000	Focus on Health	Triscuit	4.0000	2.0000	5.0000	2	-1.0000	2.1831	0.3527	-0.4138	1.0000	1.4272	0.2836	1.0000	0.7573	0.7573	-0.0000	1.2191
106.0000	169.0000	Focus on Health	Prunes	1.0000	1.0000	6.0000	2	-1.0000	1.1087	0.1510	-0.5420	1.0000	0.5542	0.1800	1.0000	0.5373	0.5373	-0.0000	1.1752
106.0000	170.0000	Focus on Health	CheeseNips	1.0000	2.0000	2.0000	2	-1.0000	1.0583	0.1510	-0.4713	1.0000	0.5038	0.3140	1.0000	0.4906	0.5528	-0.0622	1.3506
106.0000	171.0000	Respond Naturally	Shreddies	2.0000	2.0000	2.0000	5	1.0000	1.7798	0.1512	0.4856	0.0000	0.1512	0.1290	1.0000	0.0210	0.0210	-0.0000	0.1308
106.0000	172.0000	Respond Naturally	PCChipCookie	3.0000	4.0000	2.0000	2	1.0000	0.9070	0.3193	0.6322	0.0000	0.3193	0.2434	1.0000	0.0459	0.0459	-0.0000	0.1343
106.0000	173.0000	Respond Naturally	IceCreamChocolate	6.0000	5.0000	2.0000	4	1.0000	0.5375	0.3191	0.4883	0.0000	0.3191	0.1293	1.0000	0.0775	0.0775	-0.0000	0.1545
106.0000	174.0000	Respond Naturally	WelchsFruitSnacks	6.0000	6.0000	5.0000	3	1.0000	0.6553	0.2688	0.7644	0.0000	0.2688	0.1960	1.0000	0.0042	0.0045	-0.0003	0.0134
106.0000	175.0000	Respond Naturally	RitzCrackers	4.0000	4.0000	2.0000	5	1.0000	0.6049	0.1512	0.5956	0.0000	0.1512	0.1554	1.0000	0.0658	0.0658	-0.0000	0.1201
106.0000	176.0000	Respond Naturally	GreenGrapes	6.0000	6.0000	5.0000	4	1.0000	0.5545	0.1681	0.7569	0.0000	0.1681	0.2139	1.0000	-0.0218	0.0012	-0.0230	-0.0556
106.0000	177.0000	Respond Naturally	Prunes	1.0000	1.0000	2.0000	5	-1.0000	0.9577	0.1512	-0.5502	1.0000	0.4704	0.2603	1.0000	0.5695	0.5695	-0.0000	1.1920
106.0000	178.0000	Respond Naturally	SlimStyles	4.0000	4.0000	4.0000	6	1.0000	0.6218	0.1849	0.0256	0.0000	0.1849	0.1494	1.0000	0.1609	0.1609	-0.0000	0.3641
106.0000	179.0000	Respond Naturally	TofuDessert	6.0000	6.0000	6.0000	4	1.0000	0.8063	0.2182	0.5189	1.0000	0.4030	0.2859	-1.0000	0.4097	0.4097	-0.0000	1.1189
106.0000	180.0000	Respond Naturally	RedPepper	4.0000	4.0000	6.0000	5	1.0000	0.5543	0.2687	0.4944	0.0000	0.2687	0.1321	1.0000	0.0465	0.0465	-0.0000	0.1267
106.0000	181.0000	Respond Naturally	LaysClassic	1.0000	4.0000	1.0000	4	1.0000	0.6719	0.1847	0.4397	0.0000	0.1847	0.1625	1.0000	0.0935	0.0935	-0.0000	0.2015
106.0000	182.0000	Respond Naturally	NatureValleyChocolate	4.0000	4.0000	3.0000	4	1.0000	0.7729	0.2353	0.6945	0.0000	0.2353	0.1597	1.0000	-0.0235	0.0035	-0.0270	-0.0660
106.0000	183.0000	Respond Naturally	IceCreamVanilla	3.0000	5.0000	2.0000	1	1.0000	2.1171	0.1176	0.5251	4.0000	1.5962	0.3262	1.0000	0.6009	0.6059	-0.0050	1.5425
106.0000	184.0000	Respond Naturally	RaisinBran	4.0000	4.0000	4.0000	7	1.0000	0.6721	0.2016	0.6016	0.0000	0.2016	0.2717	1.0000	0.0676	0.0676	-0.0000	0.1597
106.0000	185.0000	Respond Naturally	Cauliflower	1.0000	2.0000	5.0000	2	-1.0000	1.3442	0.6721	-0.5620	0.0000	0.6721	0.2596	-1.0000	0.6097	0.6097	-0.0000	1.2196
106.0000	186.0000	Respond Naturally	Triscuit	1.0000	4.0000	4.0000	5	1.0000	0.7560	0.1008	0.4305	0.0000	0.1008	0.1560	1.0000	0.0665	0.0805	-0.0140	0.2530
106.0000	187.0000	Respond Naturally	RufflesSourCreamOnion	3.0000	5.0000	1.0000	3	1.0000	0.9072	0.3864	0.4495	0.0000	0.3864	0.2075	1.0000	0.1394	0.1394	-0.0000	0.2823
106.0000	188.0000	Respond Naturally	Avocado	4.0000	5.0000	6.0000	2	1.0000	0.7393	0.2352	0.7140	0.0000	0.2352	0.1041	1.0000	0.0588	0.0588	-0.0000	0.1300
106.0000	189.0000	Respond Naturally	Raspberries	4.0000	5.0000	5.0000	4	1.0000	0.5713	0.2184	0.5229	0.0000	0.2184	0.1856	1.0000	0.0596	0.0596	-0.0000	0.1510
106.0000	190.0000	Respond Naturally	AllBranBar	4.0000	1.0000	3.0000	3	1.0000	0.8903	0.1344	0.8251	0.0000	0.1344	0.2066	1.0000	-0.0709	0.0001	-0.0710	-0.1720
106.0000	191.0000	Focus on Health	BBQCrisps	2.0000	5.0000	2.0000	6	1.0000	1.7304	0.2518	0.5193	2.0000	1.1423	0.3553	1.0000	0.5047	0.5192	-0.0145	1.6211
106.0000	192.0000	Focus on Health	FrozenOkra	1.0000	1.0000	5.0000	2	-1.0000	1.0081	0.1680	-0.5127	1.0000	0.4705	0.2424	1.0000	0.6500	0.6500	-0.0000	1.2844
106.0000	193.0000	Focus on Health	Broccoli	4.0000	3.0000	5.0000	4	1.0000	0.8400	0.2016	0.4140	0.0000	0.2016	0.1427	1.0000	0.0628	0.0628	-0.0000	0.1292
106.0000	194.0000	Focus on Health	AllBranCereal	1.0000	3.0000	4.0000	6	1.0000	0.6216	0.2352	0.6532	0.0000	0.2352	0.1918	1.0000	0.0422	0.0422	-0.0000	0.0967
106.0000	195.0000	Focus on Health	ClamJuice	1.0000	1.0000	3.0000	1	-1.0000	1.1256	0.1511	-0.5559	1.0000	0.5544	0.2031	1.0000	0.5640	0.5640	-0.0000	1.0561
106.0000	196.0000	Focus on Health	Almonds	2.0000	2.0000	4.0000	2	-1.0000	2.0326	0.1680	-0.4107	1.0000	1.1925	0.1875	1.0000	0.6726	0.6924	-0.0198	1.2311
106.0000	197.0000	Focus on Health	LaysClassic	3.0000	4.0000	2.0000	3	-1.0000	1.0249	0.3193	-0.6316	1.0000	0.5713	0.2000	1.0000	0.6983	0.6983	-0.0000	1.2381
106.0000	198.0000	Focus on Health	SkittlesSour	4.0000	4.0000	1.0000	6	-1.0000	0.9746	0.2520	-0.4760	1.0000	0.5209	0.3521	1.0000	0.6649	0.6649	-0.0000	1.3230
106.0000	199.0000	Focus on Health	RomaineLettuce	3.0000	3.0000	5.0000	4	1.0000	0.6386	0.1176	0.4150	0.0000	0.1176	0.1972	1.0000	0.1699	0.1699	-0.0000	0.2642
106.0000	200.0000	Focus on Health	OatBran	3.0000	4.0000	5.0000	4	1.0000	0.8564	0.2351	0.7178	0.0000	0.2351	0.1582	1.0000	0.0162	0.0162	-0.0000	0.0467
