Subject	Trial	Instruction	Food	Liking	Taste	Health	Amount	Choice	ChoiceRT	FirstDevTimeChoice	InitAngleChoice	NumChangeMindChoice	FinalDevTimeChoice	MaxVelocityChoice	DrxFirstDevChoice	TotalAUCChoice	AUCtoNonChosenChoice	AUCtoChosenChoice	MaxDevChoice
2.0000	1.0000	Focus on Health	Caramilk	5.0000	5.0000	1.0000	5	-1.0000	3.2407	1.1245	-0.0640	1.0000	1.5109	0.3738	1.0000	0.4338	0.4497	-0.0160	1.2937
2.0000	2.0000	Focus on Health	BabyFoodCarrots	3.0000	2.0000	3.0000	5	-1.0000	3.2907	2.6355	0.1161	0.0000	2.6355	0.1527	-1.0000	0.2217	0.2262	-0.0046	0.2861
2.0000	3.0000	Focus on Health	Snickers	3.0000	4.0000	2.0000	2	-1.0000	1.5955	0.7222	-0.0000	0.0000	0.7222	0.1742	-1.0000	0.1029	0.1034	-0.0006	0.2916
2.0000	4.0000	Focus on Health	RomaineLettuce	3.0000	3.0000	6.0000	2	1.0000	2.7030	0.4534	-0.0351	0.0000	0.4534	0.1466	1.0000	0.0511	0.0522	-0.0012	0.2126
2.0000	5.0000	Focus on Health	VegetableThins	5.0000	4.0000	3.0000	2	1.0000	2.1662	0.8899	0.1581	0.0000	0.8899	0.2251	1.0000	0.0710	0.0710	-0.0000	0.1958
2.0000	6.0000	Focus on Health	FrozenOkra	2.0000	4.0000	6.0000	2	-1.0000	1.5619	0.7222	0.3497	0.0000	0.7222	0.2065	-1.0000	0.0499	0.0611	-0.0112	0.1596
2.0000	7.0000	Focus on Health	Bananas	6.0000	6.0000	6.0000	2	1.0000	1.2773	0.6053	0.0933	0.0000	0.6053	0.1152	1.0000	0.1008	0.1199	-0.0191	0.3497
2.0000	8.0000	Focus on Health	RitzCrackers	5.0000	4.0000	4.0000	2	1.0000	1.1763	0.6052	0.1395	0.0000	0.6052	0.1772	1.0000	0.0875	0.0913	-0.0038	0.1738
2.0000	9.0000	Focus on Health	RedPepper	3.0000	3.0000	6.0000	2	1.0000	1.2262	0.4871	0.0735	0.0000	0.4871	0.1826	1.0000	0.0597	0.0832	-0.0235	0.1768
2.0000	10.0000	Focus on Health	RaisinBran	6.0000	4.0000	4.0000	3	1.0000	1.2601	0.5712	0.1979	0.0000	0.5712	0.1931	1.0000	0.0819	0.1194	-0.0374	0.2506
2.0000	11.0000	Respond Naturally	TofuDessert	6.0000	6.0000	6.0000	2	1.0000	1.2258	0.5373	0.0000	0.0000	0.5373	0.1555	1.0000	0.0971	0.0975	-0.0004	0.2090
2.0000	12.0000	Respond Naturally	Snickers	3.0000	2.0000	2.0000	3	-1.0000	1.1259	0.4369	0.1533	1.0000	0.5545	0.2245	1.0000	0.0649	0.0669	-0.0019	0.2332
2.0000	13.0000	Respond Naturally	Raspberries	5.0000	5.0000	6.0000	4	1.0000	2.3342	1.1584	0.0211	0.0000	1.1584	0.1585	1.0000	0.1124	0.1128	-0.0004	0.2103
2.0000	14.0000	Respond Naturally	Broccoli	3.0000	6.0000	6.0000	1	1.0000	1.1755	0.4873	0.1236	0.0000	0.4873	0.2176	1.0000	0.0695	0.0778	-0.0083	0.2181
2.0000	15.0000	Respond Naturally	RitzCrackers	5.0000	4.0000	3.0000	5	-1.0000	1.2594	0.6043	-0.0699	0.0000	0.6043	0.1591	-1.0000	0.0748	0.0880	-0.0132	0.1871
2.0000	16.0000	Respond Naturally	DriedApricots	2.0000	6.0000	6.0000	2	1.0000	1.0748	0.4532	0.1716	0.0000	0.4532	0.1754	1.0000	0.0712	0.0750	-0.0038	0.1531
2.0000	17.0000	Respond Naturally	Shreddies	5.0000	4.0000	4.0000	2	1.0000	1.2092	0.6212	0.0854	0.0000	0.6212	0.1971	1.0000	0.0567	0.0597	-0.0030	0.1259
2.0000	18.0000	Respond Naturally	AllBranBar	4.0000	4.0000	4.0000	1	1.0000	1.2601	0.3356	0.0316	0.0000	0.3356	0.2267	1.0000	0.0658	0.0739	-0.0081	0.2152
2.0000	19.0000	Respond Naturally	OatmealSquares	5.0000	5.0000	4.0000	3	1.0000	1.0246	0.3694	0.0615	0.0000	0.3694	0.1790	1.0000	0.0627	0.0629	-0.0001	0.1306
2.0000	20.0000	Respond Naturally	RomaineLettuce	3.0000	3.0000	6.0000	4	-1.0000	1.3104	0.3697	0.1199	0.0000	0.3697	0.1993	-1.0000	0.0776	0.0916	-0.0140	0.2477
2.0000	21.0000	Focus on Health	SlimStyles	5.0000	2.0000	3.0000	2	1.0000	1.9480	1.0241	-0.2605	1.0000	1.1752	0.2189	-1.0000	0.4382	0.4382	-0.0000	1.2439
2.0000	22.0000	Focus on Health	Pringles	6.0000	5.0000	3.0000	2	-1.0000	1.5788	0.5036	-0.0093	1.0000	0.7724	0.3154	1.0000	0.4582	0.4582	-0.0000	1.3952
2.0000	23.0000	Focus on Health	Mentos	2.0000	4.0000	2.0000	5	-1.0000	1.2934	0.4030	-0.0000	1.0000	0.6383	0.3033	1.0000	0.3547	0.3547	-0.0000	1.4111
2.0000	24.0000	Focus on Health	HoneyNutCheerios	2.0000	3.0000	3.0000	5	-1.0000	1.3599	0.4364	0.1353	1.0000	0.6041	0.2426	1.0000	0.0864	0.1090	-0.0226	0.4375
2.0000	25.0000	Focus on Health	Avocado	1.0000	2.0000	6.0000	5	-1.0000	1.1586	0.5874	0.2010	0.0000	0.5874	0.2277	-1.0000	0.0527	0.0690	-0.0163	0.1345
2.0000	26.0000	Focus on Health	SlimStyles	3.0000	3.0000	4.0000	6	-1.0000	1.2933	0.6886	0.1320	0.0000	0.6886	0.1593	-1.0000	0.0665	0.0693	-0.0028	0.1287
2.0000	27.0000	Focus on Health	Prunes	2.0000	2.0000	3.0000	5	-1.0000	1.8971	0.7720	0.1289	0.0000	0.7720	0.1880	-1.0000	0.0818	0.0871	-0.0053	0.2174
2.0000	28.0000	Focus on Health	PureFit	4.0000	3.0000	4.0000	2	1.0000	3.4768	0.2857	-0.3094	2.0000	2.2843	0.3086	1.0000	0.6196	0.6261	-0.0065	1.5473
2.0000	29.0000	Focus on Health	BabyFoodSweetPotatos	2.0000	3.0000	3.0000	5	-1.0000	2.6036	1.6964	-0.4339	0.0000	1.6964	0.1278	-1.0000	0.2532	0.2533	-0.0001	0.3754
2.0000	30.0000	Focus on Health	Mars	4.0000	3.0000	2.0000	2	1.0000	3.7784	0.9064	0.2248	3.0000	2.9722	0.3339	-1.0000	0.6584	0.6585	-0.0002	1.4248
2.0000	31.0000	Respond Naturally	ClifBar	2.0000	3.0000	3.0000	4	-1.0000	1.2429	0.6381	-0.0019	0.0000	0.6381	0.1945	-1.0000	0.0846	0.0865	-0.0019	0.1583
2.0000	32.0000	Respond Naturally	CornFlakes	6.0000	4.0000	4.0000	3	1.0000	1.4607	0.6545	-0.1826	0.0000	0.6545	0.3480	1.0000	0.0653	0.0962	-0.0310	0.2491
2.0000	33.0000	Respond Naturally	Celery	1.0000	2.0000	5.0000	4	-1.0000	1.0414	0.4200	0.2134	0.0000	0.4200	0.2392	-1.0000	0.0392	0.0579	-0.0187	0.1427
2.0000	34.0000	Respond Naturally	IceCreamChocolate	6.0000	6.0000	1.0000	4	1.0000	1.3772	0.6214	-0.9025	1.0000	0.7557	0.2104	-1.0000	0.2527	0.2683	-0.0156	0.9495
2.0000	35.0000	Respond Naturally	Beets	1.0000	1.0000	2.0000	5	-1.0000	1.2596	0.6212	-0.0396	0.0000	0.6212	0.2294	-1.0000	0.1116	0.1239	-0.0123	0.2513
2.0000	36.0000	Respond Naturally	ClamJuice	3.0000	2.0000	2.0000	3	-1.0000	1.2597	0.6213	0.3346	1.0000	0.7389	0.2222	1.0000	0.0819	0.0819	-0.0000	0.4064
2.0000	37.0000	Respond Naturally	RiceKrispiesCereal	5.0000	5.0000	6.0000	3	1.0000	1.2431	0.4703	0.2469	0.0000	0.4703	0.1664	1.0000	0.0417	0.0514	-0.0098	0.1231
2.0000	38.0000	Respond Naturally	WaterChestnuts	3.0000	2.0000	4.0000	5	-1.0000	1.1420	0.4532	-0.1041	0.0000	0.4532	0.1981	-1.0000	0.0631	0.0769	-0.0138	0.1733
2.0000	39.0000	Respond Naturally	Smarties	3.0000	4.0000	2.0000	2	-1.0000	1.3942	0.4198	-0.3699	0.0000	0.4198	0.1547	-1.0000	0.0378	0.0617	-0.0239	0.1565
2.0000	40.0000	Respond Naturally	Triscuit	4.0000	3.0000	3.0000	5	-1.0000	1.5118	0.4870	0.2251	2.0000	0.8398	0.1877	-1.0000	0.1127	0.1133	-0.0006	0.4673
2.0000	41.0000	Focus on Health	ProMax	4.0000	3.0000	1.0000	2	1.0000	4.8855	0.8732	0.0000	1.0000	1.0916	0.1628	-1.0000	0.1152	0.1169	-0.0017	0.7117
2.0000	42.0000	Focus on Health	Twizzlers	1.0000	1.0000	1.0000	2	-1.0000	5.3036	1.0739	0.1225	0.0000	1.0739	0.1964	-1.0000	0.0426	0.0445	-0.0019	0.2462
2.0000	43.0000	Focus on Health	Fritos	5.0000	4.0000	3.0000	2	1.0000	1.3768	0.4698	-0.2646	0.0000	0.4698	0.1198	1.0000	0.1147	0.1157	-0.0010	0.2121
2.0000	44.0000	Focus on Health	FrozenPeaches	6.0000	6.0000	6.0000	5	1.0000	1.7303	0.9238	-0.1825	0.0000	0.9238	0.1148	1.0000	0.0949	0.0949	-0.0000	0.1755
2.0000	45.0000	Focus on Health	YorkPeppermintPatties	1.0000	2.0000	1.0000	4	-1.0000	1.1419	0.6046	-0.0223	0.0000	0.6046	0.1953	-1.0000	0.0327	0.0363	-0.0035	0.1048
2.0000	46.0000	Focus on Health	GreenBeans	4.0000	5.0000	4.0000	4	-1.0000	1.6628	0.3862	-0.0000	2.0000	0.8901	0.1776	-1.0000	0.0259	0.0445	-0.0186	0.2118
2.0000	47.0000	Focus on Health	FrozenBroccoli	5.0000	4.0000	5.0000	2	1.0000	1.2765	0.5542	-0.0051	0.0000	0.5542	0.1016	1.0000	0.0776	0.0825	-0.0049	0.1676
2.0000	48.0000	Focus on Health	GreenBeans	6.0000	4.0000	5.0000	2	1.0000	1.2264	0.5879	0.2074	0.0000	0.5879	0.1543	1.0000	0.0607	0.0732	-0.0125	0.1943
2.0000	49.0000	Focus on Health	AppleChips	2.0000	4.0000	3.0000	5	1.0000	1.7134	0.4367	-0.0810	2.0000	0.8903	0.1911	1.0000	0.1373	0.1411	-0.0038	0.8092
2.0000	50.0000	Focus on Health	Fritos	4.0000	4.0000	2.0000	5	-1.0000	1.1757	0.5373	0.2376	0.0000	0.5373	0.1639	-1.0000	0.0106	0.0424	-0.0317	-0.2016
2.0000	51.0000	Respond Naturally	Strawberries	6.0000	6.0000	6.0000	2	1.0000	1.3774	0.4870	-0.2041	3.0000	0.9071	0.3197	-1.0000	0.2727	0.2727	-0.0000	0.8430
2.0000	52.0000	Respond Naturally	AlmondMilk	5.0000	5.0000	6.0000	4	1.0000	1.7299	0.4870	-0.3713	1.0000	0.6718	0.1999	-1.0000	0.1750	0.1822	-0.0072	0.6225
2.0000	53.0000	Respond Naturally	PCChipCookie	4.0000	4.0000	3.0000	2	1.0000	1.4439	0.7895	0.2303	0.0000	0.7895	0.1723	1.0000	0.1327	0.1327	-0.0000	0.3506
2.0000	54.0000	Respond Naturally	Onion	2.0000	1.0000	5.0000	4	-1.0000	1.4443	0.6548	-0.1113	0.0000	0.6548	0.2796	-1.0000	0.0633	0.0657	-0.0024	0.1459
2.0000	55.0000	Respond Naturally	FrozenOkra	1.0000	1.0000	6.0000	5	-1.0000	1.0241	0.4366	0.1855	0.0000	0.4366	0.1461	-1.0000	0.0443	0.0560	-0.0118	0.1240
2.0000	56.0000	Respond Naturally	GreenApple	6.0000	6.0000	6.0000	4	1.0000	1.0917	0.3694	-0.0636	1.0000	0.5542	0.1773	-1.0000	0.3173	0.3173	-0.0000	0.9982
2.0000	57.0000	Respond Naturally	HoneyNutCheerios	6.0000	5.0000	4.0000	2	1.0000	1.0919	0.3695	0.0000	0.0000	0.3695	0.0943	1.0000	0.0802	0.0965	-0.0163	0.2384
2.0000	58.0000	Respond Naturally	PopTartStrawberry	3.0000	4.0000	2.0000	5	-1.0000	1.2263	0.5037	-0.0000	0.0000	0.5037	0.2072	-1.0000	0.0157	0.0566	-0.0409	-0.1682
2.0000	59.0000	Respond Naturally	CheeseNips	4.0000	5.0000	3.0000	2	1.0000	1.1420	0.3526	0.1305	0.0000	0.3526	0.1559	1.0000	0.0763	0.0772	-0.0009	0.2116
2.0000	60.0000	Respond Naturally	CoffeeCrisp	3.0000	2.0000	2.0000	3	-1.0000	1.1587	0.5374	0.2743	0.0000	0.5374	0.1586	-1.0000	0.0522	0.0543	-0.0022	0.1339
2.0000	61.0000	Respond Naturally	GreenPepper	3.0000	4.0000	6.0000	2	-1.0000	1.2763	0.4867	0.1049	1.0000	0.7051	0.3909	1.0000	0.1515	0.1688	-0.0173	0.8174
2.0000	62.0000	Respond Naturally	MnMPlain	1.0000	2.0000	1.0000	5	-1.0000	1.1254	0.4199	0.2536	0.0000	0.4199	0.1358	-1.0000	0.0491	0.0586	-0.0094	0.1838
2.0000	63.0000	Respond Naturally	Prunes	1.0000	1.0000	3.0000	2	-1.0000	1.2931	0.4869	0.3128	0.0000	0.4869	0.1600	-1.0000	0.0581	0.0582	-0.0000	0.1109
2.0000	64.0000	Respond Naturally	BabyFoodCarrots	2.0000	2.0000	3.0000	3	-1.0000	1.5111	0.5538	0.4394	0.0000	0.5538	0.1673	-1.0000	0.0578	0.0578	-0.0000	0.1255
2.0000	65.0000	Respond Naturally	Smartfood	4.0000	5.0000	3.0000	4	1.0000	1.4277	0.6047	-0.2930	0.0000	0.6047	0.1006	1.0000	0.0991	0.0997	-0.0006	0.1806
2.0000	66.0000	Respond Naturally	CannedArtichoke	2.0000	1.0000	2.0000	2	-1.0000	1.1425	0.4704	0.0643	0.0000	0.4704	0.1774	-1.0000	0.0491	0.0612	-0.0121	0.1978
2.0000	67.0000	Respond Naturally	Beets	2.0000	1.0000	2.0000	2	-1.0000	1.3267	0.4200	-0.0000	0.0000	0.4200	0.1504	-1.0000	0.0605	0.0605	-0.0000	0.1262
2.0000	68.0000	Respond Naturally	LaysClassic	5.0000	5.0000	3.0000	3	1.0000	1.0917	0.4028	-0.0501	0.0000	0.4028	0.2780	1.0000	0.0334	0.0433	-0.0099	-0.1306
2.0000	69.0000	Respond Naturally	GreenGrapes	5.0000	5.0000	6.0000	1	1.0000	1.4779	0.8563	-0.1401	0.0000	0.8563	0.2353	1.0000	0.0533	0.0827	-0.0294	0.1746
2.0000	70.0000	Respond Naturally	DriedHerring	2.0000	1.0000	3.0000	1	-1.0000	1.0581	0.4868	0.0754	0.0000	0.4868	0.2345	-1.0000	0.0531	0.0565	-0.0034	0.1244
2.0000	71.0000	Focus on Health	BrusselsSprouts	5.0000	4.0000	4.0000	2	-1.0000	1.2932	0.4702	-0.0141	0.0000	0.4702	0.1366	-1.0000	0.0416	0.0445	-0.0029	0.1052
2.0000	72.0000	Focus on Health	SlicedTurkey	5.0000	6.0000	6.0000	5	1.0000	1.1923	0.5538	-0.0326	0.0000	0.5538	0.1648	1.0000	0.1229	0.1229	-0.0000	0.2830
2.0000	73.0000	Focus on Health	AllBranBar	4.0000	4.0000	4.0000	3	1.0000	1.1254	0.6719	0.0000	0.0000	0.6719	0.1619	1.0000	0.0963	0.0964	-0.0000	0.2076
2.0000	74.0000	Focus on Health	Almonds	2.0000	4.0000	5.0000	4	1.0000	1.0918	0.6214	-0.0354	0.0000	0.6214	0.2659	1.0000	0.1504	0.1505	-0.0002	0.3469
2.0000	75.0000	Focus on Health	Bananas	6.0000	6.0000	6.0000	3	1.0000	0.9070	0.3526	-0.0205	0.0000	0.3526	0.2140	1.0000	0.1084	0.1084	-0.0000	0.4645
2.0000	76.0000	Focus on Health	Caramilk	5.0000	4.0000	3.0000	2	1.0000	1.5447	0.4535	-0.0498	1.0000	0.5879	0.1867	-1.0000	0.0864	0.0947	-0.0082	0.4356
2.0000	77.0000	Focus on Health	SpeltCakes	5.0000	4.0000	3.0000	5	-1.0000	1.5955	0.7054	0.0258	0.0000	0.7054	0.1679	-1.0000	0.0506	0.0576	-0.0070	0.1546
2.0000	78.0000	Focus on Health	KashiBars	2.0000	3.0000	6.0000	4	-1.0000	1.0247	0.4031	0.0924	0.0000	0.4031	0.1757	-1.0000	0.0598	0.0611	-0.0013	0.1490
2.0000	79.0000	Focus on Health	SkittlesSour	3.0000	1.0000	2.0000	6	-1.0000	1.1086	0.4870	0.2460	0.0000	0.4870	0.1599	-1.0000	0.0428	0.0431	-0.0003	0.0835
2.0000	80.0000	Focus on Health	SkimMilk	6.0000	5.0000	6.0000	1	1.0000	1.3603	0.3694	-0.2136	0.0000	0.3694	0.2559	1.0000	0.0337	0.0476	-0.0138	0.1281
2.0000	81.0000	Respond Naturally	PureFit	3.0000	3.0000	4.0000	4	-1.0000	1.3606	0.6215	-0.0000	1.0000	0.7392	0.2137	1.0000	0.1238	0.1340	-0.0102	0.5635
2.0000	82.0000	Respond Naturally	Avocado	3.0000	2.0000	6.0000	2	-1.0000	1.4446	0.8398	0.1197	0.0000	0.8398	0.2055	-1.0000	0.2013	0.2055	-0.0042	0.6190
2.0000	83.0000	Respond Naturally	OatBran	6.0000	4.0000	4.0000	2	-1.0000	1.3104	0.6047	0.2707	0.0000	0.6047	0.1502	-1.0000	0.0276	0.0609	-0.0333	0.1837
2.0000	84.0000	Respond Naturally	SunChips	5.0000	4.0000	3.0000	4	1.0000	1.6121	0.4030	-0.4064	0.0000	0.4030	0.1170	1.0000	0.0808	0.0842	-0.0035	0.2110
2.0000	85.0000	Respond Naturally	CannedArtichoke	2.0000	1.0000	3.0000	5	-1.0000	1.1924	0.4866	0.2785	0.0000	0.4866	0.1612	-1.0000	0.0059	0.0497	-0.0438	-0.1624
2.0000	86.0000	Respond Naturally	Pringles	5.0000	5.0000	2.0000	5	1.0000	1.1591	0.3862	-0.1652	0.0000	0.3862	0.1520	1.0000	0.0508	0.0678	-0.0169	0.1787
2.0000	87.0000	Respond Naturally	IceCreamVanilla	6.0000	6.0000	2.0000	1	1.0000	1.3270	0.5543	0.0293	0.0000	0.5543	0.2445	1.0000	0.1262	0.1373	-0.0111	0.4478
2.0000	88.0000	Respond Naturally	VegetableThins	5.0000	3.0000	3.0000	5	-1.0000	3.0064	0.6555	-0.0130	1.0000	1.2939	0.2065	1.0000	0.6184	0.6184	-0.0000	1.1850
2.0000	89.0000	Respond Naturally	TofuDessert	5.0000	5.0000	6.0000	4	-1.0000	1.8976	0.8226	0.2806	0.0000	0.8226	0.1227	-1.0000	0.0201	0.0278	-0.0078	-0.0926
2.0000	90.0000	Respond Naturally	OikosYogurt	6.0000	6.0000	6.0000	3	1.0000	1.2769	0.3863	-0.2073	1.0000	0.5881	0.1548	-1.0000	0.1511	0.1908	-0.0397	0.8335
2.0000	91.0000	Focus on Health	MnMPlain	5.0000	5.0000	2.0000	3	-1.0000	2.9898	1.2599	0.4591	1.0000	1.8480	0.3011	1.0000	0.4957	0.4957	-0.0000	1.2457
2.0000	92.0000	Focus on Health	Cauliflower	6.0000	5.0000	6.0000	2	1.0000	1.1926	0.6214	-0.3331	0.0000	0.6214	0.1844	1.0000	0.0869	0.0984	-0.0115	0.2225
2.0000	93.0000	Focus on Health	CheeseNips	5.0000	4.0000	2.0000	5	-1.0000	1.1084	0.5541	0.1948	0.0000	0.5541	0.2029	-1.0000	0.0449	0.0571	-0.0123	0.1529
2.0000	94.0000	Focus on Health	Spinach	3.0000	4.0000	6.0000	2	1.0000	1.7801	0.9067	-0.2861	0.0000	0.9067	0.1466	1.0000	0.1070	0.1079	-0.0010	0.2136
2.0000	95.0000	Focus on Health	RufflesSourCreamOnion	5.0000	5.0000	3.0000	3	1.0000	1.0916	0.3860	-0.2553	0.0000	0.3860	0.1566	1.0000	0.0542	0.0589	-0.0047	0.1762
2.0000	96.0000	Focus on Health	WelchsFruitSnacks	4.0000	4.0000	2.0000	3	-1.0000	1.3941	0.6382	-0.0643	0.0000	0.6382	0.2265	-1.0000	0.1293	0.1475	-0.0182	0.3436
2.0000	97.0000	Focus on Health	AlmondMilk	5.0000	6.0000	5.0000	2	1.0000	1.1255	0.3695	-0.2739	1.0000	0.4872	0.1805	-1.0000	0.1430	0.1450	-0.0020	0.4157
2.0000	98.0000	Focus on Health	SkittlesSour	3.0000	3.0000	3.0000	3	-1.0000	1.2096	0.4534	0.4680	1.0000	0.6048	0.2228	1.0000	0.0503	0.0832	-0.0329	0.5296
2.0000	99.0000	Focus on Health	Cauliflower	5.0000	6.0000	6.0000	6	-1.0000	1.4955	0.3866	0.7272	1.0000	0.7898	0.3129	1.0000	0.2511	0.2626	-0.0115	1.0485
2.0000	100.0000	Focus on Health	Starburst	4.0000	6.0000	2.0000	6	-1.0000	1.2932	0.6716	0.3817	0.0000	0.6716	0.1598	-1.0000	0.0665	0.0677	-0.0011	0.2498
2.0000	101.0000	Focus on Health	MnMPeanuts	4.0000	5.0000	2.0000	4	-1.0000	1.2764	0.5877	-0.0215	0.0000	0.5877	0.3086	-1.0000	0.0104	0.0606	-0.0502	-0.1919
2.0000	102.0000	Focus on Health	Nutella	1.0000	4.0000	1.0000	4	-1.0000	1.2593	0.4362	0.5352	1.0000	0.5874	0.3139	1.0000	0.0490	0.0530	-0.0040	0.3335
2.0000	103.0000	Focus on Health	Starburst	5.0000	4.0000	3.0000	3	-1.0000	1.3944	0.4365	0.6024	0.0000	0.4365	0.2356	-1.0000	0.0072	0.0152	-0.0079	0.0478
2.0000	104.0000	Focus on Health	MnMPeanuts	6.0000	5.0000	2.0000	2	1.0000	1.3770	0.3691	-0.7569	1.0000	0.5707	0.2661	-1.0000	0.5238	0.5243	-0.0005	1.2754
2.0000	105.0000	Focus on Health	Cheetos	5.0000	4.0000	3.0000	3	1.0000	1.2768	0.5712	-0.5349	0.0000	0.5712	0.1110	1.0000	0.1715	0.1715	-0.0000	0.2392
2.0000	106.0000	Focus on Health	SevenGrain	3.0000	3.0000	4.0000	3	1.0000	1.3605	0.6549	-0.5917	1.0000	0.8061	0.2916	-1.0000	0.2178	0.2242	-0.0064	0.7166
2.0000	107.0000	Focus on Health	ProMax	2.0000	3.0000	1.0000	4	-1.0000	1.3269	0.7724	0.5601	0.0000	0.7724	0.2095	-1.0000	0.0312	0.0546	-0.0235	0.2024
2.0000	108.0000	Focus on Health	FrozenPeaches	6.0000	6.0000	6.0000	2	1.0000	1.3102	0.3861	-0.4777	2.0000	0.6549	0.2277	1.0000	0.1640	0.1715	-0.0074	0.7647
2.0000	109.0000	Focus on Health	RufflesSourCreamOnion	4.0000	6.0000	3.0000	5	1.0000	1.1417	0.4194	-0.3225	0.0000	0.4194	0.2059	1.0000	0.0960	0.0965	-0.0006	0.1833
2.0000	110.0000	Focus on Health	KashiBars	4.0000	4.0000	4.0000	1	1.0000	1.2936	0.4535	-0.6995	0.0000	0.4535	0.1632	1.0000	0.0590	0.0663	-0.0073	0.1508
2.0000	111.0000	Respond Naturally	Asparagus	1.0000	3.0000	4.0000	6	-1.0000	1.8136	0.6379	0.1978	0.0000	0.6379	0.1575	-1.0000	0.0633	0.0964	-0.0331	0.2159
2.0000	112.0000	Respond Naturally	Skittles	1.0000	3.0000	2.0000	6	-1.0000	1.0918	0.4198	0.8895	0.0000	0.4198	0.2138	-1.0000	0.0398	0.0522	-0.0124	0.2833
2.0000	113.0000	Respond Naturally	FrozenPeas	5.0000	5.0000	6.0000	2	1.0000	1.7968	0.9402	-0.4634	0.0000	0.9402	0.1741	1.0000	0.3319	0.3319	-0.0000	0.7028
2.0000	114.0000	Respond Naturally	RedPepper	2.0000	3.0000	6.0000	5	-1.0000	1.2095	0.4534	-0.0224	1.0000	0.6887	0.2819	1.0000	0.1851	0.1952	-0.0102	0.8084
2.0000	115.0000	Respond Naturally	Triscuit	5.0000	5.0000	3.0000	2	1.0000	1.0919	0.3023	-0.8635	0.0000	0.3023	0.1522	1.0000	0.0841	0.0952	-0.0111	0.2619
2.0000	116.0000	Respond Naturally	GreenApple	6.0000	6.0000	6.0000	2	1.0000	1.1922	0.4528	-0.0937	1.0000	0.5871	0.2301	-1.0000	0.2099	0.2112	-0.0012	0.8417
2.0000	117.0000	Respond Naturally	FrozenCorn	4.0000	3.0000	5.0000	4	-1.0000	2.6880	0.8905	-0.0116	2.0000	1.4620	0.2739	-1.0000	0.4255	0.4255	-0.0000	1.3063
2.0000	118.0000	Respond Naturally	WelchsFruitSnacks	4.0000	5.0000	2.0000	1	-1.0000	1.7131	0.4366	-1.3484	2.0000	1.1084	0.2621	-1.0000	0.1552	0.1954	-0.0402	1.1623
2.0000	119.0000	Respond Naturally	Butternut	6.0000	6.0000	6.0000	3	1.0000	1.2429	0.4199	-0.2747	0.0000	0.4199	0.2097	1.0000	0.0826	0.0862	-0.0036	0.2265
2.0000	120.0000	Respond Naturally	Orange	6.0000	6.0000	6.0000	1	1.0000	1.1252	0.4534	-0.1845	1.0000	0.5878	0.1661	-1.0000	0.2299	0.2299	-0.0000	0.8910
2.0000	121.0000	Respond Naturally	Raspberries	5.0000	6.0000	6.0000	5	-1.0000	2.1500	0.4535	0.7929	3.0000	1.1926	0.2797	1.0000	0.2447	0.2449	-0.0001	1.1528
2.0000	122.0000	Respond Naturally	Mackerel	3.0000	1.0000	3.0000	1	-1.0000	1.1926	0.4700	0.3823	1.0000	0.6213	0.2366	1.0000	0.1835	0.1843	-0.0008	0.9720
2.0000	123.0000	Respond Naturally	Mars	3.0000	3.0000	2.0000	4	-1.0000	1.2093	0.4032	-0.0000	1.0000	0.6048	0.2099	1.0000	0.0982	0.1169	-0.0186	0.4109
2.0000	124.0000	Respond Naturally	Tempeh	2.0000	1.0000	2.0000	4	-1.0000	1.1590	0.5544	0.7068	0.0000	0.5544	0.2362	-1.0000	0.0511	0.0512	-0.0002	0.2481
2.0000	125.0000	Respond Naturally	Aero	3.0000	3.0000	3.0000	1	1.0000	1.5285	0.7727	-1.1485	0.0000	0.7727	0.1640	1.0000	0.2260	0.2261	-0.0001	0.5924
2.0000	126.0000	Respond Naturally	Reese	2.0000	2.0000	1.0000	4	-1.0000	1.1756	0.4028	0.3420	1.0000	0.5877	0.3045	1.0000	0.0854	0.1062	-0.0208	0.6679
2.0000	127.0000	Respond Naturally	Almonds	3.0000	5.0000	5.0000	2	1.0000	1.4607	0.8729	-0.6814	0.0000	0.8729	0.2326	1.0000	0.0965	0.0965	-0.0000	0.1534
2.0000	128.0000	Respond Naturally	MangoChunks	6.0000	6.0000	6.0000	2	1.0000	0.9571	0.3692	-0.4965	0.0000	0.3692	0.1573	1.0000	0.0919	0.0924	-0.0004	0.1691
2.0000	129.0000	Respond Naturally	Strawberries	6.0000	6.0000	6.0000	3	1.0000	2.1156	0.4869	-0.0599	0.0000	0.4869	0.0831	1.0000	0.0836	0.0886	-0.0050	0.3954
2.0000	130.0000	Respond Naturally	RiceKrispiesCereal	4.0000	5.0000	4.0000	7	-1.0000	1.6454	0.9062	-0.0239	0.0000	0.9062	0.3160	-1.0000	0.0139	0.0642	-0.0503	-0.3457
2.0000	131.0000	Focus on Health	VanillaGreekYogurt	5.0000	6.0000	6.0000	2	1.0000	1.2767	0.5206	-0.1586	0.0000	0.5206	0.1593	1.0000	0.0880	0.0880	-0.0000	0.2762
2.0000	132.0000	Focus on Health	Tuna	3.0000	3.0000	4.0000	4	-1.0000	1.2094	0.6213	-0.0263	0.0000	0.6213	0.2489	-1.0000	0.0898	0.0959	-0.0061	0.1738
2.0000	133.0000	Focus on Health	SlicedTurkey	6.0000	5.0000	6.0000	2	1.0000	1.0582	0.3525	-0.3337	1.0000	0.5205	0.1701	-1.0000	0.1465	0.1602	-0.0137	0.7232
2.0000	134.0000	Focus on Health	OatmealSquares	5.0000	4.0000	4.0000	7	-1.0000	1.6125	0.5207	-0.2914	1.0000	0.7390	0.2503	1.0000	0.2298	0.2311	-0.0012	0.8412
2.0000	135.0000	Focus on Health	IceCreamChocolate	6.0000	6.0000	3.0000	1	1.0000	2.2675	0.8061	-0.5264	1.0000	1.2934	0.3336	-1.0000	0.5066	0.5066	-0.0000	1.3777
2.0000	136.0000	Focus on Health	Cheerios	5.0000	5.0000	4.0000	5	-1.0000	1.1422	0.6045	-0.2538	0.0000	0.6045	0.1954	-1.0000	0.0663	0.0749	-0.0086	0.1713
2.0000	137.0000	Focus on Health	EnglishCucumber	6.0000	5.0000	6.0000	2	1.0000	1.0750	0.5205	-0.3604	0.0000	0.5205	0.1579	1.0000	0.1883	0.1883	-0.0000	0.4411
2.0000	138.0000	Focus on Health	Nutella	3.0000	4.0000	1.0000	1	-1.0000	1.6296	0.3526	0.6247	1.0000	0.6383	0.1946	1.0000	0.2482	0.2649	-0.0167	0.8244
2.0000	139.0000	Focus on Health	Doritos	5.0000	5.0000	2.0000	5	-1.0000	1.3432	0.4361	0.2255	0.0000	0.4361	0.1797	-1.0000	0.0670	0.0670	-0.0000	0.1213
2.0000	140.0000	Focus on Health	OatBran	2.0000	3.0000	5.0000	4	-1.0000	1.1924	0.5708	0.3275	0.0000	0.5708	0.1517	-1.0000	0.0670	0.0704	-0.0035	0.3261
2.0000	141.0000	Respond Naturally	SpeltCakes	5.0000	4.0000	3.0000	2	-1.0000	2.6029	1.6957	0.8741	0.0000	1.6957	0.0737	-1.0000	0.0455	0.0466	-0.0012	0.1293
2.0000	142.0000	Respond Naturally	GreenGrapes	6.0000	6.0000	6.0000	4	1.0000	1.6460	0.3695	0.3863	0.0000	0.3695	0.2425	1.0000	-0.0484	0.0389	-0.0873	-0.2948
2.0000	143.0000	Respond Naturally	Asparagus	3.0000	3.0000	6.0000	3	-1.0000	1.2093	0.5038	-0.5422	0.0000	0.5038	0.2393	-1.0000	0.1565	0.1565	-0.0000	0.2997
2.0000	144.0000	Respond Naturally	PCChipCookie	4.0000	4.0000	2.0000	5	-1.0000	1.4107	0.5541	0.4766	0.0000	0.5541	0.1494	-1.0000	0.0489	0.0493	-0.0004	0.2425
2.0000	145.0000	Respond Naturally	CoffeeCrisp	4.0000	3.0000	2.0000	1	1.0000	1.5791	0.7727	-0.2762	0.0000	0.7727	0.0966	1.0000	0.0818	0.0851	-0.0032	0.2830
2.0000	146.0000	Respond Naturally	AppleChips	4.0000	4.0000	4.0000	2	1.0000	1.1756	0.5203	-0.0590	0.0000	0.5203	0.1709	1.0000	0.1352	0.1456	-0.0104	0.2906
2.0000	147.0000	Respond Naturally	Tempeh	2.0000	1.0000	2.0000	2	-1.0000	1.1253	0.4367	0.2000	1.0000	0.5877	0.2092	1.0000	0.0904	0.1007	-0.0104	0.4314
2.0000	148.0000	Respond Naturally	Doritos	5.0000	5.0000	3.0000	2	1.0000	1.0082	0.2017	0.2146	0.0000	0.2017	0.1696	1.0000	0.0891	0.0891	-0.0000	0.1944
2.0000	149.0000	Respond Naturally	BBQCrisps	5.0000	4.0000	4.0000	6	-1.0000	1.2261	0.4199	0.0938	1.0000	0.5375	0.1665	1.0000	0.1018	0.1018	-0.0000	0.2818
2.0000	150.0000	Respond Naturally	CornFlakes	5.0000	4.0000	4.0000	6	-1.0000	0.9909	0.4367	0.1132	0.0000	0.4367	0.2485	-1.0000	0.0116	0.0116	-0.0000	0.0232
2.0000	151.0000	Focus on Health	IceCreamVanilla	6.0000	6.0000	3.0000	4	-1.0000	1.3265	0.8225	0.5271	0.0000	0.8225	0.2706	-1.0000	0.1231	0.1232	-0.0001	0.2858
2.0000	152.0000	Focus on Health	FrozenBroccoli	2.0000	3.0000	6.0000	6	-1.0000	1.8308	0.4030	0.4935	1.0000	0.6719	0.1871	1.0000	0.1880	0.1970	-0.0090	0.9429
2.0000	153.0000	Focus on Health	Butternut	5.0000	6.0000	6.0000	7	1.0000	1.3266	0.4533	-0.2886	0.0000	0.4533	0.1734	1.0000	0.0748	0.0847	-0.0099	0.1928
2.0000	154.0000	Focus on Health	NatureValleyChocolate	3.0000	3.0000	2.0000	4	-1.0000	2.1158	0.4867	0.5111	2.0000	1.0413	0.2839	-1.0000	0.1174	0.1337	-0.0163	1.0550
2.0000	155.0000	Focus on Health	MangoChunks	6.0000	6.0000	6.0000	5	1.0000	0.9910	0.4031	-0.4938	0.0000	0.4031	0.2550	1.0000	0.1318	0.1318	-0.0000	0.2359
2.0000	156.0000	Focus on Health	OikosYogurt	4.0000	6.0000	6.0000	6	1.0000	1.2934	0.4870	0.0000	0.0000	0.4870	0.1632	1.0000	0.0144	0.0378	-0.0234	0.1394
2.0000	157.0000	Focus on Health	BrusselsSprouts	3.0000	3.0000	4.0000	4	-1.0000	1.2092	0.5540	0.3604	0.0000	0.5540	0.1755	-1.0000	0.0311	0.0666	-0.0355	-0.1489
2.0000	158.0000	Focus on Health	Spinach	2.0000	2.0000	5.0000	4	1.0000	2.5355	0.9566	0.1630	1.0000	1.5951	0.3120	-1.0000	0.5176	0.5176	-0.0000	1.3831
2.0000	159.0000	Focus on Health	Smartfood	5.0000	4.0000	3.0000	2	1.0000	0.9740	0.4366	0.0202	0.0000	0.4366	0.1781	1.0000	0.0660	0.0666	-0.0006	0.1295
2.0000	160.0000	Focus on Health	AllBranCereal	3.0000	1.0000	4.0000	6	-1.0000	1.2091	0.4867	0.2894	0.0000	0.4867	0.1560	-1.0000	0.0826	0.0837	-0.0012	0.2702
2.0000	161.0000	Respond Naturally	SkimMilk	6.0000	6.0000	6.0000	4	1.0000	1.8474	0.4196	-0.1948	1.0000	0.9573	0.3301	-1.0000	0.4611	0.4611	-0.0000	1.3739
2.0000	162.0000	Respond Naturally	SevenGrain	4.0000	4.0000	4.0000	1	1.0000	1.6624	0.3189	0.1744	1.0000	0.9908	0.3790	-1.0000	0.6422	0.6422	-0.0000	1.3140
2.0000	163.0000	Respond Naturally	Aero	4.0000	3.0000	2.0000	3	-1.0000	1.2764	0.7223	0.1109	0.0000	0.7223	0.1613	-1.0000	0.1158	0.1173	-0.0015	0.2004
2.0000	164.0000	Respond Naturally	Smarties	3.0000	3.0000	1.0000	5	-1.0000	1.1088	0.2856	0.7031	1.0000	0.4872	0.2330	1.0000	0.0659	0.0743	-0.0084	0.4393
2.0000	165.0000	Respond Naturally	VanillaGreekYogurt	6.0000	6.0000	6.0000	4	1.0000	1.1425	0.4031	-0.4900	1.0000	0.5543	0.1641	-1.0000	0.2455	0.2469	-0.0015	0.7658
2.0000	166.0000	Respond Naturally	SunChips	5.0000	4.0000	3.0000	2	1.0000	1.1085	0.3864	-0.2214	0.0000	0.3864	0.1822	1.0000	0.1053	0.1053	-0.0000	0.2447
2.0000	167.0000	Respond Naturally	NatureValleyChocolate	3.0000	5.0000	3.0000	1	1.0000	1.3105	0.4535	0.7130	0.0000	0.4535	0.1544	1.0000	0.0265	0.0272	-0.0007	0.0851
2.0000	168.0000	Respond Naturally	YorkPeppermintPatties	2.0000	3.0000	3.0000	2	-1.0000	1.1754	0.4702	-0.2377	0.0000	0.4702	0.2012	-1.0000	0.0969	0.1014	-0.0046	0.3358
2.0000	169.0000	Respond Naturally	FrootLoops	6.0000	5.0000	4.0000	2	1.0000	1.2938	0.3865	-0.9950	1.0000	0.6386	0.1900	-1.0000	0.3222	0.3223	-0.0001	0.8653
2.0000	170.0000	Respond Naturally	BBQCrisps	5.0000	4.0000	3.0000	2	1.0000	1.0585	0.4201	-0.0787	0.0000	0.4201	0.2028	1.0000	0.0484	0.0621	-0.0137	0.2142
2.0000	171.0000	Focus on Health	Cheerios	5.0000	4.0000	4.0000	2	1.0000	1.5115	0.3525	-0.4110	0.0000	0.3525	0.0811	1.0000	0.0705	0.0720	-0.0015	0.2018
2.0000	172.0000	Focus on Health	FrozenCorn	6.0000	6.0000	6.0000	2	1.0000	1.3269	0.5708	-0.5143	0.0000	0.5708	0.1166	1.0000	0.1078	0.1081	-0.0003	0.2343
2.0000	173.0000	Focus on Health	WaterChestnuts	3.0000	2.0000	2.0000	3	-1.0000	1.2263	0.6048	0.3555	0.0000	0.6048	0.2057	-1.0000	0.1033	0.1038	-0.0005	0.3019
2.0000	174.0000	Focus on Health	DriedApricots	6.0000	6.0000	4.0000	5	1.0000	1.4779	0.5036	-0.2401	1.0000	0.6716	0.1417	-1.0000	0.1822	0.1904	-0.0083	0.8710
2.0000	175.0000	Focus on Health	Broccoli	3.0000	3.0000	6.0000	4	-1.0000	1.3605	0.7557	-0.0000	0.0000	0.7557	0.2027	-1.0000	0.1318	0.1418	-0.0100	0.2870
2.0000	176.0000	Focus on Health	DriedHerring	2.0000	1.0000	3.0000	3	-1.0000	1.0582	0.4029	0.2396	1.0000	0.5541	0.2037	1.0000	0.0637	0.0776	-0.0139	0.4179
2.0000	177.0000	Focus on Health	ClifBar	2.0000	3.0000	2.0000	2	1.0000	1.2594	0.3358	-0.6983	0.0000	0.3358	0.1467	1.0000	0.1333	0.1333	-0.0000	0.3541
2.0000	178.0000	Focus on Health	Twizzlers	1.0000	1.0000	1.0000	4	-1.0000	1.0583	0.4367	0.2482	1.0000	0.5711	0.2052	1.0000	0.0999	0.1080	-0.0080	0.4740
2.0000	179.0000	Focus on Health	FrootLoops	5.0000	4.0000	4.0000	6	-1.0000	1.3102	0.3864	0.2150	1.0000	0.5040	0.1227	1.0000	0.1003	0.1092	-0.0089	0.3371
2.0000	180.0000	Focus on Health	Cheetos	5.0000	4.0000	3.0000	6	-1.0000	1.0412	0.4532	0.5721	0.0000	0.4532	0.1331	-1.0000	0.0369	0.0473	-0.0104	0.0958
2.0000	181.0000	Focus on Health	Celery	1.0000	2.0000	5.0000	2	-1.0000	1.0247	0.4871	0.1990	0.0000	0.4871	0.1465	-1.0000	0.0729	0.0796	-0.0066	0.1896
2.0000	182.0000	Focus on Health	Mentos	5.0000	6.0000	3.0000	2	-1.0000	1.4107	0.9235	0.4561	0.0000	0.9235	0.3028	-1.0000	0.1846	0.1846	-0.0000	0.4587
2.0000	183.0000	Focus on Health	Mackerel	2.0000	1.0000	3.0000	3	-1.0000	1.1756	0.5202	0.1909	0.0000	0.5202	0.1154	-1.0000	0.0821	0.0824	-0.0004	0.1428
2.0000	184.0000	Focus on Health	Reese	2.0000	2.0000	1.0000	1	-1.0000	1.3271	0.3864	0.2632	1.0000	0.5545	0.3311	1.0000	0.2056	0.2062	-0.0006	0.9428
2.0000	185.0000	Focus on Health	Skittles	4.0000	4.0000	3.0000	3	-1.0000	1.0753	0.5207	0.5116	1.0000	0.6384	0.2391	1.0000	0.0983	0.0988	-0.0004	0.4007
2.0000	186.0000	Focus on Health	FrozenPeas	2.0000	3.0000	5.0000	6	-1.0000	1.2931	0.4534	1.1332	0.0000	0.4534	0.2164	-1.0000	-0.0276	0.0060	-0.0336	-0.0931
2.0000	187.0000	Focus on Health	FrozenBlueberries	6.0000	5.0000	4.0000	1	1.0000	1.1253	0.4365	-0.8066	1.0000	0.5540	0.2239	-1.0000	0.1646	0.1684	-0.0038	0.6457
2.0000	188.0000	Focus on Health	GreenPepper	2.0000	3.0000	6.0000	6	-1.0000	1.9479	0.3355	0.2503	2.0000	1.0075	0.3409	-1.0000	0.3851	0.4056	-0.0205	1.4400
2.0000	189.0000	Focus on Health	RaisinBran	5.0000	4.0000	4.0000	7	1.0000	1.4446	0.4702	-0.5422	1.0000	0.7559	0.2877	-1.0000	0.4008	0.4166	-0.0157	1.3150
2.0000	190.0000	Focus on Health	Shreddies	5.0000	4.0000	4.0000	5	-1.0000	1.2096	0.5037	0.3464	0.0000	0.5037	0.1820	-1.0000	0.0106	0.0293	-0.0187	0.0880
2.0000	191.0000	Respond Naturally	AllBranCereal	1.0000	1.0000	4.0000	2	-1.0000	1.5618	0.9571	0.4899	0.0000	0.9571	0.2593	-1.0000	0.2953	0.2964	-0.0011	0.8801
2.0000	192.0000	Respond Naturally	Onion	5.0000	2.0000	6.0000	2	-1.0000	1.0078	0.4366	0.0773	0.0000	0.4366	0.2026	-1.0000	0.1699	0.1857	-0.0158	0.4019
2.0000	193.0000	Respond Naturally	ClamJuice	4.0000	3.0000	3.0000	1	-1.0000	1.1252	0.3022	0.4334	1.0000	0.5877	0.2191	1.0000	0.0985	0.1313	-0.0328	0.5231
2.0000	194.0000	Respond Naturally	Tuna	5.0000	5.0000	3.0000	2	-1.0000	2.0825	0.4196	0.5547	1.0000	0.9908	0.3720	1.0000	0.6221	0.6240	-0.0019	1.5554
2.0000	195.0000	Respond Naturally	LaysClassic	5.0000	4.0000	3.0000	4	1.0000	1.0415	0.4030	-0.7326	0.0000	0.4030	0.1754	1.0000	0.0648	0.0934	-0.0286	0.2027
2.0000	196.0000	Respond Naturally	BabyFoodSweetPotatos	4.0000	3.0000	3.0000	2	-1.0000	1.3605	0.6380	0.4258	0.0000	0.6380	0.0748	-1.0000	0.0921	0.0921	-0.0000	0.1856
2.0000	197.0000	Respond Naturally	Orange	6.0000	6.0000	6.0000	5	1.0000	1.2933	0.3527	-0.0832	0.0000	0.3527	0.1326	1.0000	0.0437	0.0634	-0.0197	0.1953
2.0000	198.0000	Respond Naturally	FrozenBlueberries	4.0000	5.0000	4.0000	3	-1.0000	1.2763	0.7218	0.2172	0.0000	0.7218	0.1342	-1.0000	-0.0079	0.0215	-0.0293	-0.2038
2.0000	199.0000	Respond Naturally	PopTartStrawberry	3.0000	3.0000	2.0000	2	-1.0000	1.6127	0.7225	0.0406	0.0000	0.7225	0.1730	-1.0000	0.1055	0.1499	-0.0444	0.6230
2.0000	200.0000	Respond Naturally	EnglishCucumber	6.0000	6.0000	6.0000	5	1.0000	1.1755	0.2684	-0.9124	0.0000	0.2684	0.2074	1.0000	0.0569	0.0711	-0.0142	-0.1678
