Subject	Trial	Instruction	Food	Liking	Taste	Health	Amount	Choice	ChoiceRT	FirstDevTimeChoice	InitAngleChoice	NumChangeMindChoice	FinalDevTimeChoice	MaxVelocityChoice	DrxFirstDevChoice	TotalAUCChoice	AUCtoNonChosenChoice	AUCtoChosenChoice	MaxDevChoice
16.0000	1.0000	Focus on Health	VanillaGreekYogurt	4.0000	4.0000	4.0000	2	1.0000	0.7903	0.5043	0.0000	0.0000	0.5043	0.1725	1.0000	0.1416	0.1416	-0.0000	0.1857
16.0000	2.0000	Focus on Health	BBQCrisps	4.0000	4.0000	2.0000	6	1.0000	0.9757	0.5215	-0.0247	0.0000	0.5215	0.1139	1.0000	0.1968	0.1968	-0.0000	0.2912
16.0000	3.0000	Focus on Health	PopTartStrawberry	1.0000	2.0000	2.0000	5	-1.0000	1.0089	0.6388	0.1152	0.0000	0.6388	0.1496	-1.0000	0.1557	0.1557	-0.0000	0.2838
16.0000	4.0000	Focus on Health	FrozenCorn	5.0000	5.0000	4.0000	4	1.0000	0.7562	0.5375	-0.0612	0.0000	0.5375	0.2311	1.0000	0.1601	0.1601	-0.0000	0.2498
16.0000	5.0000	Focus on Health	RufflesSourCreamOnion	5.0000	4.0000	2.0000	3	-1.0000	1.0763	0.4876	-0.1050	0.0000	0.4876	0.1190	-1.0000	0.1959	0.1965	-0.0005	0.3444
16.0000	6.0000	Focus on Health	Asparagus	6.0000	6.0000	6.0000	6	1.0000	0.6383	0.5037	-0.0244	0.0000	0.5037	0.3651	1.0000	0.3559	0.3559	-0.0000	0.4531
16.0000	7.0000	Focus on Health	Reese	2.0000	2.0000	2.0000	1	-1.0000	0.7729	0.5374	-0.0000	0.0000	0.5374	0.1872	-1.0000	0.1419	0.1419	-0.0000	0.2103
16.0000	8.0000	Focus on Health	GreenApple	6.0000	5.0000	5.0000	4	1.0000	0.5886	0.4204	-0.1720	0.0000	0.4204	0.3336	1.0000	0.1974	0.1974	-0.0000	0.2673
16.0000	9.0000	Focus on Health	BabyFoodSweetPotatos	1.0000	1.0000	4.0000	2	-1.0000	0.7227	0.5714	-0.1041	0.0000	0.5714	0.2669	-1.0000	0.3395	0.3395	-0.0000	0.4034
16.0000	10.0000	Focus on Health	FrozenOkra	6.0000	5.0000	5.0000	5	1.0000	0.7399	0.5549	0.2339	0.0000	0.5549	0.1847	1.0000	0.2895	0.2895	-0.0000	0.3604
16.0000	11.0000	Respond Naturally	SkittlesSour	4.0000	5.0000	2.0000	6	1.0000	1.0426	0.5211	0.0000	0.0000	0.5211	0.1101	1.0000	0.0782	0.0782	-0.0000	0.1385
16.0000	12.0000	Respond Naturally	Spinach	4.0000	4.0000	6.0000	4	1.0000	1.1091	0.4699	0.0257	0.0000	0.4699	0.1018	1.0000	0.1982	0.1982	-0.0000	0.2484
16.0000	13.0000	Respond Naturally	AllBranCereal	3.0000	2.0000	5.0000	2	-1.0000	0.7729	0.5042	0.1778	0.0000	0.5042	0.1277	-1.0000	0.2498	0.2498	-0.0000	0.3821
16.0000	14.0000	Respond Naturally	Aero	5.0000	4.0000	5.0000	3	1.0000	1.0090	0.8744	0.0000	0.0000	0.8744	0.2270	1.0000	0.1723	0.1723	-0.0000	0.3355
16.0000	15.0000	Respond Naturally	Tuna	4.0000	4.0000	4.0000	4	-1.0000	0.8744	0.5211	-0.0000	0.0000	0.5211	0.1299	-1.0000	0.1314	0.1314	-0.0000	0.1800
16.0000	16.0000	Respond Naturally	Nutella	5.0000	6.0000	3.0000	1	1.0000	0.8073	0.5886	-0.3140	0.0000	0.5886	0.1716	1.0000	0.2960	0.2960	-0.0000	0.5084
16.0000	17.0000	Respond Naturally	Mars	5.0000	5.0000	2.0000	2	1.0000	0.7906	0.5214	0.0000	1.0000	0.6392	0.2597	-1.0000	0.2536	0.2536	-0.0000	0.4757
16.0000	18.0000	Respond Naturally	Smartfood	4.0000	4.0000	2.0000	4	1.0000	0.6894	0.4707	0.0000	0.0000	0.4707	0.1844	1.0000	0.1849	0.1849	-0.0000	0.2609
16.0000	19.0000	Respond Naturally	SlimStyles	1.0000	2.0000	4.0000	2	-1.0000	1.3447	0.7563	-0.0737	0.0000	0.7563	0.1958	-1.0000	0.2396	0.2589	-0.0193	0.4121
16.0000	20.0000	Respond Naturally	SevenGrain	3.0000	4.0000	4.0000	1	-1.0000	0.8574	0.5379	0.3090	0.0000	0.5379	0.1503	-1.0000	0.1447	0.1447	-0.0000	0.2075
16.0000	21.0000	Respond Naturally	RaisinBran	3.0000	2.0000	5.0000	3	-1.0000	0.6057	0.3029	0.1044	0.0000	0.3029	0.1745	-1.0000	0.2387	0.2387	-0.0000	0.3942
16.0000	22.0000	Respond Naturally	GreenGrapes	5.0000	5.0000	6.0000	4	1.0000	2.2525	0.4374	-0.1560	4.0000	1.4963	0.2851	1.0000	0.1614	0.1676	-0.0061	0.5140
16.0000	23.0000	Respond Naturally	YorkPeppermintPatties	3.0000	2.0000	3.0000	4	-1.0000	0.6388	0.5042	0.2150	0.0000	0.5042	0.2660	-1.0000	0.3123	0.3123	-0.0000	0.3992
16.0000	24.0000	Respond Naturally	CannedArtichoke	3.0000	2.0000	4.0000	2	-1.0000	1.0761	0.4538	0.0844	0.0000	0.4538	0.1378	-1.0000	0.2267	0.2267	-0.0000	0.3431
16.0000	25.0000	Respond Naturally	CheeseNips	3.0000	3.0000	3.0000	5	-1.0000	0.6050	0.3191	-0.0000	0.0000	0.3191	0.1381	-1.0000	0.1923	0.1923	-0.0000	0.2730
16.0000	26.0000	Respond Naturally	RedPepper	4.0000	6.0000	6.0000	5	1.0000	0.8408	0.3529	0.0000	0.0000	0.3529	0.1591	1.0000	0.2150	0.2150	-0.0000	0.3465
16.0000	27.0000	Respond Naturally	LaysClassic	5.0000	4.0000	2.0000	3	1.0000	1.0423	0.6385	0.1421	0.0000	0.6385	0.1518	1.0000	0.3189	0.3189	-0.0000	0.4227
16.0000	28.0000	Respond Naturally	FrootLoops	2.0000	3.0000	2.0000	6	-1.0000	1.9500	0.6048	-0.0824	0.0000	0.6048	0.1355	-1.0000	0.0942	0.1285	-0.0343	0.3720
16.0000	29.0000	Respond Naturally	Triscuit	2.0000	3.0000	3.0000	2	-1.0000	0.7905	0.4541	-0.0000	0.0000	0.4541	0.1812	-1.0000	0.2118	0.2118	-0.0000	0.3055
16.0000	30.0000	Respond Naturally	Doritos	5.0000	5.0000	4.0000	2	1.0000	0.7395	0.6554	0.1965	0.0000	0.6554	0.4053	1.0000	0.4140	0.4140	-0.0000	0.4776
16.0000	31.0000	Focus on Health	Cheerios	3.0000	1.0000	4.0000	2	-1.0000	1.1774	0.6559	-0.0000	1.0000	0.9251	0.4122	1.0000	0.5221	0.5221	-0.0000	1.3053
16.0000	32.0000	Focus on Health	Cheetos	4.0000	5.0000	2.0000	3	-1.0000	1.1601	0.4703	0.1332	0.0000	0.4703	0.1375	-1.0000	0.2229	0.2229	-0.0000	0.3847
16.0000	33.0000	Focus on Health	FrozenOkra	6.0000	4.0000	6.0000	2	1.0000	0.9246	0.6050	-0.0121	0.0000	0.6050	0.2166	1.0000	0.5233	0.5233	-0.0000	0.6345
16.0000	34.0000	Focus on Health	OatmealSquares	4.0000	3.0000	4.0000	3	1.0000	2.5880	0.5211	0.0161	2.0000	1.9831	0.1591	1.0000	0.1503	0.1503	-0.0000	0.3337
16.0000	35.0000	Focus on Health	RiceKrispiesCereal	3.0000	4.0000	3.0000	7	-1.0000	0.9417	0.4034	-0.0699	0.0000	0.4034	0.1425	-1.0000	0.1883	0.1993	-0.0110	0.3654
16.0000	36.0000	Focus on Health	Starburst	4.0000	4.0000	3.0000	3	1.0000	0.8913	0.7399	0.0185	0.0000	0.7399	0.2927	1.0000	0.3597	0.3597	-0.0000	0.4807
16.0000	37.0000	Focus on Health	NatureValleyChocolate	4.0000	4.0000	3.0000	1	1.0000	1.2111	0.6391	0.1136	0.0000	0.6391	0.1474	1.0000	0.2427	0.2427	-0.0000	0.4145
16.0000	38.0000	Focus on Health	Beets	2.0000	3.0000	4.0000	2	-1.0000	0.8729	0.6880	-0.0119	0.0000	0.6880	0.2565	-1.0000	0.4109	0.4109	-0.0000	0.5517
16.0000	39.0000	Focus on Health	HoneyNutCheerios	2.0000	3.0000	4.0000	5	-1.0000	0.6055	0.5046	-0.0000	0.0000	0.5046	0.5444	-1.0000	0.4228	0.4228	-0.0000	0.5880
16.0000	40.0000	Focus on Health	GreenApple	5.0000	4.0000	5.0000	2	1.0000	0.5883	0.4705	-0.0404	0.0000	0.4705	0.5504	1.0000	0.6387	0.6387	-0.0000	0.9289
16.0000	41.0000	Respond Naturally	EnglishCucumber	4.0000	4.0000	5.0000	5	1.0000	0.5887	0.3363	-0.4851	0.0000	0.3363	0.3422	1.0000	0.2698	0.2698	-0.0000	0.3778
16.0000	42.0000	Respond Naturally	Reese	3.0000	2.0000	3.0000	4	-1.0000	0.6214	0.4705	-0.2232	0.0000	0.4705	0.2375	-1.0000	0.2702	0.2702	-0.0000	0.3237
16.0000	43.0000	Respond Naturally	FrozenCorn	6.0000	5.0000	5.0000	2	1.0000	1.0761	0.4539	-0.0048	0.0000	0.4539	0.2041	1.0000	0.1922	0.1922	-0.0000	0.3835
16.0000	44.0000	Respond Naturally	CannedArtichoke	3.0000	3.0000	4.0000	5	-1.0000	0.6048	0.4703	-0.0000	0.0000	0.4703	0.3352	-1.0000	0.3608	0.3608	-0.0000	0.4148
16.0000	45.0000	Respond Naturally	Skittles	5.0000	5.0000	2.0000	6	-1.0000	0.6895	0.3698	-0.0000	1.0000	0.5381	0.5211	1.0000	0.4728	0.4728	-0.0000	0.7984
16.0000	46.0000	Respond Naturally	KashiBars	4.0000	2.0000	4.0000	1	1.0000	1.2099	0.4532	-0.2758	0.0000	0.4532	0.4495	1.0000	-0.1746	0.2013	-0.3759	-0.8562
16.0000	47.0000	Respond Naturally	MnMPlain	4.0000	3.0000	2.0000	5	-1.0000	0.8570	0.7056	0.2108	0.0000	0.7056	0.2104	-1.0000	0.2737	0.2737	-0.0000	0.4233
16.0000	48.0000	Respond Naturally	Snickers	5.0000	4.0000	2.0000	3	-1.0000	1.1940	0.7735	0.0267	0.0000	0.7735	0.2021	-1.0000	0.2356	0.2403	-0.0047	0.4131
16.0000	49.0000	Respond Naturally	SunChips	3.0000	5.0000	2.0000	2	-1.0000	0.5711	0.4198	-0.0000	0.0000	0.4198	0.2474	-1.0000	0.4739	0.4739	-0.0000	0.5648
16.0000	50.0000	Respond Naturally	Cheerios	2.0000	2.0000	3.0000	5	-1.0000	1.2108	1.0762	-0.0425	0.0000	1.0762	0.2339	-1.0000	0.3549	0.3549	-0.0000	0.6259
16.0000	51.0000	Focus on Health	ClifBar	6.0000	5.0000	4.0000	4	1.0000	1.1266	0.6051	0.0000	0.0000	0.6051	0.2052	1.0000	0.1686	0.1686	-0.0000	0.2869
16.0000	52.0000	Focus on Health	MnMPlain	4.0000	5.0000	2.0000	3	-1.0000	1.1266	0.7228	-0.1641	0.0000	0.7228	0.1413	-1.0000	0.3390	0.3390	-0.0000	0.4601
16.0000	53.0000	Focus on Health	Shreddies	3.0000	3.0000	4.0000	2	-1.0000	1.2608	0.3701	-0.0713	0.0000	0.3701	0.1250	-1.0000	0.1703	0.1703	-0.0000	0.3765
16.0000	54.0000	Focus on Health	VegetableThins	5.0000	5.0000	3.0000	2	-1.0000	1.0426	0.5044	-0.1113	0.0000	0.5044	0.1643	-1.0000	0.2481	0.2481	-0.0000	0.3881
16.0000	55.0000	Focus on Health	Smarties	4.0000	4.0000	3.0000	2	-1.0000	0.9587	0.6559	0.0202	0.0000	0.6559	0.2109	-1.0000	0.1681	0.1681	-0.0000	0.3898
16.0000	56.0000	Focus on Health	ClifBar	6.0000	4.0000	4.0000	2	-1.0000	0.7229	0.1514	1.0989	0.0000	0.1514	0.4339	1.0000	-0.1036	0.0000	-0.1036	-0.4126
16.0000	57.0000	Focus on Health	Beets	1.0000	2.0000	5.0000	5	-1.0000	1.1432	0.6388	0.0382	0.0000	0.6388	0.2365	-1.0000	0.3736	0.3736	-0.0000	0.6281
16.0000	58.0000	Focus on Health	EnglishCucumber	4.0000	5.0000	6.0000	2	1.0000	0.6055	0.3701	-0.0617	0.0000	0.3701	0.2425	1.0000	0.4920	0.4920	-0.0000	0.6912
16.0000	59.0000	Focus on Health	WaterChestnuts	4.0000	5.0000	4.0000	3	-1.0000	0.7730	0.6553	0.0290	0.0000	0.6553	0.3010	-1.0000	0.4184	0.4184	-0.0000	0.4741
16.0000	60.0000	Focus on Health	Avocado	6.0000	5.0000	5.0000	2	1.0000	1.0256	0.5379	0.1645	0.0000	0.5379	0.2096	1.0000	0.1831	0.1831	-0.0000	0.3029
16.0000	61.0000	Focus on Health	Butternut	4.0000	4.0000	4.0000	7	-1.0000	1.2101	0.4199	-0.0000	1.0000	0.6385	0.3491	1.0000	0.7064	0.7064	-0.0000	1.6178
16.0000	62.0000	Focus on Health	ClamJuice	2.0000	1.0000	3.0000	1	-1.0000	1.0749	0.5370	0.0480	0.0000	0.5370	0.2613	-1.0000	0.2199	0.2200	-0.0000	0.4016
16.0000	63.0000	Focus on Health	CoffeeCrisp	4.0000	4.0000	3.0000	3	-1.0000	0.9242	0.6050	-0.0756	0.0000	0.6050	0.1331	-1.0000	0.3344	0.3344	-0.0000	0.4215
16.0000	64.0000	Focus on Health	MangoChunks	6.0000	5.0000	5.0000	5	1.0000	0.9754	0.5380	-0.1132	0.0000	0.5380	0.2287	1.0000	0.2649	0.2657	-0.0008	0.4078
16.0000	65.0000	Focus on Health	MangoChunks	6.0000	5.0000	5.0000	2	1.0000	1.0420	0.5039	-0.0295	0.0000	0.5039	0.1711	1.0000	0.2239	0.2239	-0.0000	0.3993
16.0000	66.0000	Focus on Health	Pringles	5.0000	4.0000	2.0000	2	-1.0000	0.8736	0.5038	-0.0211	0.0000	0.5038	0.1380	-1.0000	0.3570	0.3570	-0.0000	0.4311
16.0000	67.0000	Focus on Health	YorkPeppermintPatties	4.0000	3.0000	2.0000	2	-1.0000	1.2276	0.5719	0.0951	0.0000	0.5719	0.3203	-1.0000	0.1127	0.1416	-0.0289	0.2913
16.0000	68.0000	Focus on Health	TofuDessert	5.0000	4.0000	4.0000	2	-1.0000	1.1096	0.9413	0.4736	0.0000	0.9413	0.2200	-1.0000	0.2118	0.2118	-0.0000	0.2685
16.0000	69.0000	Focus on Health	FrozenBlueberries	3.0000	4.0000	3.0000	1	1.0000	1.1770	0.3698	0.0104	1.0000	0.6724	0.1626	-1.0000	0.2616	0.2748	-0.0132	0.6858
16.0000	70.0000	Focus on Health	PCChipCookie	3.0000	4.0000	2.0000	5	-1.0000	0.6725	0.5380	0.0086	0.0000	0.5380	0.3126	-1.0000	0.3816	0.3816	-0.0000	0.4657
16.0000	71.0000	Respond Naturally	IceCreamVanilla	5.0000	5.0000	3.0000	1	1.0000	0.6387	0.5041	0.0616	0.0000	0.5041	0.3421	1.0000	0.2031	0.2031	-0.0000	0.2723
16.0000	72.0000	Respond Naturally	Twizzlers	3.0000	3.0000	3.0000	2	-1.0000	0.7904	0.5380	-0.0000	0.0000	0.5380	0.1556	-1.0000	0.2599	0.2599	-0.0000	0.3359
16.0000	73.0000	Respond Naturally	NatureValleyChocolate	4.0000	4.0000	3.0000	4	-1.0000	0.9581	0.3867	-0.0995	0.0000	0.3867	0.2686	-1.0000	0.1566	0.1566	-0.0000	0.2548
16.0000	74.0000	Respond Naturally	ClamJuice	2.0000	1.0000	2.0000	3	-1.0000	0.6557	0.3866	-0.0250	0.0000	0.3866	0.2718	-1.0000	0.2155	0.2155	-0.0000	0.2980
16.0000	75.0000	Respond Naturally	Smartfood	4.0000	4.0000	4.0000	2	1.0000	0.8071	0.2690	0.2009	1.0000	0.5886	0.9462	-1.0000	0.9646	0.9646	-0.0000	1.7740
16.0000	76.0000	Respond Naturally	Almonds	6.0000	5.0000	2.0000	2	1.0000	0.7230	0.5716	0.2949	0.0000	0.5716	0.2620	1.0000	0.3668	0.3668	-0.0000	0.4693
16.0000	77.0000	Respond Naturally	Cheetos	5.0000	5.0000	2.0000	6	1.0000	0.7568	0.2018	0.0000	1.0000	0.3700	0.3296	-1.0000	0.4328	0.4328	-0.0000	0.6986
16.0000	78.0000	Respond Naturally	Aero	4.0000	5.0000	2.0000	1	1.0000	1.0598	0.4709	-0.1458	0.0000	0.4709	0.1849	1.0000	0.3275	0.3275	-0.0000	0.4898
16.0000	79.0000	Respond Naturally	Celery	5.0000	4.0000	6.0000	4	1.0000	0.8912	0.5211	-0.1978	0.0000	0.5211	0.1679	1.0000	0.4021	0.4021	-0.0000	0.5875
16.0000	80.0000	Respond Naturally	GreenGrapes	4.0000	6.0000	6.0000	1	1.0000	0.8911	0.5378	0.0000	0.0000	0.5378	0.1729	1.0000	0.2946	0.2946	-0.0000	0.4207
16.0000	81.0000	Respond Naturally	HoneyNutCheerios	5.0000	3.0000	3.0000	2	-1.0000	0.7904	0.4035	-0.1098	0.0000	0.4035	0.3413	-1.0000	0.3296	0.3296	-0.0000	0.5064
16.0000	82.0000	Respond Naturally	GreenBeans	6.0000	6.0000	6.0000	2	1.0000	0.6215	0.5373	-0.6120	0.0000	0.5373	0.5782	1.0000	0.6106	0.6106	-0.0000	0.7313
16.0000	83.0000	Respond Naturally	Orange	5.0000	4.0000	6.0000	1	1.0000	0.6722	0.5545	0.0513	0.0000	0.5545	0.3325	1.0000	0.3883	0.3883	-0.0000	0.4518
16.0000	84.0000	Respond Naturally	Mars	5.0000	4.0000	2.0000	4	1.0000	0.9248	0.6557	0.1374	0.0000	0.6557	0.2145	1.0000	0.2902	0.2902	-0.0000	0.3912
16.0000	85.0000	Respond Naturally	OikosYogurt	4.0000	4.0000	4.0000	3	1.0000	1.4956	0.5377	-0.0074	2.0000	1.2604	0.1587	1.0000	0.1818	0.1962	-0.0144	0.4600
16.0000	86.0000	Respond Naturally	Orange	5.0000	5.0000	6.0000	5	1.0000	0.4872	0.3864	0.0063	0.0000	0.3864	0.3497	1.0000	0.3686	0.3686	-0.0000	0.4252
16.0000	87.0000	Respond Naturally	Raspberries	3.0000	3.0000	4.0000	4	-1.0000	0.7733	0.6218	-0.3191	0.0000	0.6218	0.2658	-1.0000	0.4801	0.4801	-0.0000	0.5544
16.0000	88.0000	Respond Naturally	RiceKrispiesCereal	3.0000	4.0000	4.0000	3	1.0000	0.6383	0.5206	0.1692	0.0000	0.5206	0.2738	1.0000	0.3204	0.3204	-0.0000	0.3729
16.0000	89.0000	Respond Naturally	CheeseNips	2.0000	3.0000	2.0000	2	-1.0000	0.6718	0.5542	-0.1911	0.0000	0.5542	0.3905	-1.0000	0.4478	0.4478	-0.0000	0.4991
16.0000	90.0000	Respond Naturally	DriedHerring	1.0000	1.0000	3.0000	3	-1.0000	0.7391	0.4702	0.0914	0.0000	0.4702	0.3261	-1.0000	0.3870	0.3870	-0.0000	0.4762
16.0000	91.0000	Focus on Health	Doritos	5.0000	4.0000	2.0000	5	-1.0000	0.8573	0.4369	0.1301	0.0000	0.4369	0.1442	-1.0000	0.1790	0.1790	-0.0000	0.2590
16.0000	92.0000	Focus on Health	FrozenPeaches	5.0000	5.0000	5.0000	5	1.0000	0.9417	0.4876	-0.0252	0.0000	0.4876	0.1972	1.0000	0.2093	0.2119	-0.0026	0.3667
16.0000	93.0000	Focus on Health	Onion	4.0000	5.0000	6.0000	2	1.0000	0.8573	0.4704	0.2028	0.0000	0.4704	0.1733	1.0000	0.2438	0.2438	-0.0000	0.3286
16.0000	94.0000	Focus on Health	PureFit	3.0000	3.0000	4.0000	2	-1.0000	0.9922	0.8071	-0.1283	0.0000	0.8071	0.2085	-1.0000	0.5141	0.5141	-0.0000	0.6255
16.0000	95.0000	Focus on Health	SkittlesSour	4.0000	4.0000	2.0000	3	-1.0000	1.1599	0.6388	-0.0452	0.0000	0.6388	0.1662	-1.0000	0.3465	0.3465	-0.0000	0.5675
16.0000	96.0000	Focus on Health	Cauliflower	6.0000	5.0000	6.0000	6	1.0000	1.2271	0.7564	0.1341	0.0000	0.7564	0.1802	1.0000	0.1792	0.1881	-0.0089	0.3163
16.0000	97.0000	Focus on Health	MnMPeanuts	5.0000	4.0000	2.0000	4	1.0000	1.3452	0.5547	0.1793	0.0000	0.5547	0.2780	1.0000	0.0397	0.1871	-0.1473	-0.4544
16.0000	98.0000	Focus on Health	OatmealSquares	3.0000	2.0000	4.0000	7	-1.0000	1.2780	0.6220	0.8840	1.0000	1.0930	1.1751	1.0000	0.8319	0.8714	-0.0395	3.2364
16.0000	99.0000	Focus on Health	WelchsFruitSnacks	6.0000	6.0000	3.0000	1	1.0000	3.6636	2.2350	-0.2564	2.0000	3.1930	0.3072	1.0000	0.3179	0.3441	-0.0262	0.5363
16.0000	100.0000	Focus on Health	IceCreamVanilla	5.0000	5.0000	3.0000	4	1.0000	1.2105	0.9076	0.1271	0.0000	0.9076	0.2263	1.0000	0.2659	0.2659	-0.0000	0.3370
16.0000	101.0000	Focus on Health	Onion	4.0000	5.0000	6.0000	4	1.0000	0.7904	0.4876	0.1326	0.0000	0.4876	0.2016	1.0000	0.1736	0.1737	-0.0000	0.2954
16.0000	102.0000	Focus on Health	RufflesSourCreamOnion	4.0000	4.0000	2.0000	5	-1.0000	1.1429	0.6550	-0.1789	0.0000	0.6550	0.1088	-1.0000	0.3046	0.3046	-0.0000	0.4394
16.0000	103.0000	Focus on Health	RaisinBran	3.0000	2.0000	5.0000	7	-1.0000	0.6220	0.5042	-0.1948	0.0000	0.5042	0.2676	-1.0000	0.2822	0.2822	-0.0000	0.4888
16.0000	104.0000	Focus on Health	BabyFoodSweetPotatos	1.0000	1.0000	4.0000	5	-1.0000	0.6722	0.5544	0.1340	0.0000	0.5544	0.2226	-1.0000	0.4469	0.4469	-0.0000	0.5427
16.0000	105.0000	Focus on Health	CoffeeCrisp	4.0000	3.0000	2.0000	1	-1.0000	1.0429	0.5381	0.3093	0.0000	0.5381	0.1717	-1.0000	0.1799	0.1888	-0.0090	0.3241
16.0000	106.0000	Focus on Health	Prunes	3.0000	2.0000	3.0000	2	-1.0000	0.6222	0.3699	-0.0000	0.0000	0.3699	0.1980	-1.0000	0.4481	0.4481	-0.0000	0.6264
16.0000	107.0000	Focus on Health	SlimStyles	1.0000	3.0000	4.0000	6	-1.0000	0.9908	0.4701	-0.2255	0.0000	0.4701	0.1505	-1.0000	0.2762	0.2762	-0.0000	0.4812
16.0000	108.0000	Focus on Health	Bananas	5.0000	5.0000	5.0000	2	1.0000	0.9576	0.8231	0.1193	0.0000	0.8231	0.2923	1.0000	0.3671	0.3671	-0.0000	0.4329
16.0000	109.0000	Focus on Health	Mentos	4.0000	4.0000	3.0000	5	1.0000	0.0672	0.0000	1.0650	0.0000	0.0000	0.5041	1.0000	-0.2139	0.0000	-0.2139	-0.3392
16.0000	110.0000	Focus on Health	Fritos	5.0000	5.0000	2.0000	2	1.0000	0.7565	0.6220	-0.0828	0.0000	0.6220	0.2451	1.0000	0.6111	0.6111	-0.0000	0.7175
16.0000	111.0000	Respond Naturally	Spinach	4.0000	5.0000	6.0000	2	1.0000	1.0760	0.5883	0.0000	0.0000	0.5883	0.1770	1.0000	0.1872	0.2035	-0.0163	0.3290
16.0000	112.0000	Respond Naturally	Mackerel	4.0000	1.0000	3.0000	3	-1.0000	0.6723	0.4872	-0.1010	0.0000	0.4872	0.1801	-1.0000	0.1790	0.1790	-0.0000	0.2529
16.0000	113.0000	Respond Naturally	CornFlakes	3.0000	1.0000	4.0000	6	-1.0000	0.5373	0.3861	0.1246	0.0000	0.3861	0.2618	-1.0000	0.2181	0.2181	-0.0000	0.2816
16.0000	114.0000	Respond Naturally	RitzCrackers	4.0000	4.0000	3.0000	5	-1.0000	0.5382	0.1849	0.0674	0.0000	0.1849	0.2031	-1.0000	0.3612	0.3612	-0.0000	0.5533
16.0000	115.0000	Respond Naturally	AllBranBar	3.0000	3.0000	4.0000	3	-1.0000	0.5047	0.1683	0.0080	0.0000	0.1683	0.2179	-1.0000	0.2633	0.2633	-0.0000	0.3985
16.0000	116.0000	Respond Naturally	GreenBeans	6.0000	6.0000	5.0000	4	-1.0000	0.0673	0.0000	0.7856	0.0000	0.0000	0.5649	-1.0000	0.0038	0.0056	-0.0018	0.0129
16.0000	117.0000	Respond Naturally	FrozenBroccoli	6.0000	6.0000	6.0000	6	1.0000	0.5715	0.4875	0.0000	0.0000	0.4875	0.3752	1.0000	0.5569	0.5569	-0.0000	0.6406
16.0000	118.0000	Respond Naturally	ProMax	3.0000	3.0000	1.0000	2	-1.0000	0.6052	0.5042	-0.0187	0.0000	0.5042	0.2808	-1.0000	0.5606	0.5606	-0.0000	0.6497
16.0000	119.0000	Respond Naturally	LaysClassic	5.0000	5.0000	2.0000	4	-1.0000	1.7476	0.4538	0.1099	0.0000	0.4538	0.1681	-1.0000	0.1933	0.1933	-0.0000	0.4640
16.0000	120.0000	Respond Naturally	Cauliflower	6.0000	6.0000	6.0000	2	1.0000	0.9418	0.2352	-0.0876	0.0000	0.2352	0.0853	1.0000	0.2649	0.2649	-0.0000	0.4356
16.0000	121.0000	Respond Naturally	Bananas	5.0000	5.0000	5.0000	3	1.0000	0.5548	0.4371	0.0188	0.0000	0.4371	0.3865	1.0000	0.3009	0.3009	-0.0000	0.3645
16.0000	122.0000	Respond Naturally	AppleChips	6.0000	5.0000	2.0000	2	1.0000	0.6384	0.5375	0.0405	0.0000	0.5375	0.4599	1.0000	0.2054	0.2054	-0.0000	0.2916
16.0000	123.0000	Respond Naturally	VegetableThins	4.0000	5.0000	4.0000	5	1.0000	0.5207	0.3528	0.0625	0.0000	0.3528	0.1752	1.0000	0.2357	0.2357	-0.0000	0.2920
16.0000	124.0000	Respond Naturally	SpeltCakes	4.0000	3.0000	3.0000	5	-1.0000	1.0421	0.5206	-0.0880	0.0000	0.5206	0.2168	-1.0000	0.1667	0.1667	-0.0000	0.2817
16.0000	125.0000	Respond Naturally	RedPepper	5.0000	6.0000	6.0000	2	1.0000	0.5214	0.3700	-0.0304	0.0000	0.3700	0.2777	1.0000	0.2894	0.2894	-0.0000	0.3800
16.0000	126.0000	Respond Naturally	RomaineLettuce	5.0000	5.0000	6.0000	2	1.0000	0.5544	0.4201	0.0982	0.0000	0.4201	0.2889	1.0000	0.3257	0.3257	-0.0000	0.3925
16.0000	127.0000	Respond Naturally	FrozenPeas	4.0000	5.0000	5.0000	6	1.0000	0.8403	0.4201	-0.0181	0.0000	0.4201	0.1727	1.0000	0.2633	0.2633	-0.0000	0.3656
16.0000	128.0000	Respond Naturally	Tempeh	1.0000	1.0000	1.0000	2	-1.0000	0.8238	0.5884	-0.0815	0.0000	0.5884	0.1860	-1.0000	0.2825	0.2825	-0.0000	0.3695
16.0000	129.0000	Respond Naturally	Nutella	5.0000	5.0000	2.0000	4	-1.0000	0.6712	0.4028	0.0733	0.0000	0.4028	0.2630	-1.0000	0.2930	0.2930	-0.0000	0.4144
16.0000	130.0000	Respond Naturally	Mentos	4.0000	5.0000	4.0000	2	1.0000	1.3272	0.7895	-0.0327	0.0000	0.7895	0.4536	1.0000	0.3651	0.4121	-0.0470	0.8880
16.0000	131.0000	Focus on Health	Avocado	6.0000	5.0000	6.0000	5	1.0000	0.5720	0.4374	-0.4880	0.0000	0.4374	0.3295	1.0000	0.3055	0.3055	-0.0000	0.4189
16.0000	132.0000	Focus on Health	RomaineLettuce	5.0000	4.0000	6.0000	4	1.0000	0.5381	0.2522	0.1016	0.0000	0.2522	0.2178	1.0000	0.2851	0.2851	-0.0000	0.4118
16.0000	133.0000	Focus on Health	ProMax	1.0000	3.0000	4.0000	4	-1.0000	0.5886	0.4541	-0.0000	0.0000	0.4541	0.3083	-1.0000	0.4609	0.4609	-0.0000	0.5749
16.0000	134.0000	Focus on Health	DriedApricots	1.0000	4.0000	3.0000	2	-1.0000	0.5881	0.4031	0.1761	0.0000	0.4031	0.2214	-1.0000	0.2026	0.2026	-0.0000	0.2477
16.0000	135.0000	Focus on Health	RitzCrackers	4.0000	4.0000	3.0000	2	-1.0000	0.5712	0.4030	-0.0000	0.0000	0.4030	0.2087	-1.0000	0.3043	0.3043	-0.0000	0.3794
16.0000	136.0000	Focus on Health	AlmondMilk	4.0000	3.0000	3.0000	2	-1.0000	1.1261	0.4372	0.0260	0.0000	0.4372	0.1978	-1.0000	0.1142	0.1167	-0.0025	0.2942
16.0000	137.0000	Focus on Health	DriedHerring	3.0000	1.0000	2.0000	1	-1.0000	0.5542	0.4365	0.0198	0.0000	0.4365	0.2967	-1.0000	0.3457	0.3457	-0.0000	0.3937
16.0000	138.0000	Focus on Health	Raspberries	3.0000	4.0000	3.0000	5	-1.0000	0.9242	0.3530	0.0985	0.0000	0.3530	0.2167	-1.0000	0.1890	0.2124	-0.0234	0.4893
16.0000	139.0000	Focus on Health	BabyFoodCarrots	1.0000	1.0000	6.0000	3	-1.0000	0.5204	0.4365	0.2123	0.0000	0.4365	0.3261	-1.0000	0.3365	0.3365	-0.0000	0.3872
16.0000	140.0000	Focus on Health	SlicedTurkey	5.0000	3.0000	4.0000	5	-1.0000	0.6388	0.4706	0.0543	0.0000	0.4706	0.2984	-1.0000	0.3645	0.3645	-0.0000	0.4270
16.0000	141.0000	Focus on Health	GreenPepper	5.0000	6.0000	6.0000	6	1.0000	0.9417	0.4371	-0.1518	0.0000	0.4371	0.2084	1.0000	0.1229	0.1315	-0.0086	0.2703
16.0000	142.0000	Focus on Health	WelchsFruitSnacks	6.0000	6.0000	2.0000	3	1.0000	0.7900	0.6386	0.5613	0.0000	0.6386	0.2246	1.0000	0.1550	0.1550	-0.0000	0.1725
16.0000	143.0000	Focus on Health	BBQCrisps	5.0000	5.0000	4.0000	2	-1.0000	0.7732	0.5376	-0.0000	0.0000	0.5376	0.1827	-1.0000	0.4004	0.4004	-0.0000	0.4830
16.0000	144.0000	Focus on Health	DriedApricots	3.0000	3.0000	4.0000	5	-1.0000	0.6047	0.2352	0.2191	0.0000	0.2352	0.2570	-1.0000	0.2213	0.2213	-0.0000	0.3803
16.0000	145.0000	Focus on Health	FrozenBroccoli	6.0000	6.0000	6.0000	2	-1.0000	0.2858	0.1849	0.2616	0.0000	0.1849	0.2063	-1.0000	0.2399	0.2399	-0.0000	0.3361
16.0000	146.0000	Focus on Health	Fritos	4.0000	4.0000	2.0000	5	-1.0000	0.9241	0.4028	-0.2487	0.0000	0.4028	0.2005	-1.0000	0.2371	0.2395	-0.0024	0.4354
16.0000	147.0000	Focus on Health	Celery	4.0000	5.0000	5.0000	2	-1.0000	0.4373	0.2858	0.4793	0.0000	0.2858	0.1469	-1.0000	0.2223	0.2223	-0.0000	0.4036
16.0000	148.0000	Focus on Health	Tuna	3.0000	4.0000	4.0000	2	-1.0000	0.6556	0.5042	0.3227	0.0000	0.5042	0.2227	-1.0000	0.2643	0.2643	-0.0000	0.3072
16.0000	149.0000	Focus on Health	Asparagus	6.0000	6.0000	6.0000	3	1.0000	0.5718	0.4541	0.1557	0.0000	0.4541	0.2558	1.0000	0.3812	0.3812	-0.0000	0.4756
16.0000	150.0000	Focus on Health	BabyFoodCarrots	1.0000	1.0000	1.0000	5	-1.0000	0.5715	0.4537	-0.1433	0.0000	0.4537	0.3465	-1.0000	0.4264	0.4264	-0.0000	0.4882
16.0000	151.0000	Respond Naturally	Skittles	5.0000	4.0000	2.0000	3	-1.0000	1.3949	0.5204	-0.1103	0.0000	0.5204	0.2272	-1.0000	0.0492	0.0711	-0.0219	0.2035
16.0000	152.0000	Respond Naturally	FrozenPeas	4.0000	5.0000	5.0000	2	-1.0000	0.7398	0.4371	-0.0000	1.0000	0.5548	0.4061	1.0000	0.5695	0.5695	-0.0000	0.9567
16.0000	153.0000	Respond Naturally	GreenPepper	5.0000	6.0000	6.0000	2	1.0000	1.6635	0.5212	0.0000	0.0000	0.5212	0.1830	1.0000	0.1043	0.1301	-0.0259	0.3362
16.0000	154.0000	Respond Naturally	Strawberries	5.0000	4.0000	4.0000	3	-1.0000	0.6557	0.4875	0.0613	0.0000	0.4875	0.2499	-1.0000	0.1909	0.1909	-0.0000	0.2405
16.0000	155.0000	Respond Naturally	AllBranCereal	3.0000	1.0000	6.0000	6	-1.0000	0.6893	0.5379	0.4533	0.0000	0.5379	0.2508	-1.0000	0.2472	0.2472	-0.0000	0.2989
16.0000	156.0000	Respond Naturally	OatBran	4.0000	4.0000	5.0000	4	-1.0000	0.6218	0.5040	-0.1533	0.0000	0.5040	0.3044	-1.0000	0.5532	0.5532	-0.0000	0.6371
16.0000	157.0000	Respond Naturally	AppleChips	6.0000	6.0000	3.0000	5	1.0000	0.9418	0.5045	0.1257	0.0000	0.5045	0.1509	1.0000	0.1837	0.1837	-0.0000	0.3713
16.0000	158.0000	Respond Naturally	Tempeh	2.0000	1.0000	3.0000	4	-1.0000	0.5548	0.4202	-0.0337	0.0000	0.4202	0.2702	-1.0000	0.4552	0.4552	-0.0000	0.5331
16.0000	159.0000	Respond Naturally	FrootLoops	2.0000	2.0000	2.0000	2	-1.0000	0.9572	0.4538	0.1241	0.0000	0.4538	0.2093	-1.0000	0.2220	0.2266	-0.0046	0.4246
16.0000	160.0000	Respond Naturally	FrozenBlueberries	3.0000	4.0000	4.0000	3	-1.0000	0.8069	0.7227	0.3598	0.0000	0.7227	0.4078	-1.0000	0.3172	0.3172	-0.0000	0.5271
16.0000	161.0000	Respond Naturally	Broccoli	6.0000	6.0000	6.0000	1	1.0000	0.5046	0.3195	-0.0723	0.0000	0.3195	0.1970	1.0000	0.2000	0.2000	-0.0000	0.2776
16.0000	162.0000	Respond Naturally	CornFlakes	1.0000	3.0000	2.0000	3	-1.0000	0.9747	0.4869	-0.0000	0.0000	0.4869	0.2062	-1.0000	0.2318	0.2318	-0.0000	0.4062
16.0000	163.0000	Respond Naturally	OatBran	4.0000	3.0000	4.0000	2	-1.0000	0.5045	0.4035	-0.1314	0.0000	0.4035	0.3679	-1.0000	0.3687	0.3687	-0.0000	0.4684
16.0000	164.0000	Respond Naturally	Broccoli	6.0000	6.0000	6.0000	4	1.0000	0.5548	0.4203	0.0900	0.0000	0.4203	0.2260	1.0000	0.3542	0.3542	-0.0000	0.4378
16.0000	165.0000	Respond Naturally	Almonds	6.0000	6.0000	3.0000	4	1.0000	1.0413	0.5038	0.2145	0.0000	0.5038	0.2652	1.0000	0.2814	0.2819	-0.0005	0.5351
16.0000	166.0000	Respond Naturally	AllBranBar	3.0000	3.0000	4.0000	1	-1.0000	0.5211	0.3024	-0.1296	0.0000	0.3024	0.5161	-1.0000	0.4132	0.4132	-0.0000	0.5520
16.0000	167.0000	Respond Naturally	BrusselsSprouts	3.0000	3.0000	4.0000	2	-1.0000	0.7567	0.3362	-0.2621	1.0000	0.5212	0.2591	1.0000	0.5642	0.5642	-0.0000	0.9382
16.0000	168.0000	Respond Naturally	FrozenPeaches	5.0000	4.0000	4.0000	2	1.0000	0.6382	0.5042	0.1354	0.0000	0.5042	0.2387	1.0000	0.4048	0.4048	-0.0000	0.4711
16.0000	169.0000	Respond Naturally	Twizzlers	3.0000	3.0000	3.0000	4	-1.0000	0.5379	0.4370	-0.0302	0.0000	0.4370	0.3265	-1.0000	0.3201	0.3201	-0.0000	0.3663
16.0000	170.0000	Respond Naturally	IceCreamChocolate	5.0000	5.0000	3.0000	1	-1.0000	0.4534	0.1513	0.0961	0.0000	0.1513	0.4390	-1.0000	0.4208	0.4208	-0.0000	0.4831
16.0000	171.0000	Focus on Health	Strawberries	5.0000	4.0000	5.0000	2	-1.0000	0.5212	0.3866	0.2112	0.0000	0.3866	0.3363	-1.0000	0.1716	0.1716	-0.0000	0.2203
16.0000	172.0000	Focus on Health	IceCreamChocolate	5.0000	5.0000	3.0000	4	-1.0000	0.5044	0.4035	0.2809	0.0000	0.4035	0.3354	-1.0000	0.2988	0.2988	-0.0000	0.3510
16.0000	173.0000	Focus on Health	Butternut	4.0000	4.0000	4.0000	3	1.0000	1.0427	0.2691	0.0000	1.0000	0.4709	0.3266	-1.0000	0.3603	0.3603	-0.0000	1.0448
16.0000	174.0000	Focus on Health	VanillaGreekYogurt	4.0000	4.0000	4.0000	4	1.0000	0.9752	0.5210	0.0707	0.0000	0.5210	0.1998	1.0000	0.1754	0.1754	-0.0000	0.2765
16.0000	175.0000	Focus on Health	SkimMilk	3.0000	3.0000	4.0000	1	1.0000	0.7562	0.6553	0.3259	0.0000	0.6553	0.2746	1.0000	0.3960	0.3960	-0.0000	0.4603
16.0000	176.0000	Focus on Health	Caramilk	4.0000	4.0000	2.0000	5	-1.0000	1.4789	0.6051	0.0035	0.0000	0.6051	0.1537	-1.0000	0.1760	0.1821	-0.0061	0.3934
16.0000	177.0000	Focus on Health	Prunes	3.0000	3.0000	3.0000	5	-1.0000	0.4370	0.2856	-0.6152	0.0000	0.2856	0.6412	-1.0000	0.6436	0.6436	-0.0000	0.7725
16.0000	178.0000	Focus on Health	PCChipCookie	3.0000	3.0000	4.0000	2	-1.0000	0.5213	0.3867	-0.0000	0.0000	0.3867	0.3474	-1.0000	0.3954	0.3954	-0.0000	0.4704
16.0000	179.0000	Focus on Health	Caramilk	4.0000	4.0000	3.0000	2	-1.0000	0.5552	0.4038	0.2207	0.0000	0.4038	0.2183	-1.0000	0.3561	0.3561	-0.0000	0.4855
16.0000	180.0000	Focus on Health	Starburst	4.0000	4.0000	2.0000	6	-1.0000	1.1429	0.4708	-0.0170	0.0000	0.4708	0.1250	-1.0000	0.2503	0.2503	-0.0000	0.4103
16.0000	181.0000	Respond Naturally	Smarties	4.0000	4.0000	2.0000	5	-1.0000	0.9754	0.8072	-0.2675	0.0000	0.8072	0.2935	-1.0000	0.3294	0.3294	-0.0000	0.4118
16.0000	182.0000	Respond Naturally	WaterChestnuts	4.0000	4.0000	4.0000	5	-1.0000	0.7903	0.5381	-0.1969	0.0000	0.5381	0.2047	-1.0000	0.3572	0.3572	-0.0000	0.4698
16.0000	183.0000	Respond Naturally	OikosYogurt	4.0000	4.0000	4.0000	6	1.0000	1.1931	0.5713	0.0192	0.0000	0.5713	0.2449	1.0000	0.1106	0.1608	-0.0502	0.5044
16.0000	184.0000	Respond Naturally	SlicedTurkey	5.0000	4.0000	4.0000	2	-1.0000	0.6892	0.5546	-0.1822	0.0000	0.5546	0.2914	-1.0000	0.4110	0.4110	-0.0000	0.5014
16.0000	185.0000	Respond Naturally	SkimMilk	3.0000	4.0000	4.0000	4	-1.0000	0.6390	0.5209	-0.1334	0.0000	0.5209	0.3726	-1.0000	0.4723	0.4723	-0.0000	0.5521
16.0000	186.0000	Respond Naturally	KashiBars	3.0000	4.0000	5.0000	4	-1.0000	0.6390	0.4540	0.0483	0.0000	0.4540	0.1466	-1.0000	0.3315	0.3315	-0.0000	0.4254
16.0000	187.0000	Respond Naturally	Snickers	5.0000	3.0000	2.0000	2	-1.0000	0.5716	0.4538	-0.0046	0.0000	0.4538	0.2931	-1.0000	0.4086	0.4086	-0.0000	0.4673
16.0000	188.0000	Respond Naturally	Pringles	4.0000	5.0000	2.0000	5	-1.0000	0.8236	0.7227	-0.3233	0.0000	0.7227	0.5013	-1.0000	0.6438	0.6438	-0.0000	0.7192
16.0000	189.0000	Respond Naturally	SunChips	5.0000	5.0000	2.0000	4	-1.0000	0.7402	0.5215	-0.1862	0.0000	0.5215	0.2192	-1.0000	0.4700	0.4700	-0.0000	0.5688
16.0000	190.0000	Respond Naturally	TofuDessert	4.0000	4.0000	4.0000	4	1.0000	1.3434	1.1247	0.0367	0.0000	1.1247	0.2247	1.0000	0.2844	0.2844	-0.0000	0.3137
16.0000	191.0000	Focus on Health	Mackerel	4.0000	1.0000	3.0000	1	-1.0000	0.9247	0.4875	0.1449	0.0000	0.4875	0.1907	-1.0000	0.1347	0.1347	-0.0000	0.2134
16.0000	192.0000	Focus on Health	MnMPeanuts	5.0000	5.0000	3.0000	2	-1.0000	0.6388	0.5378	0.2218	0.0000	0.5378	0.3140	-1.0000	0.3430	0.3430	-0.0000	0.3771
16.0000	193.0000	Focus on Health	PureFit	3.0000	3.0000	1.0000	4	-1.0000	0.4708	0.3026	-0.0638	0.0000	0.3026	0.2404	-1.0000	0.4266	0.4266	-0.0000	0.5357
16.0000	194.0000	Focus on Health	Shreddies	3.0000	3.0000	3.0000	5	-1.0000	1.5795	0.4201	-0.0700	0.0000	0.4201	0.2654	-1.0000	0.1143	0.1267	-0.0124	0.3991
16.0000	195.0000	Focus on Health	PopTartStrawberry	4.0000	3.0000	2.0000	2	-1.0000	0.9750	0.3698	0.1434	0.0000	0.3698	0.1643	-1.0000	0.2277	0.2277	-0.0000	0.3823
16.0000	196.0000	Focus on Health	Triscuit	3.0000	3.0000	3.0000	5	-1.0000	0.5720	0.2187	-0.0000	0.0000	0.2187	0.2300	-1.0000	0.1814	0.1814	-0.0000	0.2514
16.0000	197.0000	Focus on Health	SpeltCakes	5.0000	3.0000	3.0000	2	-1.0000	0.6220	0.5212	0.1191	0.0000	0.5212	0.3170	-1.0000	0.4056	0.4056	-0.0000	0.4771
16.0000	198.0000	Focus on Health	AlmondMilk	3.0000	3.0000	4.0000	4	-1.0000	1.1596	0.5544	-0.0000	0.0000	0.5544	0.6622	-1.0000	-0.0603	0.2267	-0.2871	-0.7201
16.0000	199.0000	Focus on Health	SevenGrain	4.0000	3.0000	4.0000	3	-1.0000	0.5549	0.5380	-0.4882	0.0000	0.5380	0.7910	-1.0000	0.5793	0.5793	-0.0000	0.7046
16.0000	200.0000	Focus on Health	BrusselsSprouts	3.0000	3.0000	4.0000	4	-1.0000	0.8571	0.7393	-0.0306	0.0000	0.7393	0.4262	-1.0000	0.4973	0.4973	-0.0000	0.5515
