Subject	Trial	Instruction	Food	Liking	Taste	Health	Amount	Choice	ChoiceRT	FirstDevTimeChoice	InitAngleChoice	NumChangeMindChoice	FinalDevTimeChoice	MaxVelocityChoice	DrxFirstDevChoice	TotalAUCChoice	AUCtoNonChosenChoice	AUCtoChosenChoice	MaxDevChoice
58.0000	1.0000	Respond Naturally	NatureValleyChocolate	5.0000	4.0000	3.0000	4	1.0000	0.9237	0.4870	1.1484	0.0000	0.4870	0.1790	1.0000	-0.0470	0.0128	-0.0598	-0.1196
58.0000	2.0000	Respond Naturally	Caramilk	5.0000	6.0000	2.0000	5	1.0000	0.7721	0.3689	0.5975	0.0000	0.3689	0.1697	1.0000	0.0402	0.0402	-0.0000	0.2211
58.0000	3.0000	Respond Naturally	Cheetos	6.0000	6.0000	1.0000	6	1.0000	0.7393	0.2856	0.8200	0.0000	0.2856	0.1746	1.0000	0.0008	0.0137	-0.0129	0.1077
58.0000	4.0000	Respond Naturally	BBQCrisps	5.0000	6.0000	2.0000	2	1.0000	0.7560	0.3528	0.7008	0.0000	0.3528	0.1396	1.0000	-0.0091	0.0106	-0.0197	0.0797
58.0000	5.0000	Respond Naturally	OatmealSquares	2.0000	3.0000	3.0000	3	-1.0000	1.0414	0.2351	-0.2912	1.0000	0.5039	0.2412	1.0000	0.2908	0.2908	-0.0000	0.9940
58.0000	6.0000	Respond Naturally	IceCreamChocolate	6.0000	6.0000	2.0000	1	1.0000	0.9739	0.1510	1.3782	1.0000	0.6043	0.2826	-1.0000	-0.2572	0.0052	-0.2624	-0.4492
58.0000	7.0000	Respond Naturally	TofuDessert	1.0000	2.0000	5.0000	4	-1.0000	1.0916	0.6043	-1.3322	0.0000	0.6043	0.2135	-1.0000	0.2090	0.2116	-0.0026	0.4351
58.0000	8.0000	Respond Naturally	VanillaGreekYogurt	4.0000	4.0000	5.0000	4	1.0000	0.9580	0.4203	1.0744	1.0000	0.5884	0.1188	-1.0000	-0.0253	0.0343	-0.0596	0.2251
58.0000	9.0000	Respond Naturally	RaisinBran	5.0000	6.0000	3.0000	7	1.0000	0.9075	0.5379	1.1189	0.0000	0.5379	0.1990	1.0000	-0.0994	0.0000	-0.0994	-0.1557
58.0000	10.0000	Respond Naturally	MnMPeanuts	5.0000	6.0000	2.0000	2	1.0000	0.7896	0.1512	1.3648	1.0000	0.4535	0.3542	-1.0000	-0.2757	0.0000	-0.2757	-0.5217
58.0000	11.0000	Focus on Health	LaysClassic	4.0000	5.0000	1.0000	4	-1.0000	1.9154	0.4365	-1.1122	2.0000	1.2766	0.2623	-1.0000	0.4499	0.4499	-0.0000	0.9336
58.0000	12.0000	Focus on Health	BabyFoodSweetPotatos	1.0000	2.0000	4.0000	5	-1.0000	1.4778	0.6042	-0.8905	2.0000	1.0074	0.2650	-1.0000	0.6352	0.6374	-0.0022	1.0408
58.0000	13.0000	Focus on Health	RufflesSourCreamOnion	6.0000	6.0000	2.0000	3	-1.0000	1.4951	0.3361	-1.0767	2.0000	0.9743	0.2700	-1.0000	0.0804	0.1448	-0.0644	0.4087
58.0000	14.0000	Focus on Health	ClifBar	2.0000	3.0000	4.0000	4	-1.0000	1.7134	0.8057	-0.9851	0.0000	0.8057	0.1694	-1.0000	0.2193	0.2236	-0.0044	0.4076
58.0000	15.0000	Focus on Health	Smartfood	6.0000	6.0000	2.0000	2	1.0000	1.3942	0.7558	1.2616	1.0000	0.9405	0.1600	-1.0000	0.0026	0.0869	-0.0843	0.5724
58.0000	16.0000	Focus on Health	Nutella	5.0000	6.0000	2.0000	1	1.0000	1.4113	0.5375	0.8611	0.0000	0.5375	0.1074	1.0000	0.0234	0.0288	-0.0054	0.0972
58.0000	17.0000	Focus on Health	Aero	5.0000	5.0000	2.0000	1	1.0000	1.2096	0.3863	1.2801	1.0000	0.8400	0.5763	-1.0000	0.1253	0.2350	-0.1097	1.3161
58.0000	18.0000	Focus on Health	BabyFoodSweetPotatos	1.0000	2.0000	4.0000	2	-1.0000	0.9406	0.4534	-1.4244	0.0000	0.4534	0.2770	-1.0000	0.1756	0.1922	-0.0165	0.4427
58.0000	19.0000	Focus on Health	Skittles	6.0000	6.0000	2.0000	3	1.0000	1.2097	0.4368	1.3113	1.0000	0.7729	0.2224	-1.0000	0.1619	0.2031	-0.0412	0.8868
58.0000	20.0000	Focus on Health	Spinach	1.0000	1.0000	6.0000	4	-1.0000	0.8904	0.4704	-1.2535	0.0000	0.4704	0.3022	-1.0000	0.1157	0.1209	-0.0052	0.2613
58.0000	21.0000	Focus on Health	SkimMilk	4.0000	4.0000	5.0000	1	1.0000	0.8905	0.6217	1.0896	0.0000	0.6217	0.2262	1.0000	-0.0012	0.0235	-0.0247	0.1220
58.0000	22.0000	Focus on Health	CoffeeCrisp	6.0000	6.0000	2.0000	1	1.0000	1.0582	0.5037	1.2761	1.0000	0.7726	0.2054	-1.0000	-0.1978	0.0090	-0.2067	-0.3409
58.0000	23.0000	Focus on Health	Starburst	5.0000	6.0000	2.0000	3	1.0000	0.8737	0.1509	1.3370	0.0000	0.1509	0.1009	1.0000	-0.0892	0.0009	-0.0901	-0.2035
58.0000	24.0000	Focus on Health	RiceKrispiesCereal	4.0000	4.0000	3.0000	3	1.0000	1.4443	0.9402	0.6082	0.0000	0.9402	0.1027	1.0000	0.0964	0.0964	-0.0000	0.2687
58.0000	25.0000	Focus on Health	Broccoli	1.0000	4.0000	6.0000	1	1.0000	1.0920	0.3864	0.6112	1.0000	0.6216	0.3755	-1.0000	0.4767	0.4767	-0.0000	1.5303
58.0000	26.0000	Focus on Health	FrozenPeaches	6.0000	6.0000	6.0000	2	1.0000	0.7056	0.1508	1.1653	1.0000	0.4199	0.2700	-1.0000	-0.2216	0.0000	-0.2216	-0.3693
58.0000	27.0000	Focus on Health	RitzCrackers	4.0000	4.0000	3.0000	5	1.0000	1.1423	0.1511	1.1931	0.0000	0.1511	0.2330	1.0000	-0.2561	0.0000	-0.2561	-0.4354
58.0000	28.0000	Focus on Health	FrozenCorn	3.0000	4.0000	6.0000	2	1.0000	0.8903	0.1509	1.1028	0.0000	0.1509	0.0949	1.0000	-0.0438	0.0000	-0.0438	-0.1049
58.0000	29.0000	Focus on Health	TofuDessert	1.0000	2.0000	5.0000	2	-1.0000	0.9744	0.4703	-1.2413	0.0000	0.4703	0.1990	-1.0000	0.3502	0.3502	-0.0000	0.6568
58.0000	30.0000	Focus on Health	AlmondMilk	4.0000	5.0000	5.0000	2	1.0000	0.8398	0.3866	1.2283	0.0000	0.3866	0.2239	-1.0000	-0.3144	0.0000	-0.3144	-0.5141
58.0000	31.0000	Respond Naturally	SevenGrain	3.0000	3.0000	3.0000	3	-1.0000	1.0414	0.6381	-0.9410	0.0000	0.6381	0.3399	-1.0000	0.2311	0.2403	-0.0093	0.6903
58.0000	32.0000	Respond Naturally	FrootLoops	6.0000	6.0000	3.0000	6	1.0000	0.7390	0.3189	-0.1031	0.0000	0.3189	0.1849	1.0000	0.1683	0.1688	-0.0005	0.2958
58.0000	33.0000	Respond Naturally	PCChipCookie	5.0000	6.0000	2.0000	2	1.0000	0.7725	0.3021	-0.2628	0.0000	0.3021	0.1654	1.0000	0.1018	0.1020	-0.0002	0.1637
58.0000	34.0000	Respond Naturally	Shreddies	1.0000	3.0000	4.0000	5	-1.0000	0.8730	0.4698	0.0565	0.0000	0.4698	0.2363	-1.0000	0.1820	0.1820	-0.0000	0.3023
58.0000	35.0000	Respond Naturally	CannedArtichoke	1.0000	1.0000	4.0000	2	-1.0000	0.8730	0.4534	-0.5972	0.0000	0.4534	0.1463	-1.0000	0.3332	0.3332	-0.0000	0.6207
58.0000	36.0000	Respond Naturally	Reese	2.0000	3.0000	2.0000	4	-1.0000	0.9911	0.2520	0.1226	1.0000	0.5544	0.2902	1.0000	0.5467	0.5467	-0.0000	1.3762
58.0000	37.0000	Respond Naturally	LaysClassic	5.0000	5.0000	1.0000	3	1.0000	1.4277	0.4871	-0.0504	1.0000	0.8903	0.2803	-1.0000	0.4539	0.4539	-0.0000	0.8390
58.0000	38.0000	Respond Naturally	VegetableThins	4.0000	5.0000	3.0000	5	1.0000	1.6466	0.8740	-0.1424	1.0000	1.2101	0.2839	-1.0000	0.5525	0.5525	-0.0000	1.3878
58.0000	39.0000	Respond Naturally	FrozenBroccoli	4.0000	4.0000	6.0000	6	-1.0000	1.3273	0.3528	0.5236	0.0000	0.3528	0.1223	-1.0000	0.0829	0.0850	-0.0022	0.2351
58.0000	40.0000	Respond Naturally	CoffeeCrisp	6.0000	6.0000	2.0000	3	1.0000	1.1259	0.3529	-0.0731	0.0000	0.3529	0.2127	1.0000	0.1609	0.1796	-0.0187	0.4538
58.0000	41.0000	Focus on Health	EnglishCucumber	1.0000	1.0000	6.0000	5	-1.0000	0.7558	0.4030	0.4773	0.0000	0.4030	0.1650	-1.0000	0.0649	0.0679	-0.0029	0.1123
58.0000	42.0000	Focus on Health	Mentos	5.0000	6.0000	1.0000	2	1.0000	0.7893	0.5037	-0.2193	0.0000	0.5037	0.3070	1.0000	0.3582	0.3583	-0.0000	0.5502
58.0000	43.0000	Focus on Health	RomaineLettuce	1.0000	1.0000	6.0000	4	-1.0000	1.2599	0.3529	0.4166	0.0000	0.3529	0.1165	-1.0000	0.0219	0.0356	-0.0137	0.1086
58.0000	44.0000	Focus on Health	CheeseNips	4.0000	3.0000	3.0000	2	1.0000	1.9145	1.3937	-0.1890	0.0000	1.3937	0.4780	1.0000	0.7075	0.7276	-0.0201	1.2935
58.0000	45.0000	Focus on Health	Snickers	5.0000	6.0000	2.0000	2	-1.0000	0.9071	0.1512	0.9623	0.0000	0.1512	0.1427	-1.0000	0.0235	0.0305	-0.0070	-0.0691
58.0000	46.0000	Focus on Health	Beets	1.0000	1.0000	5.0000	5	-1.0000	0.8569	0.3193	0.5877	0.0000	0.3193	0.1575	-1.0000	0.0861	0.0861	-0.0000	0.1474
58.0000	47.0000	Focus on Health	SkimMilk	5.0000	4.0000	5.0000	4	1.0000	1.4279	0.6551	-0.3455	0.0000	0.6551	0.2927	1.0000	0.5106	0.5106	-0.0000	1.0146
58.0000	48.0000	Focus on Health	Almonds	4.0000	4.0000	5.0000	2	1.0000	1.1591	0.7222	-0.2482	0.0000	0.7222	0.2841	1.0000	0.6023	0.6023	-0.0000	0.9789
58.0000	49.0000	Focus on Health	DriedHerring	1.0000	1.0000	4.0000	1	-1.0000	0.8397	0.4870	0.6488	0.0000	0.4870	0.2127	-1.0000	0.0578	0.0587	-0.0009	0.1311
58.0000	50.0000	Focus on Health	BrusselsSprouts	1.0000	1.0000	6.0000	4	-1.0000	0.7558	0.3694	0.1237	0.0000	0.3694	0.2074	-1.0000	0.2869	0.2869	-0.0000	0.4683
58.0000	51.0000	Respond Naturally	SpeltCakes	2.0000	4.0000	4.0000	5	1.0000	0.8401	0.3193	0.1638	0.0000	0.3193	0.2188	1.0000	0.2136	0.2140	-0.0004	0.4347
58.0000	52.0000	Respond Naturally	Avocado	1.0000	2.0000	6.0000	2	-1.0000	0.8065	0.3529	0.3496	0.0000	0.3529	0.1451	-1.0000	0.1089	0.1089	-0.0000	0.1680
58.0000	53.0000	Respond Naturally	RiceKrispiesCereal	4.0000	4.0000	3.0000	7	1.0000	1.0078	0.4364	-0.4124	1.0000	0.6213	0.2175	-1.0000	0.4737	0.4737	-0.0000	0.8392
58.0000	54.0000	Respond Naturally	DriedApricots	1.0000	1.0000	4.0000	2	-1.0000	0.8568	0.4031	0.4856	0.0000	0.4031	0.1560	-1.0000	0.1877	0.1877	-0.0000	0.2656
58.0000	55.0000	Respond Naturally	SlimStyles	5.0000	5.0000	5.0000	2	1.0000	1.6130	1.1258	-0.1632	0.0000	1.1258	0.3453	1.0000	0.8016	0.8016	-0.0000	1.4145
58.0000	56.0000	Respond Naturally	FrozenOkra	1.0000	1.0000	6.0000	5	-1.0000	1.0081	0.4536	0.6909	1.0000	0.5713	0.3380	1.0000	0.0763	0.1052	-0.0289	0.5334
58.0000	57.0000	Respond Naturally	Skittles	6.0000	6.0000	2.0000	6	1.0000	0.7393	0.2523	-0.2093	0.0000	0.2523	0.3330	1.0000	0.4517	0.4719	-0.0202	1.0002
58.0000	58.0000	Respond Naturally	PCChipCookie	6.0000	6.0000	2.0000	5	1.0000	0.8065	0.2856	-0.3978	1.0000	0.4200	0.2126	-1.0000	0.3335	0.3339	-0.0004	0.6773
58.0000	59.0000	Respond Naturally	ClifBar	2.0000	2.0000	3.0000	2	-1.0000	0.8903	0.3695	0.4865	1.0000	0.5207	0.1906	1.0000	0.1864	0.1864	-0.0000	0.4888
58.0000	60.0000	Respond Naturally	WelchsFruitSnacks	6.0000	6.0000	3.0000	1	1.0000	0.7217	0.2681	0.0320	0.0000	0.2681	0.1981	1.0000	0.2661	0.2680	-0.0019	0.5687
58.0000	61.0000	Focus on Health	SlimStyles	4.0000	5.0000	5.0000	6	1.0000	1.0585	0.2185	-0.5044	1.0000	0.6050	0.2612	-1.0000	0.5865	0.5865	-0.0000	1.2754
58.0000	62.0000	Focus on Health	Orange	4.0000	6.0000	6.0000	1	1.0000	0.8401	0.1680	-0.5470	1.0000	0.4369	0.3035	-1.0000	0.3749	0.3756	-0.0007	0.8123
58.0000	63.0000	Focus on Health	Nutella	5.0000	6.0000	2.0000	4	-1.0000	1.7472	0.1680	0.5551	1.0000	1.1762	0.3911	1.0000	0.6030	0.6246	-0.0216	1.4944
58.0000	64.0000	Focus on Health	MnMPlain	5.0000	5.0000	3.0000	5	-1.0000	1.5117	0.7558	0.0462	0.0000	0.7558	0.1835	-1.0000	0.2758	0.2758	-0.0000	0.6160
58.0000	65.0000	Focus on Health	Broccoli	1.0000	3.0000	6.0000	4	1.0000	0.7726	0.4031	-0.4696	0.0000	0.4031	0.2191	1.0000	0.3882	0.3882	-0.0000	0.6403
58.0000	66.0000	Focus on Health	SpeltCakes	4.0000	5.0000	4.0000	2	1.0000	0.9073	0.3697	-0.8207	0.0000	0.3697	0.1355	1.0000	0.5068	0.5068	-0.0000	0.8500
58.0000	67.0000	Focus on Health	Mars	5.0000	5.0000	2.0000	2	-1.0000	0.8569	0.4032	0.5244	0.0000	0.4032	0.2250	-1.0000	0.1776	0.1776	-0.0000	0.3244
58.0000	68.0000	Focus on Health	KashiBars	2.0000	3.0000	3.0000	1	-1.0000	1.3943	0.7556	0.1089	1.0000	1.0079	0.3184	1.0000	0.5041	0.5041	-0.0000	1.1594
58.0000	69.0000	Focus on Health	Tempeh	1.0000	1.0000	4.0000	2	-1.0000	0.7897	0.2185	0.3734	0.0000	0.2185	0.1671	-1.0000	0.1931	0.1931	-0.0000	0.3260
58.0000	70.0000	Focus on Health	AllBranCereal	2.0000	2.0000	4.0000	6	-1.0000	0.7223	0.1680	0.3655	0.0000	0.1680	0.1301	-1.0000	0.1791	0.1791	-0.0000	0.2828
58.0000	71.0000	Respond Naturally	MnMPlain	5.0000	5.0000	2.0000	3	1.0000	0.5880	0.1680	0.1518	0.0000	0.1680	0.1207	1.0000	0.1542	0.1542	-0.0000	0.2764
58.0000	72.0000	Respond Naturally	SevenGrain	2.0000	3.0000	4.0000	1	-1.0000	1.1093	0.5040	-0.1736	0.0000	0.5040	0.2095	-1.0000	0.3030	0.3030	-0.0000	0.6376
58.0000	73.0000	Respond Naturally	HoneyNutCheerios	5.0000	4.0000	3.0000	5	1.0000	0.7058	0.1512	0.7994	0.0000	0.1512	0.0968	1.0000	0.0183	0.0197	-0.0013	0.0578
58.0000	74.0000	Respond Naturally	GreenBeans	1.0000	1.0000	6.0000	2	-1.0000	0.7728	0.2517	0.2676	1.0000	0.3861	0.2813	1.0000	0.3041	0.3041	-0.0000	0.6806
58.0000	75.0000	Respond Naturally	FrozenCorn	3.0000	3.0000	6.0000	4	1.0000	0.7561	0.1512	0.4827	0.0000	0.1512	0.1703	1.0000	0.0879	0.0879	-0.0000	0.1813
58.0000	76.0000	Respond Naturally	CornFlakes	3.0000	4.0000	2.0000	3	1.0000	1.0923	0.3698	-0.6258	0.0000	0.3698	0.2342	1.0000	0.6784	0.6786	-0.0001	1.2366
58.0000	77.0000	Respond Naturally	Tuna	1.0000	2.0000	4.0000	2	-1.0000	0.6721	0.4195	0.4936	0.0000	0.4195	0.2837	-1.0000	0.1863	0.1863	-0.0000	0.2539
58.0000	78.0000	Respond Naturally	BabyFoodCarrots	1.0000	2.0000	4.0000	3	-1.0000	0.6383	0.1679	0.2598	0.0000	0.1679	0.1330	-1.0000	0.1848	0.1849	-0.0001	0.3269
58.0000	79.0000	Respond Naturally	Cauliflower	1.0000	1.0000	6.0000	2	-1.0000	0.7897	0.3024	0.6114	0.0000	0.3024	0.1022	-1.0000	0.1444	0.1444	-0.0000	0.3792
58.0000	80.0000	Respond Naturally	Onion	1.0000	1.0000	6.0000	2	-1.0000	0.8233	0.3864	-0.2642	0.0000	0.3864	0.2941	-1.0000	0.3944	0.3944	-0.0000	0.7132
58.0000	81.0000	Focus on Health	IceCreamVanilla	6.0000	6.0000	2.0000	1	1.0000	1.0247	0.4871	-0.0309	1.0000	0.6383	0.4020	-1.0000	0.4237	0.4237	-0.0000	1.1603
58.0000	82.0000	Focus on Health	Strawberries	5.0000	5.0000	6.0000	3	1.0000	1.0072	0.5204	-0.3680	0.0000	0.5204	0.2379	1.0000	0.2547	0.2630	-0.0083	0.5119
58.0000	83.0000	Focus on Health	DriedApricots	1.0000	2.0000	3.0000	5	-1.0000	0.9408	0.5207	-0.6872	0.0000	0.5207	0.2622	-1.0000	0.5565	0.5565	-0.0000	0.9175
58.0000	84.0000	Focus on Health	Smarties	4.0000	5.0000	2.0000	2	1.0000	0.9578	0.2689	0.5470	0.0000	0.2689	0.0927	1.0000	0.0580	0.0595	-0.0015	0.1877
58.0000	85.0000	Focus on Health	FrozenPeas	1.0000	1.0000	6.0000	6	-1.0000	0.8400	0.4704	0.2114	0.0000	0.4704	0.2292	-1.0000	0.3350	0.3371	-0.0021	0.7400
58.0000	86.0000	Focus on Health	RedPepper	1.0000	2.0000	6.0000	2	-1.0000	1.0417	0.3529	0.0736	0.0000	0.3529	0.1762	-1.0000	0.0768	0.1021	-0.0253	0.3911
58.0000	87.0000	Focus on Health	BrusselsSprouts	1.0000	1.0000	6.0000	2	-1.0000	0.6883	0.1512	0.3357	0.0000	0.1512	0.1631	-1.0000	0.2067	0.2067	-0.0000	0.3685
58.0000	88.0000	Focus on Health	Tuna	1.0000	2.0000	5.0000	4	-1.0000	0.6890	0.1512	0.3370	0.0000	0.1512	0.1374	-1.0000	0.0958	0.0958	-0.0000	0.1945
58.0000	89.0000	Focus on Health	Bananas	5.0000	6.0000	6.0000	3	1.0000	0.7562	0.3696	-0.5081	0.0000	0.3696	0.2564	1.0000	0.2244	0.2244	-0.0000	0.5905
58.0000	90.0000	Focus on Health	Butternut	1.0000	2.0000	6.0000	7	-1.0000	0.9408	0.2349	0.7771	1.0000	0.5038	0.2375	1.0000	0.2343	0.2415	-0.0072	0.8058
58.0000	91.0000	Respond Naturally	MangoChunks	6.0000	6.0000	6.0000	5	1.0000	0.8395	0.2516	0.1777	0.0000	0.2516	0.1545	1.0000	0.1804	0.1804	-0.0000	0.3418
58.0000	92.0000	Respond Naturally	Fritos	5.0000	5.0000	3.0000	5	1.0000	0.9077	0.4367	0.0597	0.0000	0.4367	0.1311	1.0000	0.0427	0.0466	-0.0039	0.1942
58.0000	93.0000	Respond Naturally	GreenGrapes	4.0000	4.0000	6.0000	1	1.0000	0.9411	0.5545	0.2362	0.0000	0.5545	0.2127	1.0000	0.2355	0.2356	-0.0000	0.7145
58.0000	94.0000	Respond Naturally	AppleChips	1.0000	4.0000	5.0000	2	1.0000	1.8818	0.5211	0.0750	1.0000	0.8907	0.2955	-1.0000	0.7445	0.7445	-0.0000	1.4452
58.0000	95.0000	Respond Naturally	CornFlakes	4.0000	4.0000	2.0000	6	1.0000	0.7568	0.2522	-0.1430	0.0000	0.2522	0.0787	1.0000	0.1505	0.1507	-0.0001	0.3290
58.0000	96.0000	Respond Naturally	Raspberries	1.0000	4.0000	5.0000	4	-1.0000	1.1587	0.5205	-0.4198	0.0000	0.5205	0.1914	-1.0000	0.6730	0.6730	-0.0000	1.3727
58.0000	97.0000	Respond Naturally	Reese	2.0000	3.0000	2.0000	1	-1.0000	0.8569	0.4537	-0.2080	0.0000	0.4537	0.1268	-1.0000	0.1018	0.1053	-0.0035	0.3262
58.0000	98.0000	Respond Naturally	Pringles	5.0000	5.0000	1.0000	2	1.0000	0.7562	0.2185	0.0895	0.0000	0.2185	0.0944	1.0000	0.1402	0.1411	-0.0009	0.3196
58.0000	99.0000	Respond Naturally	HoneyNutCheerios	5.0000	4.0000	3.0000	2	1.0000	1.2430	0.3865	-0.2021	0.0000	0.3865	0.1787	1.0000	0.1564	0.1564	-0.0000	0.3710
58.0000	100.0000	Respond Naturally	Snickers	5.0000	6.0000	2.0000	3	1.0000	0.9576	0.3361	-0.4238	0.0000	0.3361	0.1595	1.0000	0.2221	0.2221	-0.0000	0.4884
58.0000	101.0000	Focus on Health	Triscuit	4.0000	3.0000	3.0000	5	-1.0000	0.8737	0.4200	0.4206	0.0000	0.4200	0.1443	-1.0000	0.1465	0.1519	-0.0054	0.3013
58.0000	102.0000	Focus on Health	YorkPeppermintPatties	2.0000	4.0000	2.0000	2	-1.0000	0.7561	0.2689	0.1021	0.0000	0.2689	0.2683	-1.0000	0.2321	0.2321	-0.0000	0.3581
58.0000	103.0000	Focus on Health	BBQCrisps	5.0000	5.0000	2.0000	6	1.0000	1.0415	0.6047	-0.5610	0.0000	0.6047	0.2916	1.0000	0.3862	0.3862	-0.0000	0.8891
58.0000	104.0000	Focus on Health	Caramilk	5.0000	5.0000	2.0000	2	1.0000	1.0585	0.1848	-0.1774	1.0000	0.6721	0.2771	-1.0000	0.5652	0.5652	-0.0000	1.2998
58.0000	105.0000	Focus on Health	BabyFoodCarrots	1.0000	2.0000	5.0000	5	-1.0000	1.0080	0.1512	0.2825	0.0000	0.1512	0.1235	-1.0000	0.0470	0.0487	-0.0017	0.1223
58.0000	106.0000	Focus on Health	RitzCrackers	4.0000	4.0000	3.0000	2	1.0000	0.9073	0.4200	0.1129	0.0000	0.4200	0.1920	1.0000	0.2838	0.2838	-0.0000	0.4709
58.0000	107.0000	Focus on Health	PopTartStrawberry	5.0000	5.0000	1.0000	2	-1.0000	0.9408	0.3696	0.6624	0.0000	0.3696	0.0784	-1.0000	0.0078	0.0104	-0.0026	0.0509
58.0000	108.0000	Focus on Health	IceCreamVanilla	6.0000	6.0000	2.0000	4	1.0000	0.9234	0.3187	NA	1.0000	0.5203	0.2725	-1.0000	0.2005	0.2005	-0.0000	0.9388
58.0000	109.0000	Focus on Health	Asparagus	1.0000	1.0000	6.0000	6	-1.0000	0.7221	0.3525	0.6130	0.0000	0.3525	0.1450	-1.0000	0.0422	0.0422	-0.0000	0.1015
58.0000	110.0000	Focus on Health	RaisinBran	5.0000	5.0000	3.0000	3	1.0000	0.9075	0.4704	-0.2174	0.0000	0.4704	0.2737	1.0000	0.5095	0.5239	-0.0144	0.9998
58.0000	111.0000	Respond Naturally	GreenPepper	1.0000	2.0000	6.0000	6	-1.0000	0.8569	0.3864	-0.1166	0.0000	0.3864	0.2077	-1.0000	0.2560	0.2614	-0.0054	0.7272
58.0000	112.0000	Respond Naturally	WelchsFruitSnacks	6.0000	6.0000	4.0000	3	1.0000	0.7058	0.2521	-0.0066	0.0000	0.2521	0.1196	1.0000	0.0934	0.0995	-0.0061	0.2448
58.0000	113.0000	Respond Naturally	MangoChunks	6.0000	6.0000	6.0000	2	1.0000	0.6553	0.2856	0.0281	0.0000	0.2856	0.1567	1.0000	0.2468	0.2468	-0.0000	0.4128
58.0000	114.0000	Respond Naturally	FrozenBroccoli	4.0000	4.0000	6.0000	2	-1.0000	0.7394	0.2856	0.2310	0.0000	0.2856	0.1913	-1.0000	0.1393	0.1393	-0.0000	0.3199
58.0000	115.0000	Respond Naturally	Triscuit	3.0000	3.0000	3.0000	2	-1.0000	1.2939	0.6050	-0.2927	0.0000	0.6050	0.2546	-1.0000	0.3803	0.3803	-0.0000	0.7866
58.0000	116.0000	Respond Naturally	AllBranBar	4.0000	3.0000	4.0000	1	-1.0000	0.9076	0.5042	-0.0071	0.0000	0.5042	0.1952	-1.0000	0.3244	0.3261	-0.0017	0.7778
58.0000	117.0000	Respond Naturally	Prunes	1.0000	1.0000	5.0000	2	-1.0000	0.8561	0.4698	-0.1957	0.0000	0.4698	0.1934	-1.0000	0.3509	0.3509	-0.0000	0.5859
58.0000	118.0000	Respond Naturally	RedPepper	1.0000	1.0000	6.0000	5	-1.0000	0.7057	0.1512	0.3080	0.0000	0.1512	0.1041	-1.0000	0.0839	0.0839	-0.0000	0.1803
58.0000	119.0000	Respond Naturally	Cheerios	5.0000	4.0000	3.0000	2	1.0000	1.0921	0.7225	-0.2334	0.0000	0.7225	0.3130	1.0000	0.8695	0.8695	-0.0000	1.3344
58.0000	120.0000	Respond Naturally	ProMax	2.0000	4.0000	3.0000	4	-1.0000	0.8733	0.3525	0.2395	0.0000	0.3525	0.1613	-1.0000	0.2365	0.2365	-0.0000	0.4157
58.0000	121.0000	Respond Naturally	OatmealSquares	2.0000	3.0000	3.0000	7	-1.0000	0.8735	0.3694	0.1779	1.0000	0.4870	0.2623	1.0000	0.2034	0.2035	-0.0001	0.5178
58.0000	122.0000	Respond Naturally	ProMax	3.0000	2.0000	3.0000	2	-1.0000	0.8566	0.2686	0.4544	1.0000	0.4365	0.3160	1.0000	0.2820	0.2820	-0.0000	0.8835
58.0000	123.0000	Respond Naturally	Pringles	4.0000	5.0000	1.0000	5	1.0000	1.0750	0.2351	-0.4031	0.0000	0.2351	0.2816	1.0000	0.2242	0.2524	-0.0283	1.0121
58.0000	124.0000	Respond Naturally	GreenBeans	1.0000	1.0000	6.0000	4	-1.0000	0.6715	0.2180	0.3795	1.0000	0.3355	0.2461	1.0000	0.2299	0.2299	-0.0000	0.5357
58.0000	125.0000	Respond Naturally	SkittlesSour	3.0000	3.0000	2.0000	3	-1.0000	1.0585	0.4705	-0.0442	1.0000	0.6553	0.4319	1.0000	0.3523	0.3523	-0.0000	1.1178
58.0000	126.0000	Respond Naturally	Bananas	5.0000	6.0000	6.0000	2	1.0000	0.6548	0.3693	-0.2823	0.0000	0.3693	0.2255	1.0000	0.3488	0.3488	-0.0000	0.6172
58.0000	127.0000	Respond Naturally	Celery	1.0000	2.0000	6.0000	4	-1.0000	0.9912	0.1512	0.7161	0.0000	0.1512	0.1324	-1.0000	0.0312	0.0312	-0.0000	0.0788
58.0000	128.0000	Respond Naturally	Mentos	6.0000	6.0000	3.0000	5	1.0000	0.9242	0.4873	-0.4772	0.0000	0.4873	0.4162	1.0000	0.5467	0.5467	-0.0000	1.0315
58.0000	129.0000	Respond Naturally	ClamJuice	1.0000	1.0000	4.0000	3	-1.0000	0.7218	0.3694	0.4499	0.0000	0.3694	0.2187	-1.0000	0.1940	0.1940	-0.0000	0.3402
58.0000	130.0000	Respond Naturally	FrozenBlueberries	1.0000	1.0000	6.0000	3	-1.0000	0.7057	0.3193	-0.0381	0.0000	0.3193	0.1767	-1.0000	0.2166	0.2182	-0.0015	0.5255
58.0000	131.0000	Focus on Health	GreenGrapes	4.0000	4.0000	6.0000	4	1.0000	0.7393	0.3528	-0.2277	0.0000	0.3528	0.2300	1.0000	0.3336	0.3384	-0.0048	0.6360
58.0000	132.0000	Focus on Health	CannedArtichoke	1.0000	1.0000	6.0000	5	-1.0000	0.7729	0.4369	-0.2518	0.0000	0.4369	0.2588	-1.0000	0.2247	0.2247	-0.0000	0.3967
58.0000	133.0000	Focus on Health	Doritos	5.0000	6.0000	1.0000	2	-1.0000	0.9069	0.5372	-0.3354	0.0000	0.5372	0.1934	-1.0000	0.2249	0.2249	-0.0000	0.5505
58.0000	134.0000	Focus on Health	RomaineLettuce	1.0000	1.0000	6.0000	2	-1.0000	0.9072	0.3025	-0.2745	1.0000	0.4537	0.2472	1.0000	0.5556	0.5556	-0.0000	1.0884
58.0000	135.0000	Focus on Health	AppleChips	1.0000	3.0000	5.0000	5	1.0000	0.9581	0.5716	-0.6066	0.0000	0.5716	0.1134	1.0000	0.1720	0.1720	-0.0000	0.2982
58.0000	136.0000	Focus on Health	VanillaGreekYogurt	4.0000	5.0000	5.0000	2	1.0000	0.9745	0.5881	-0.0809	0.0000	0.5881	0.4350	1.0000	0.4833	0.4866	-0.0034	1.0089
58.0000	137.0000	Focus on Health	Cheerios	4.0000	4.0000	3.0000	5	1.0000	1.1426	0.3697	0.3120	1.0000	0.7226	0.4318	-1.0000	0.4637	0.4637	-0.0000	1.2513
58.0000	138.0000	Focus on Health	VegetableThins	4.0000	4.0000	2.0000	2	1.0000	0.8738	0.1512	0.6264	0.0000	0.1512	0.1760	1.0000	0.0469	0.0469	-0.0000	0.1018
58.0000	139.0000	Focus on Health	Mackerel	1.0000	1.0000	5.0000	1	-1.0000	0.8562	0.4030	-0.3465	0.0000	0.4030	0.1828	-1.0000	0.5160	0.5160	-0.0000	0.9966
58.0000	140.0000	Focus on Health	Starburst	5.0000	6.0000	2.0000	6	1.0000	1.4617	0.6217	0.3297	1.0000	0.8234	0.4000	-1.0000	0.5446	0.5446	-0.0000	1.5693
58.0000	141.0000	Focus on Health	SkittlesSour	2.0000	3.0000	2.0000	6	-1.0000	0.7897	0.3864	0.0314	0.0000	0.3864	0.1662	-1.0000	0.2490	0.2733	-0.0243	0.5349
58.0000	142.0000	Focus on Health	OatBran	1.0000	3.0000	5.0000	2	-1.0000	1.0417	0.1848	-0.0082	0.0000	0.1848	0.2166	-1.0000	0.3122	0.3129	-0.0007	0.6704
58.0000	143.0000	Focus on Health	Orange	5.0000	6.0000	6.0000	5	1.0000	0.8902	0.4198	-0.3807	0.0000	0.4198	0.2506	1.0000	0.1994	0.1994	-0.0000	0.4094
58.0000	144.0000	Focus on Health	FrozenPeaches	6.0000	6.0000	6.0000	5	1.0000	0.7897	0.3529	-0.2945	0.0000	0.3529	0.2455	1.0000	0.3105	0.3138	-0.0033	0.6692
58.0000	145.0000	Focus on Health	Twizzlers	6.0000	6.0000	2.0000	2	1.0000	0.8905	0.1512	0.3411	0.0000	0.1512	0.1309	1.0000	0.1438	0.1438	-0.0000	0.3392
58.0000	146.0000	Focus on Health	SlicedTurkey	1.0000	1.0000	3.0000	2	-1.0000	0.9070	0.5206	0.4254	0.0000	0.5206	0.1530	-1.0000	0.1771	0.1789	-0.0017	0.3613
58.0000	147.0000	Focus on Health	SunChips	6.0000	6.0000	2.0000	2	1.0000	0.8566	0.4534	0.0736	0.0000	0.4534	0.1826	1.0000	0.3826	0.3830	-0.0004	0.8713
58.0000	148.0000	Focus on Health	Smartfood	6.0000	6.0000	2.0000	4	1.0000	0.7729	0.2520	-0.3736	0.0000	0.2520	0.1600	1.0000	0.3687	0.3687	-0.0000	0.7464
58.0000	149.0000	Focus on Health	PopTartStrawberry	5.0000	5.0000	1.0000	5	-1.0000	0.9077	0.3362	-0.0082	0.0000	0.3362	0.1403	-1.0000	0.3724	0.3724	-0.0000	0.6521
58.0000	150.0000	Focus on Health	RufflesSourCreamOnion	5.0000	6.0000	1.0000	5	1.0000	1.0079	0.4367	1.0155	0.0000	0.4367	0.1343	1.0000	-0.0223	0.0213	-0.0437	-0.1163
58.0000	151.0000	Respond Naturally	Aero	5.0000	5.0000	2.0000	3	1.0000	0.8066	0.1681	-0.4066	0.0000	0.1681	0.1347	1.0000	0.2239	0.2241	-0.0002	0.3835
58.0000	152.0000	Respond Naturally	WaterChestnuts	1.0000	1.0000	4.0000	5	-1.0000	0.8569	0.2015	-0.1010	1.0000	0.3695	0.1719	1.0000	0.2321	0.2336	-0.0014	0.5119
58.0000	153.0000	Respond Naturally	Twizzlers	6.0000	6.0000	2.0000	4	1.0000	0.7056	0.2352	-0.5330	0.0000	0.2352	0.1888	1.0000	0.3329	0.3329	-0.0000	0.5924
58.0000	154.0000	Respond Naturally	Beets	1.0000	1.0000	5.0000	2	-1.0000	0.8402	0.4201	-0.1028	0.0000	0.4201	0.1515	-1.0000	0.3709	0.3709	-0.0000	0.7186
58.0000	155.0000	Respond Naturally	FrozenOkra	1.0000	1.0000	6.0000	2	-1.0000	0.7223	0.3359	-0.1266	0.0000	0.3359	0.1759	-1.0000	0.2455	0.2455	-0.0000	0.6132
58.0000	156.0000	Respond Naturally	NatureValleyChocolate	4.0000	4.0000	3.0000	1	1.0000	1.1251	0.3193	-0.0307	1.0000	0.4870	0.3475	-1.0000	0.2507	0.2507	-0.0000	1.0440
58.0000	157.0000	Respond Naturally	SlicedTurkey	1.0000	1.0000	3.0000	5	-1.0000	0.7223	0.3022	0.4127	0.0000	0.3022	0.1038	-1.0000	0.0401	0.0456	-0.0055	0.0958
58.0000	158.0000	Respond Naturally	Shreddies	2.0000	3.0000	5.0000	2	-1.0000	0.9745	0.2352	0.2382	0.0000	0.2352	0.0664	-1.0000	0.1097	0.1097	-0.0000	0.2472
58.0000	159.0000	Respond Naturally	EnglishCucumber	1.0000	1.0000	6.0000	2	-1.0000	1.3443	0.3864	0.6061	1.0000	0.7225	0.3488	1.0000	0.4256	0.4314	-0.0058	1.3334
58.0000	160.0000	Respond Naturally	AllBranCereal	1.0000	3.0000	5.0000	2	-1.0000	0.7224	0.3695	0.4839	0.0000	0.3695	0.2247	-1.0000	0.1828	0.1828	-0.0000	0.3194
58.0000	161.0000	Focus on Health	FrozenPeas	1.0000	2.0000	6.0000	2	-1.0000	0.8733	0.3693	0.4801	0.0000	0.3693	0.1740	-1.0000	0.1038	0.1038	-0.0000	0.1829
58.0000	162.0000	Focus on Health	ClamJuice	1.0000	1.0000	5.0000	1	-1.0000	1.0243	0.1511	0.4750	0.0000	0.1511	0.2832	-1.0000	0.1325	0.1325	-0.0000	0.2689
58.0000	163.0000	Focus on Health	Fritos	5.0000	4.0000	2.0000	2	-1.0000	1.7297	0.4700	0.5320	1.0000	0.6548	0.2702	1.0000	0.0487	0.0734	-0.0247	0.3848
58.0000	164.0000	Focus on Health	GreenPepper	1.0000	1.0000	6.0000	2	-1.0000	0.6048	0.3024	0.2843	0.0000	0.3024	0.2841	-1.0000	0.2231	0.2250	-0.0019	0.3753
58.0000	165.0000	Focus on Health	OikosYogurt	4.0000	4.0000	5.0000	6	1.0000	0.9577	0.5545	-0.3920	0.0000	0.5545	0.2779	1.0000	0.6150	0.6150	-0.0000	1.2078
58.0000	166.0000	Focus on Health	IceCreamChocolate	6.0000	6.0000	2.0000	4	1.0000	1.2096	0.8737	-0.3027	0.0000	0.8737	0.2544	1.0000	0.9220	0.9220	-0.0000	1.2840
58.0000	167.0000	Focus on Health	AllBranBar	2.0000	3.0000	4.0000	3	-1.0000	0.6382	0.2353	0.8493	0.0000	0.2353	0.0840	-1.0000	0.0385	0.0428	-0.0042	0.1166
58.0000	168.0000	Focus on Health	Cheetos	6.0000	6.0000	1.0000	3	-1.0000	1.0918	0.5542	0.5091	0.0000	0.5542	0.2160	-1.0000	0.2573	0.2573	-0.0000	0.5010
58.0000	169.0000	Focus on Health	MnMPeanuts	4.0000	5.0000	2.0000	4	-1.0000	0.7728	0.2856	0.4021	0.0000	0.2856	0.1128	-1.0000	0.0906	0.0906	-0.0000	0.1312
58.0000	170.0000	Focus on Health	Celery	1.0000	1.0000	6.0000	2	-1.0000	1.1252	0.5541	0.6769	0.0000	0.5541	0.1000	-1.0000	-0.0419	0.0037	-0.0456	-0.1147
58.0000	171.0000	Respond Naturally	Raspberries	1.0000	4.0000	6.0000	5	-1.0000	0.8567	0.2519	0.5031	1.0000	0.4199	0.1080	1.0000	0.0758	0.0799	-0.0041	0.2469
58.0000	172.0000	Respond Naturally	Butternut	1.0000	2.0000	5.0000	3	-1.0000	1.1424	0.2016	0.1347	1.0000	0.5881	0.5595	1.0000	0.5750	0.5990	-0.0240	1.4346
58.0000	173.0000	Respond Naturally	YorkPeppermintPatties	2.0000	4.0000	2.0000	4	-1.0000	0.8737	0.1848	-0.2187	0.0000	0.1848	0.1962	-1.0000	0.2912	0.2912	-0.0000	0.5931
58.0000	174.0000	Respond Naturally	WaterChestnuts	1.0000	1.0000	4.0000	3	-1.0000	0.8400	0.1512	0.5144	0.0000	0.1512	0.1647	-1.0000	0.0815	0.0815	-0.0000	0.1163
58.0000	175.0000	Respond Naturally	Almonds	4.0000	4.0000	5.0000	4	-1.0000	1.6124	0.1512	0.9614	0.0000	0.1512	0.0882	-1.0000	-0.0189	0.0000	-0.0189	-0.0726
58.0000	176.0000	Respond Naturally	GreenApple	5.0000	6.0000	6.0000	2	1.0000	0.9241	0.5377	-0.0506	0.0000	0.5377	0.3461	1.0000	0.6201	0.6201	-0.0000	1.3089
58.0000	177.0000	Respond Naturally	Tempeh	1.0000	1.0000	4.0000	4	-1.0000	0.6551	0.3023	0.3795	0.0000	0.3023	0.1896	-1.0000	0.0827	0.0832	-0.0005	0.1970
58.0000	178.0000	Respond Naturally	Strawberries	4.0000	4.0000	6.0000	2	1.0000	1.1089	0.6720	-0.2843	0.0000	0.6720	0.2227	1.0000	0.5814	0.5814	-0.0000	0.9313
58.0000	179.0000	Respond Naturally	Cauliflower	1.0000	1.0000	6.0000	6	-1.0000	0.7394	0.3193	0.4312	0.0000	0.3193	0.1279	-1.0000	0.0805	0.0810	-0.0005	0.1358
58.0000	180.0000	Respond Naturally	Avocado	1.0000	1.0000	6.0000	5	-1.0000	0.9408	0.3360	0.1823	0.0000	0.3360	0.2464	-1.0000	0.1840	0.1840	-0.0000	0.3624
58.0000	181.0000	Respond Naturally	OatBran	1.0000	3.0000	4.0000	4	-1.0000	1.2430	0.3191	0.7984	0.0000	0.3191	0.2067	-1.0000	0.1620	0.1761	-0.0141	0.8058
58.0000	182.0000	Respond Naturally	PureFit	2.0000	3.0000	3.0000	2	-1.0000	0.7728	0.3191	-0.0440	0.0000	0.3191	0.1264	-1.0000	0.2357	0.2357	-0.0000	0.4077
58.0000	183.0000	Respond Naturally	Mackerel	1.0000	1.0000	4.0000	3	-1.0000	1.1421	0.4029	0.0096	0.0000	0.4029	0.2467	-1.0000	0.1209	0.1209	-0.0000	0.2748
58.0000	184.0000	Respond Naturally	PureFit	1.0000	3.0000	4.0000	4	-1.0000	0.8399	0.3526	0.1849	0.0000	0.3526	0.1926	-1.0000	0.0476	0.0507	-0.0031	0.1003
58.0000	185.0000	Respond Naturally	DriedHerring	1.0000	1.0000	4.0000	3	-1.0000	0.7222	0.3022	0.3728	0.0000	0.3022	0.1690	-1.0000	0.0126	0.0290	-0.0163	-0.0861
58.0000	186.0000	Respond Naturally	FrootLoops	5.0000	5.0000	3.0000	2	1.0000	0.8064	0.3864	-0.7187	0.0000	0.3864	0.2733	1.0000	0.3676	0.3676	-0.0000	0.6604
58.0000	187.0000	Respond Naturally	FrozenBlueberries	1.0000	3.0000	6.0000	1	-1.0000	0.6550	0.2350	0.4164	0.0000	0.2350	0.1336	-1.0000	0.0933	0.0942	-0.0010	0.1835
58.0000	188.0000	Respond Naturally	AlmondMilk	5.0000	5.0000	5.0000	4	1.0000	0.8730	0.2351	0.0679	1.0000	0.4533	0.2199	-1.0000	0.3270	0.3270	-0.0000	0.7782
58.0000	189.0000	Respond Naturally	Asparagus	1.0000	1.0000	6.0000	3	-1.0000	0.7053	0.2688	0.7933	0.0000	0.2688	0.0872	-1.0000	0.0072	0.0133	-0.0062	0.0681
58.0000	190.0000	Respond Naturally	GreenApple	4.0000	5.0000	6.0000	4	1.0000	0.7223	0.3695	-0.6402	0.0000	0.3695	0.3609	1.0000	0.3155	0.3155	-0.0000	0.5301
58.0000	191.0000	Focus on Health	OikosYogurt	4.0000	5.0000	5.0000	3	1.0000	0.9240	0.4704	-0.5181	0.0000	0.4704	0.3173	1.0000	0.5993	0.6120	-0.0127	1.1577
58.0000	192.0000	Focus on Health	Onion	1.0000	1.0000	5.0000	4	-1.0000	0.6213	0.3189	0.5748	0.0000	0.3189	0.2784	-1.0000	0.1037	0.1038	-0.0001	0.1752
58.0000	193.0000	Focus on Health	Doritos	5.0000	6.0000	1.0000	5	-1.0000	0.9074	0.4705	0.3317	0.0000	0.4705	0.1301	-1.0000	0.1513	0.1513	-0.0000	0.2668
58.0000	194.0000	Focus on Health	Mars	5.0000	5.0000	2.0000	4	-1.0000	0.9409	0.2184	1.1258	0.0000	0.2184	0.0748	-1.0000	-0.0128	0.0059	-0.0187	-0.0656
58.0000	195.0000	Focus on Health	CheeseNips	4.0000	4.0000	3.0000	5	1.0000	1.0922	0.6554	-0.3664	0.0000	0.6554	0.2803	1.0000	0.7747	0.7747	-0.0000	1.2551
58.0000	196.0000	Focus on Health	KashiBars	1.0000	3.0000	4.0000	4	-1.0000	0.6888	0.2519	0.9700	0.0000	0.2519	0.2395	-1.0000	-0.0633	0.0000	-0.0633	-0.1061
58.0000	197.0000	Focus on Health	SunChips	6.0000	6.0000	2.0000	4	1.0000	0.9747	0.3865	-0.4979	0.0000	0.3865	0.1323	1.0000	0.3748	0.3748	-0.0000	0.7308
58.0000	198.0000	Focus on Health	Prunes	1.0000	1.0000	5.0000	5	-1.0000	0.7220	0.3524	0.3490	0.0000	0.3524	0.1390	-1.0000	0.0977	0.0977	-0.0000	0.1607
58.0000	199.0000	Focus on Health	Spinach	1.0000	1.0000	6.0000	2	-1.0000	0.7558	0.2854	0.1716	0.0000	0.2854	0.1095	-1.0000	0.1131	0.1131	-0.0000	0.2494
58.0000	200.0000	Focus on Health	Smarties	5.0000	5.0000	2.0000	5	-1.0000	1.5457	0.3193	0.2346	1.0000	0.8234	0.3439	1.0000	0.3451	0.3686	-0.0235	1.2364
