Subject	Trial	Instruction	Food	Liking	Taste	Health	Amount	Choice	ChoiceRT	FirstDevTimeChoice	InitAngleChoice	NumChangeMindChoice	FinalDevTimeChoice	MaxVelocityChoice	DrxFirstDevChoice	TotalAUCChoice	AUCtoNonChosenChoice	AUCtoChosenChoice	MaxDevChoice
96.0000	1.0000	Focus on Health	Reese	6.0000	6.0000	1.0000	1	-1.0000	1.2768	0.6719	0.2898	0.0000	0.6719	0.2754	-1.0000	0.0199	0.0633	-0.0433	-0.2905
96.0000	2.0000	Focus on Health	YorkPeppermintPatties	5.0000	5.0000	3.0000	4	-1.0000	1.5635	0.2856	-0.6054	2.0000	1.0419	0.4738	-1.0000	0.6404	0.6591	-0.0187	1.5773
96.0000	3.0000	Focus on Health	Strawberries	6.0000	6.0000	6.0000	2	1.0000	0.7393	0.4033	0.0621	0.0000	0.4033	0.2814	1.0000	0.0959	0.1374	-0.0415	0.2370
96.0000	4.0000	Focus on Health	BabyFoodSweetPotatos	1.0000	5.0000	6.0000	2	1.0000	1.0587	0.1681	0.7420	0.0000	0.1681	3.0885	1.0000	4.1131	4.1215	-0.0084	7.6178
96.0000	5.0000	Focus on Health	Broccoli	6.0000	6.0000	6.0000	1	1.0000	1.0419	0.2017	-0.8044	2.0000	0.7395	0.8009	-1.0000	0.8075	0.8137	-0.0062	1.8725
96.0000	6.0000	Focus on Health	OatBran	5.0000	5.0000	6.0000	2	1.0000	3.3929	0.1851	-0.6564	3.0000	2.8047	0.5490	-1.0000	0.4728	0.4773	-0.0044	0.9444
96.0000	7.0000	Focus on Health	SlicedTurkey	1.0000	5.0000	6.0000	5	-1.0000	0.9404	0.7052	0.0781	0.0000	0.7052	0.6261	-1.0000	0.5879	0.5879	-0.0000	0.7605
96.0000	8.0000	Focus on Health	SunChips	6.0000	6.0000	3.0000	4	1.0000	0.7395	0.3866	-0.1895	0.0000	0.3866	0.3893	1.0000	0.4472	0.4473	-0.0001	0.7477
96.0000	9.0000	Focus on Health	AllBranCereal	5.0000	5.0000	5.0000	2	1.0000	1.6123	1.2595	-0.2216	0.0000	1.2595	0.2642	1.0000	0.6778	0.6778	-0.0000	0.8300
96.0000	10.0000	Focus on Health	RaisinBran	5.0000	4.0000	5.0000	7	1.0000	3.1572	0.6214	-0.1401	2.0000	1.7973	0.8725	1.0000	0.5512	0.5512	-0.0000	1.2450
96.0000	11.0000	Respond Naturally	VegetableThins	5.0000	6.0000	4.0000	5	1.0000	1.1424	0.4198	-0.1831	0.0000	0.4198	0.1993	1.0000	0.3659	0.3659	-0.0000	0.5970
96.0000	12.0000	Respond Naturally	Triscuit	5.0000	5.0000	3.0000	2	1.0000	1.1090	0.5712	-0.1043	0.0000	0.5712	0.5268	1.0000	0.6160	0.6160	-0.0000	0.9599
96.0000	13.0000	Respond Naturally	Nutella	3.0000	2.0000	1.0000	4	-1.0000	1.8146	0.5375	0.0145	1.0000	1.2096	0.4307	1.0000	0.8335	0.8335	-0.0000	1.5232
96.0000	14.0000	Respond Naturally	RufflesSourCreamOnion	2.0000	6.0000	2.0000	3	-1.0000	1.5625	0.6046	0.1122	1.0000	0.9239	0.4089	1.0000	0.7200	0.7200	-0.0000	1.3466
96.0000	15.0000	Respond Naturally	FrozenBroccoli	6.0000	6.0000	6.0000	6	1.0000	0.8063	0.2854	-0.0831	0.0000	0.2854	0.5566	1.0000	0.5091	0.5091	-0.0000	0.9824
96.0000	16.0000	Respond Naturally	EnglishCucumber	6.0000	6.0000	6.0000	2	1.0000	0.7224	0.3190	-0.0939	0.0000	0.3190	0.4110	1.0000	0.4416	0.4460	-0.0044	0.8561
96.0000	17.0000	Respond Naturally	ProMax	5.0000	5.0000	2.0000	4	1.0000	0.9744	0.1345	-0.1830	0.0000	0.1345	0.5728	1.0000	0.2666	0.2690	-0.0024	1.0464
96.0000	18.0000	Respond Naturally	Asparagus	6.0000	6.0000	6.0000	3	1.0000	0.7056	0.1511	-0.0971	0.0000	0.1511	0.5907	1.0000	0.4631	0.4631	-0.0000	0.9669
96.0000	19.0000	Respond Naturally	Smartfood	6.0000	5.0000	3.0000	2	1.0000	0.7561	0.2183	-0.1183	0.0000	0.2183	0.3527	1.0000	0.4146	0.4146	-0.0000	0.8222
96.0000	20.0000	Respond Naturally	Bananas	6.0000	6.0000	6.0000	3	1.0000	0.7395	0.2016	-0.0453	0.0000	0.2016	0.4099	1.0000	0.4460	0.4460	-0.0000	0.8716
96.0000	21.0000	Focus on Health	Cheetos	6.0000	6.0000	2.0000	6	-1.0000	1.0584	0.4198	0.0645	1.0000	0.6382	0.5759	1.0000	0.5879	0.5886	-0.0007	0.9152
96.0000	22.0000	Focus on Health	CornFlakes	6.0000	5.0000	5.0000	6	1.0000	0.8401	0.2184	-0.1213	0.0000	0.2184	0.4164	1.0000	0.5547	0.5547	-0.0000	0.9728
96.0000	23.0000	Focus on Health	ClamJuice	1.0000	2.0000	4.0000	1	1.0000	1.8312	0.4367	-0.0926	3.0000	1.4447	0.7431	-1.0000	0.7187	0.7188	-0.0001	1.2332
96.0000	24.0000	Focus on Health	FrootLoops	6.0000	6.0000	5.0000	2	1.0000	0.9409	0.1008	-0.1586	0.0000	0.1008	0.6980	1.0000	0.5006	0.5006	-0.0000	1.0795
96.0000	25.0000	Focus on Health	RufflesSourCreamOnion	1.0000	6.0000	2.0000	5	1.0000	1.2091	0.4032	-0.1039	0.0000	0.4032	0.5714	1.0000	0.2774	0.2774	-0.0000	0.7319
96.0000	26.0000	Focus on Health	Beets	3.0000	2.0000	6.0000	5	1.0000	1.3769	0.6879	-0.1171	1.0000	0.8728	0.7858	-1.0000	0.5003	0.5416	-0.0412	1.2814
96.0000	27.0000	Focus on Health	Prunes	4.0000	4.0000	5.0000	2	1.0000	0.8399	0.3526	-0.0405	0.0000	0.3526	0.5407	1.0000	0.5302	0.5302	-0.0000	0.9430
96.0000	28.0000	Focus on Health	Caramilk	6.0000	6.0000	1.0000	5	-1.0000	1.4111	0.5878	0.0302	1.0000	0.9238	0.2877	1.0000	0.6259	0.6259	-0.0000	1.3412
96.0000	29.0000	Focus on Health	RomaineLettuce	6.0000	6.0000	6.0000	4	1.0000	0.7054	0.3527	-0.1644	0.0000	0.3527	0.3308	1.0000	0.3992	0.4028	-0.0036	0.7566
96.0000	30.0000	Focus on Health	Strawberries	6.0000	6.0000	6.0000	3	1.0000	0.7726	0.4199	-0.0770	0.0000	0.4199	0.2587	1.0000	0.4279	0.4279	-0.0000	0.6880
96.0000	31.0000	Respond Naturally	Prunes	4.0000	4.0000	5.0000	5	1.0000	1.1592	0.6046	-0.2132	0.0000	0.6046	0.3980	1.0000	0.6124	0.6316	-0.0192	1.0800
96.0000	32.0000	Respond Naturally	SkittlesSour	6.0000	6.0000	1.0000	3	1.0000	0.7727	0.1511	-0.1156	0.0000	0.1511	0.6161	1.0000	0.3797	0.3803	-0.0005	1.0374
96.0000	33.0000	Respond Naturally	AlmondMilk	3.0000	6.0000	4.0000	4	-1.0000	1.4451	0.2017	0.1204	1.0000	0.5042	0.5121	1.0000	0.9705	0.9705	-0.0000	1.6092
96.0000	34.0000	Respond Naturally	MangoChunks	6.0000	6.0000	6.0000	2	1.0000	0.7390	0.2518	-0.0661	0.0000	0.2518	0.5944	1.0000	0.2871	0.3218	-0.0347	0.7582
96.0000	35.0000	Respond Naturally	Raspberries	6.0000	6.0000	6.0000	5	1.0000	0.7389	0.3692	-0.0198	0.0000	0.3692	0.8763	1.0000	0.6916	0.6916	-0.0000	1.2153
96.0000	36.0000	Respond Naturally	PureFit	4.0000	4.0000	5.0000	4	1.0000	1.2095	0.3023	-0.0618	2.0000	1.0247	0.7303	1.0000	0.4460	0.4460	-0.0000	1.1107
96.0000	37.0000	Respond Naturally	Mackerel	1.0000	5.0000	6.0000	1	-1.0000	1.4450	0.3863	-0.1107	1.0000	0.9577	0.4079	1.0000	0.4330	0.4330	-0.0000	1.2456
96.0000	38.0000	Respond Naturally	GreenBeans	6.0000	6.0000	6.0000	2	1.0000	0.6719	0.2853	-0.0158	0.0000	0.2853	0.2267	1.0000	0.2313	0.2368	-0.0055	0.4742
96.0000	39.0000	Respond Naturally	Butternut	6.0000	6.0000	6.0000	3	1.0000	0.7897	0.2184	-0.1271	0.0000	0.2184	0.8182	1.0000	0.6531	0.6531	-0.0000	1.1974
96.0000	40.0000	Respond Naturally	Shreddies	5.0000	5.0000	5.0000	2	1.0000	2.4191	0.3695	0.0121	4.0000	1.4113	0.3951	1.0000	0.5436	0.5436	-0.0000	1.4809
96.0000	41.0000	Focus on Health	Cauliflower	6.0000	6.0000	6.0000	2	1.0000	0.7560	0.3359	-0.1368	0.0000	0.3359	0.3948	1.0000	0.2228	0.2738	-0.0510	0.5030
96.0000	42.0000	Focus on Health	CheeseNips	6.0000	5.0000	4.0000	5	-1.0000	1.8649	0.4367	-0.0005	1.0000	1.1422	0.3477	1.0000	0.4164	0.4258	-0.0094	0.8599
96.0000	43.0000	Focus on Health	Almonds	6.0000	6.0000	6.0000	2	1.0000	1.0416	0.4030	-0.0992	0.0000	0.4030	0.5362	1.0000	0.4316	0.4316	-0.0000	0.8469
96.0000	44.0000	Focus on Health	Twizzlers	6.0000	6.0000	1.0000	4	-1.0000	0.8733	0.3356	0.1178	1.0000	0.5036	0.4813	1.0000	0.4060	0.4227	-0.0168	1.1459
96.0000	45.0000	Focus on Health	AllBranCereal	5.0000	5.0000	5.0000	6	1.0000	0.9573	0.2517	-0.0368	0.0000	0.2517	0.2461	1.0000	0.2535	0.2610	-0.0076	0.6065
96.0000	46.0000	Focus on Health	RitzCrackers	6.0000	6.0000	3.0000	2	-1.0000	1.0920	0.3862	-0.0672	1.0000	0.5542	0.7437	1.0000	0.7056	0.7056	-0.0000	1.4694
96.0000	47.0000	Focus on Health	Mars	2.0000	6.0000	1.0000	2	-1.0000	1.4112	0.2854	0.1819	3.0000	0.8904	0.3994	1.0000	0.2916	0.3158	-0.0243	1.2148
96.0000	48.0000	Focus on Health	Bananas	6.0000	6.0000	6.0000	2	1.0000	0.6886	0.2686	-0.0279	0.0000	0.2686	0.2305	1.0000	0.1900	0.1900	-0.0000	0.3539
96.0000	49.0000	Focus on Health	OatmealSquares	5.0000	6.0000	5.0000	7	1.0000	1.6300	0.4705	0.1645	2.0000	1.2099	0.3153	1.0000	0.4902	0.4909	-0.0007	1.3185
96.0000	50.0000	Focus on Health	RedPepper	1.0000	2.0000	6.0000	2	1.0000	1.4448	0.3695	0.2960	4.0000	1.0248	0.5748	1.0000	0.5415	0.5429	-0.0014	1.6004
96.0000	51.0000	Respond Naturally	SpeltCakes	4.0000	4.0000	3.0000	2	1.0000	0.9912	0.4534	-0.0557	0.0000	0.4534	0.3065	1.0000	0.2990	0.3070	-0.0080	0.5678
96.0000	52.0000	Respond Naturally	Spinach	6.0000	6.0000	6.0000	4	1.0000	0.9239	0.4534	0.0000	0.0000	0.4534	0.3957	1.0000	0.2826	0.2826	-0.0000	0.4893
96.0000	53.0000	Respond Naturally	Caramilk	6.0000	6.0000	1.0000	2	1.0000	0.9069	0.4366	-0.1285	0.0000	0.4366	0.5160	1.0000	0.4470	0.4481	-0.0011	0.8175
96.0000	54.0000	Respond Naturally	OatBran	5.0000	4.0000	6.0000	4	1.0000	1.0753	0.4535	0.0000	0.0000	0.4535	0.5257	1.0000	0.3704	0.3708	-0.0004	0.7452
96.0000	55.0000	Respond Naturally	Skittles	6.0000	6.0000	1.0000	6	1.0000	0.6384	0.3023	-0.0398	0.0000	0.3023	0.3025	1.0000	0.2907	0.2907	-0.0000	0.4949
96.0000	56.0000	Respond Naturally	LaysClassic	6.0000	6.0000	6.0000	3	1.0000	0.9070	0.3525	-0.1466	0.0000	0.3525	0.2705	1.0000	0.2172	0.2367	-0.0195	0.5425
96.0000	57.0000	Respond Naturally	ClamJuice	1.0000	4.0000	4.0000	3	-1.0000	1.0751	0.6213	0.1628	0.0000	0.6213	0.2227	-1.0000	0.2657	0.2778	-0.0122	0.3998
96.0000	58.0000	Respond Naturally	MnMPlain	6.0000	6.0000	1.0000	3	1.0000	0.6549	0.2685	-0.0196	0.0000	0.2685	0.4431	1.0000	0.3806	0.3806	-0.0000	0.7516
96.0000	59.0000	Respond Naturally	Tempeh	3.0000	5.0000	5.0000	4	1.0000	1.3104	0.4032	-0.3540	0.0000	0.4032	0.1876	1.0000	0.2075	0.2075	-0.0000	0.4496
96.0000	60.0000	Respond Naturally	Snickers	1.0000	6.0000	1.0000	3	-1.0000	1.2599	0.3526	-0.0710	1.0000	0.7725	0.3603	1.0000	0.6133	0.6221	-0.0088	1.3150
96.0000	61.0000	Respond Naturally	AppleChips	4.0000	6.0000	4.0000	5	1.0000	2.4352	0.3862	-0.4750	0.0000	0.3862	0.1202	1.0000	0.0695	0.0699	-0.0004	0.2284
96.0000	62.0000	Respond Naturally	NatureValleyChocolate	6.0000	6.0000	5.0000	4	1.0000	1.2093	0.6884	-0.2125	0.0000	0.6884	0.5620	1.0000	0.5397	0.5397	-0.0000	0.8098
96.0000	63.0000	Respond Naturally	SevenGrain	4.0000	4.0000	5.0000	1	1.0000	1.1422	0.6212	0.0084	0.0000	0.6212	0.3174	1.0000	0.3714	0.3714	-0.0000	0.5243
96.0000	64.0000	Respond Naturally	HoneyNutCheerios	5.0000	5.0000	5.0000	5	1.0000	1.0582	0.5205	0.0024	0.0000	0.5205	0.3340	1.0000	0.3145	0.3145	-0.0000	0.4836
96.0000	65.0000	Respond Naturally	Snickers	2.0000	6.0000	1.0000	2	-1.0000	1.1257	0.3359	0.1663	1.0000	0.6552	0.3380	1.0000	0.5393	0.5393	-0.0000	1.3991
96.0000	66.0000	Respond Naturally	Celery	1.0000	1.0000	6.0000	4	-1.0000	0.9743	0.3023	-0.1146	1.0000	0.5376	0.3820	1.0000	0.4416	0.4421	-0.0006	1.0145
96.0000	67.0000	Respond Naturally	RaisinBran	6.0000	5.0000	5.0000	3	1.0000	0.9071	0.3527	-0.1964	0.0000	0.3527	0.2119	1.0000	0.2163	0.2172	-0.0009	0.4711
96.0000	68.0000	Respond Naturally	Orange	6.0000	6.0000	6.0000	1	1.0000	0.7057	0.3360	-0.3137	0.0000	0.3360	0.2554	1.0000	0.3510	0.3510	-0.0000	0.6651
96.0000	69.0000	Respond Naturally	WaterChestnuts	5.0000	5.0000	6.0000	5	1.0000	1.0752	0.2856	-0.0050	0.0000	0.2856	0.3004	1.0000	0.2176	0.2378	-0.0202	0.6259
96.0000	70.0000	Respond Naturally	Triscuit	5.0000	5.0000	5.0000	5	1.0000	1.0249	0.3696	-0.0630	0.0000	0.3696	0.1930	1.0000	0.1908	0.1920	-0.0012	0.3567
96.0000	71.0000	Focus on Health	ProMax	4.0000	5.0000	3.0000	2	1.0000	3.0908	0.6380	0.0000	5.0000	2.0830	0.5257	-1.0000	0.7330	0.7330	-0.0000	1.6245
96.0000	72.0000	Focus on Health	FrozenPeaches	6.0000	6.0000	6.0000	5	1.0000	1.0753	0.5040	NA	0.0000	0.5040	0.3012	1.0000	-0.0262	0.0134	-0.0396	0.1721
96.0000	73.0000	Focus on Health	FrozenBroccoli	6.0000	6.0000	6.0000	2	1.0000	0.6888	0.3023	0.1436	0.0000	0.3023	0.3060	1.0000	0.2640	0.2707	-0.0067	0.5138
96.0000	74.0000	Focus on Health	Avocado	6.0000	6.0000	6.0000	5	1.0000	0.7557	0.3525	0.0015	0.0000	0.3525	0.2924	1.0000	0.2308	0.2348	-0.0040	0.4379
96.0000	75.0000	Focus on Health	Doritos	4.0000	6.0000	2.0000	5	1.0000	0.8901	0.3023	-0.1757	0.0000	0.3023	0.2257	1.0000	0.0992	0.0992	-0.0000	0.5239
96.0000	76.0000	Focus on Health	MnMPlain	6.0000	6.0000	1.0000	5	1.0000	0.8231	0.4030	-0.2106	0.0000	0.4030	0.2912	1.0000	0.2574	0.2759	-0.0186	0.5034
96.0000	77.0000	Focus on Health	MnMPeanuts	6.0000	6.0000	1.0000	2	-1.0000	1.5286	0.5205	0.1328	2.0000	1.0917	0.3487	-1.0000	0.2655	0.2813	-0.0158	1.1174
96.0000	78.0000	Focus on Health	SlimStyles	1.0000	4.0000	4.0000	6	1.0000	1.6123	1.1249	0.0607	0.0000	1.1249	0.1337	1.0000	0.2794	0.2804	-0.0010	0.3795
96.0000	79.0000	Focus on Health	DriedApricots	5.0000	5.0000	6.0000	2	1.0000	0.8901	0.5204	-0.0129	0.0000	0.5204	0.2549	1.0000	0.1950	0.1950	-0.0000	0.2943
96.0000	80.0000	Focus on Health	RiceKrispiesCereal	6.0000	6.0000	5.0000	3	1.0000	1.6464	0.6718	-0.0055	4.0000	1.2600	0.3746	1.0000	0.4444	0.4474	-0.0031	1.5791
96.0000	81.0000	Respond Naturally	VanillaGreekYogurt	5.0000	6.0000	5.0000	4	1.0000	0.8401	0.3696	0.0000	0.0000	0.3696	0.1966	1.0000	0.0247	0.0304	-0.0057	0.0737
96.0000	82.0000	Respond Naturally	Skittles	6.0000	6.0000	1.0000	3	1.0000	0.9407	0.3695	-0.2974	0.0000	0.3695	0.2801	1.0000	0.2073	0.2144	-0.0071	0.4098
96.0000	83.0000	Respond Naturally	Shreddies	5.0000	5.0000	5.0000	5	1.0000	0.9908	0.2854	-0.1524	0.0000	0.2854	0.2998	1.0000	0.0277	0.0867	-0.0590	0.2811
96.0000	84.0000	Respond Naturally	Mentos	4.0000	5.0000	3.0000	2	1.0000	0.9744	0.2855	0.2928	2.0000	0.6720	0.3383	1.0000	0.1101	0.1474	-0.0372	0.5205
96.0000	85.0000	Respond Naturally	RiceKrispiesCereal	6.0000	5.0000	5.0000	7	1.0000	0.8233	0.2686	0.0000	0.0000	0.2686	0.2437	1.0000	0.0562	0.0562	-0.0000	0.1857
96.0000	86.0000	Respond Naturally	FrozenPeaches	6.0000	6.0000	6.0000	2	1.0000	1.1590	0.5707	0.0014	0.0000	0.5707	0.3013	1.0000	0.1759	0.2043	-0.0284	0.3670
96.0000	87.0000	Respond Naturally	SevenGrain	4.0000	5.0000	4.0000	3	1.0000	1.8809	1.4104	-0.0600	0.0000	1.4104	0.2604	1.0000	0.2151	0.2151	-0.0001	0.2801
96.0000	88.0000	Respond Naturally	BBQCrisps	5.0000	4.0000	3.0000	2	1.0000	1.3772	0.6545	0.0085	0.0000	0.6545	0.1801	1.0000	0.1545	0.1545	-0.0000	0.2910
96.0000	89.0000	Respond Naturally	Doritos	4.0000	6.0000	2.0000	2	-1.0000	1.6625	0.6212	0.1082	0.0000	0.6212	0.2316	-1.0000	0.1454	0.1454	-0.0000	0.3458
96.0000	90.0000	Respond Naturally	FrozenBlueberries	6.0000	6.0000	6.0000	1	1.0000	0.7897	0.3696	-0.0874	0.0000	0.3696	0.2914	1.0000	0.1786	0.1977	-0.0191	0.3689
96.0000	91.0000	Focus on Health	Cauliflower	5.0000	6.0000	6.0000	6	1.0000	0.8898	0.4531	-0.0681	0.0000	0.4531	0.4361	1.0000	0.2377	0.2492	-0.0115	0.4351
96.0000	92.0000	Focus on Health	OatmealSquares	5.0000	5.0000	5.0000	3	1.0000	1.4609	0.6042	-0.2609	0.0000	0.6042	0.2810	1.0000	0.2808	0.2808	-0.0000	0.5509
96.0000	93.0000	Focus on Health	Aero	6.0000	6.0000	1.0000	3	-1.0000	0.8398	0.3861	0.1383	1.0000	0.5037	0.3577	1.0000	0.2312	0.2371	-0.0058	0.6571
96.0000	94.0000	Focus on Health	PopTartStrawberry	4.0000	5.0000	3.0000	5	-1.0000	1.0245	0.6716	0.0928	0.0000	0.6716	0.2208	-1.0000	0.2493	0.2493	-0.0000	0.3482
96.0000	95.0000	Focus on Health	SlimStyles	1.0000	4.0000	4.0000	2	1.0000	1.3101	0.4534	-0.0843	0.0000	0.4534	0.1681	1.0000	0.1159	0.1159	-0.0000	0.3130
96.0000	96.0000	Focus on Health	MnMPeanuts	6.0000	6.0000	2.0000	4	-1.0000	0.9408	0.3863	-0.1755	1.0000	0.5543	0.3123	1.0000	0.3763	0.3859	-0.0096	1.1801
96.0000	97.0000	Focus on Health	FrozenBlueberries	6.0000	6.0000	6.0000	3	1.0000	1.2095	0.4703	0.0953	0.0000	0.4703	0.1877	1.0000	0.1733	0.1733	-0.0000	0.3731
96.0000	98.0000	Focus on Health	BabyFoodCarrots	6.0000	6.0000	5.0000	5	1.0000	1.7476	0.3024	-0.2708	1.0000	0.9579	0.2295	-1.0000	0.4579	0.4579	-0.0000	1.2045
96.0000	99.0000	Focus on Health	GreenBeans	6.0000	6.0000	6.0000	4	1.0000	0.7728	0.3695	-0.3377	0.0000	0.3695	0.2196	1.0000	0.2290	0.2377	-0.0087	0.4145
96.0000	100.0000	Focus on Health	FrootLoops	6.0000	6.0000	6.0000	6	1.0000	1.3779	0.3862	-0.0997	1.0000	0.9577	0.3457	-1.0000	0.5136	0.5136	-0.0000	1.2986
96.0000	101.0000	Respond Naturally	Starburst	6.0000	6.0000	2.0000	3	1.0000	1.7638	0.4870	-0.0619	2.0000	1.4781	0.1868	1.0000	0.2062	0.2062	-0.0000	0.3219
96.0000	102.0000	Respond Naturally	Smartfood	6.0000	5.0000	3.0000	4	1.0000	0.8231	0.3525	-0.0027	0.0000	0.3525	0.1912	1.0000	0.1374	0.1374	-0.0000	0.2421
96.0000	103.0000	Respond Naturally	PureFit	5.0000	4.0000	4.0000	2	1.0000	0.9911	0.3023	-0.1096	0.0000	0.3023	0.2098	1.0000	0.2565	0.2565	-0.0000	0.3640
96.0000	104.0000	Respond Naturally	KashiBars	4.0000	5.0000	4.0000	4	1.0000	0.8233	0.3527	0.0096	0.0000	0.3527	0.2875	1.0000	0.1157	0.1298	-0.0140	0.2580
96.0000	105.0000	Respond Naturally	BrusselsSprouts	6.0000	6.0000	6.0000	2	1.0000	0.7390	0.4029	-0.1350	0.0000	0.4029	0.2691	1.0000	0.2295	0.2295	-0.0000	0.3495
96.0000	106.0000	Respond Naturally	TofuDessert	5.0000	6.0000	5.0000	4	1.0000	1.8477	0.2353	-0.1071	0.0000	0.2353	0.1115	1.0000	0.0756	0.0757	-0.0002	0.3028
96.0000	107.0000	Respond Naturally	WelchsFruitSnacks	1.0000	6.0000	1.0000	1	-1.0000	2.5196	0.7050	0.0200	2.0000	2.1164	0.3097	-1.0000	0.3914	0.4024	-0.0110	1.3152
96.0000	108.0000	Respond Naturally	BabyFoodCarrots	6.0000	6.0000	5.0000	3	1.0000	1.2096	0.5374	0.1174	0.0000	0.5374	0.2038	1.0000	0.1243	0.1324	-0.0081	0.2813
96.0000	109.0000	Respond Naturally	Smarties	6.0000	6.0000	1.0000	5	1.0000	1.4278	0.4535	0.0011	0.0000	0.4535	0.1812	1.0000	0.1213	0.1269	-0.0056	0.3078
96.0000	110.0000	Respond Naturally	Cheerios	5.0000	5.0000	4.0000	5	1.0000	0.8063	0.4030	-0.0102	0.0000	0.4030	0.2579	1.0000	0.1941	0.1966	-0.0025	0.3161
96.0000	111.0000	Focus on Health	BrusselsSprouts	6.0000	6.0000	6.0000	4	1.0000	0.9238	0.4701	-0.0867	0.0000	0.4701	0.1928	1.0000	0.0804	0.0899	-0.0094	0.1568
96.0000	112.0000	Focus on Health	GreenApple	6.0000	6.0000	6.0000	2	1.0000	1.3609	0.4031	-0.0810	0.0000	0.4031	0.1679	1.0000	0.1589	0.1596	-0.0008	0.3291
96.0000	113.0000	Focus on Health	PopTartStrawberry	4.0000	5.0000	2.0000	2	-1.0000	1.6458	0.5709	0.0465	0.0000	0.5709	0.2225	-1.0000	0.0636	0.0679	-0.0044	0.1813
96.0000	114.0000	Focus on Health	Tempeh	1.0000	5.0000	6.0000	2	1.0000	2.1499	1.4106	-0.0060	0.0000	1.4106	0.1892	1.0000	0.1595	0.1595	-0.0000	0.2367
96.0000	115.0000	Focus on Health	Onion	1.0000	1.0000	6.0000	2	1.0000	1.9649	0.4366	-0.3216	1.0000	0.8062	0.3812	-1.0000	0.3280	0.3326	-0.0046	1.2177
96.0000	116.0000	Focus on Health	IceCreamChocolate	6.0000	6.0000	3.0000	4	-1.0000	2.2173	0.7052	0.2274	4.0000	1.5286	0.4294	-1.0000	0.6650	0.6650	-0.0000	1.6693
96.0000	117.0000	Focus on Health	FrozenOkra	6.0000	6.0000	6.0000	5	1.0000	0.8904	0.3359	0.0043	0.0000	0.3359	0.2234	1.0000	0.0700	0.0715	-0.0015	0.1632
96.0000	118.0000	Focus on Health	Nutella	3.0000	2.0000	1.0000	1	-1.0000	1.1758	0.6381	0.1308	0.0000	0.6381	0.1447	-1.0000	0.1129	0.1300	-0.0171	0.2501
96.0000	119.0000	Focus on Health	Fritos	4.0000	5.0000	3.0000	5	-1.0000	1.0750	0.6884	0.1636	0.0000	0.6884	0.2591	-1.0000	0.2572	0.2572	-0.0000	0.3480
96.0000	120.0000	Focus on Health	YorkPeppermintPatties	5.0000	5.0000	3.0000	2	-1.0000	1.8307	0.5206	0.1489	2.0000	1.3268	0.4321	-1.0000	0.3801	0.3817	-0.0016	1.3818
96.0000	121.0000	Respond Naturally	GreenGrapes	6.0000	6.0000	6.0000	1	1.0000	1.2600	0.5709	0.0064	0.0000	0.5709	0.1072	1.0000	0.0577	0.0599	-0.0022	0.0957
96.0000	122.0000	Respond Naturally	Avocado	6.0000	6.0000	6.0000	2	1.0000	1.1924	0.4198	-0.0946	0.0000	0.4198	0.3742	1.0000	0.0761	0.0909	-0.0148	0.2429
96.0000	123.0000	Respond Naturally	MangoChunks	6.0000	6.0000	6.0000	5	1.0000	0.8232	0.3862	0.0046	0.0000	0.3862	0.2696	1.0000	0.2309	0.2309	-0.0000	0.3312
96.0000	124.0000	Respond Naturally	EnglishCucumber	6.0000	6.0000	6.0000	5	1.0000	0.7058	0.2521	0.1176	0.0000	0.2521	0.1248	1.0000	0.1166	0.1211	-0.0045	0.3831
96.0000	125.0000	Respond Naturally	LaysClassic	6.0000	6.0000	3.0000	4	1.0000	0.8734	0.3527	-0.1974	0.0000	0.3527	0.2509	1.0000	0.1181	0.1186	-0.0005	0.2469
96.0000	126.0000	Respond Naturally	FrozenPeas	6.0000	6.0000	6.0000	2	1.0000	0.6720	0.3023	-0.1275	0.0000	0.3023	0.2775	1.0000	0.1325	0.1325	-0.0000	0.2548
96.0000	127.0000	Respond Naturally	SlicedTurkey	1.0000	5.0000	6.0000	2	-1.0000	0.8733	0.5205	0.0192	0.0000	0.5205	0.2319	-1.0000	0.0947	0.0958	-0.0011	0.1474
96.0000	128.0000	Respond Naturally	Tuna	1.0000	4.0000	6.0000	2	-1.0000	0.8903	0.4702	-0.0267	0.0000	0.4702	0.2028	-1.0000	0.1612	0.1612	-0.0000	0.2216
96.0000	129.0000	Respond Naturally	Tuna	1.0000	4.0000	6.0000	4	-1.0000	1.1759	0.3527	-0.0584	0.0000	0.3527	0.3094	-1.0000	0.0343	0.0425	-0.0082	0.1310
96.0000	130.0000	Respond Naturally	Fritos	4.0000	5.0000	3.0000	2	1.0000	2.9556	0.2856	0.0194	2.0000	0.7391	0.3441	1.0000	0.6616	0.6616	-0.0000	1.4220
96.0000	131.0000	Focus on Health	SunChips	5.0000	6.0000	3.0000	2	-1.0000	1.9816	1.1417	0.2700	0.0000	1.1417	0.1766	-1.0000	0.1241	0.1272	-0.0031	0.2089
96.0000	132.0000	Focus on Health	GreenGrapes	6.0000	6.0000	6.0000	4	1.0000	0.6720	0.3191	0.0000	0.0000	0.3191	0.3087	1.0000	0.0561	0.0662	-0.0101	0.1374
96.0000	133.0000	Focus on Health	Orange	6.0000	6.0000	6.0000	5	1.0000	0.6554	0.2520	-0.0866	0.0000	0.2520	0.2071	1.0000	0.1965	0.1965	-0.0000	0.3914
96.0000	134.0000	Focus on Health	FrozenCorn	6.0000	6.0000	6.0000	4	1.0000	0.8906	0.3024	-0.3716	0.0000	0.3024	0.1770	1.0000	0.1173	0.1382	-0.0209	0.3838
96.0000	135.0000	Focus on Health	Broccoli	6.0000	6.0000	6.0000	4	1.0000	0.6888	0.3191	-0.0917	0.0000	0.3191	0.3127	1.0000	0.1696	0.1744	-0.0048	0.3396
96.0000	136.0000	Focus on Health	AllBranBar	5.0000	5.0000	5.0000	1	1.0000	1.4783	0.3022	-0.2033	4.0000	1.0920	0.4640	1.0000	0.2383	0.2690	-0.0307	0.9878
96.0000	137.0000	Focus on Health	BabyFoodSweetPotatos	1.0000	5.0000	5.0000	5	1.0000	1.8476	0.5707	-0.2193	2.0000	1.2426	0.5257	1.0000	0.3959	0.4164	-0.0204	1.6951
96.0000	138.0000	Focus on Health	FrozenPeas	6.0000	6.0000	6.0000	6	1.0000	0.6549	0.3188	-0.0091	0.0000	0.3188	0.2715	1.0000	0.2281	0.2281	-0.0000	0.3986
96.0000	139.0000	Focus on Health	Butternut	6.0000	6.0000	6.0000	7	1.0000	0.7221	0.3860	-0.2037	0.0000	0.3860	0.2733	1.0000	0.2399	0.2406	-0.0007	0.3840
96.0000	140.0000	Focus on Health	Celery	1.0000	1.0000	6.0000	2	1.0000	1.6636	0.3359	-0.1247	2.0000	1.0921	0.3011	1.0000	0.4555	0.4555	-0.0000	1.6121
96.0000	141.0000	Respond Naturally	GreenPepper	2.0000	2.0000	6.0000	2	-1.0000	2.0496	0.4199	-0.1187	2.0000	1.5791	0.3565	-1.0000	0.4816	0.4881	-0.0064	1.3172
96.0000	142.0000	Respond Naturally	OikosYogurt	6.0000	6.0000	6.0000	3	1.0000	0.8228	0.4364	-0.2320	0.0000	0.4364	0.2295	1.0000	0.3373	0.3386	-0.0013	0.5667
96.0000	143.0000	Respond Naturally	CoffeeCrisp	6.0000	6.0000	2.0000	1	1.0000	0.9072	0.1174	-0.4458	0.0000	0.1174	0.2168	1.0000	0.1741	0.1741	-0.0000	0.4987
96.0000	144.0000	Respond Naturally	Starburst	6.0000	6.0000	2.0000	6	1.0000	0.8064	0.3862	-0.1361	0.0000	0.3862	0.3012	1.0000	0.1267	0.1267	-0.0000	0.2377
96.0000	145.0000	Respond Naturally	Spinach	6.0000	6.0000	6.0000	2	1.0000	0.7557	0.3356	-0.0869	0.0000	0.3356	0.2406	1.0000	0.2055	0.2152	-0.0097	0.4113
96.0000	146.0000	Respond Naturally	Pringles	6.0000	6.0000	2.0000	2	1.0000	0.9407	0.3023	-0.1455	0.0000	0.3023	0.1942	1.0000	0.1363	0.1363	-0.0000	0.3399
96.0000	147.0000	Respond Naturally	NatureValleyChocolate	6.0000	6.0000	5.0000	1	1.0000	0.7224	0.2351	-0.1011	0.0000	0.2351	0.1914	1.0000	0.1069	0.1069	-0.0000	0.2479
96.0000	148.0000	Respond Naturally	PCChipCookie	4.0000	6.0000	2.0000	5	1.0000	0.9911	0.2353	-0.0095	0.0000	0.2353	0.2257	1.0000	0.1317	0.1367	-0.0050	0.4764
96.0000	149.0000	Respond Naturally	OikosYogurt	6.0000	6.0000	5.0000	6	1.0000	0.7727	0.3694	-0.2528	0.0000	0.3694	0.3076	1.0000	0.1919	0.2055	-0.0136	0.4369
96.0000	150.0000	Respond Naturally	RomaineLettuce	6.0000	6.0000	6.0000	2	1.0000	0.7728	0.3862	-0.2479	0.0000	0.3862	0.2703	1.0000	0.2162	0.2309	-0.0147	0.4151
96.0000	151.0000	Focus on Health	Mars	2.0000	5.0000	1.0000	4	-1.0000	1.6631	0.4367	-0.0187	0.0000	0.4367	0.1765	-1.0000	0.0711	0.0843	-0.0132	0.2604
96.0000	152.0000	Focus on Health	WaterChestnuts	4.0000	5.0000	5.0000	3	1.0000	0.8735	0.5038	-0.1293	0.0000	0.5038	0.1969	1.0000	0.1405	0.1439	-0.0034	0.4200
96.0000	153.0000	Focus on Health	DriedApricots	5.0000	5.0000	6.0000	5	1.0000	0.7728	0.3023	-0.0787	0.0000	0.3023	0.2253	1.0000	0.1528	0.1531	-0.0003	0.3475
96.0000	154.0000	Focus on Health	Mackerel	1.0000	4.0000	6.0000	3	1.0000	1.4615	0.4702	0.8158	1.0000	0.6382	0.9300	-1.0000	0.3766	0.5074	-0.1307	2.1473
96.0000	155.0000	Focus on Health	DriedHerring	1.0000	4.0000	6.0000	1	1.0000	1.2094	0.4531	0.0033	1.0000	0.6548	0.3179	-1.0000	0.2616	0.2789	-0.0173	0.9174
96.0000	156.0000	Focus on Health	Beets	3.0000	2.0000	6.0000	2	1.0000	1.2263	0.7894	-0.1179	0.0000	0.7894	0.2328	1.0000	0.1752	0.1890	-0.0138	0.3754
96.0000	157.0000	Focus on Health	IceCreamVanilla	6.0000	6.0000	3.0000	4	-1.0000	1.4782	0.4030	0.1433	1.0000	0.6382	0.5435	1.0000	0.4419	0.4545	-0.0126	1.2795
96.0000	158.0000	Focus on Health	Mentos	4.0000	5.0000	2.0000	5	-1.0000	1.6293	0.2856	0.1394	1.0000	1.1420	0.4471	1.0000	0.9196	0.9225	-0.0028	1.6188
96.0000	159.0000	Focus on Health	SpeltCakes	4.0000	5.0000	3.0000	5	-1.0000	1.6297	0.7558	0.2058	0.0000	0.7558	0.1805	-1.0000	0.1630	0.1756	-0.0126	0.3040
96.0000	160.0000	Focus on Health	SkimMilk	6.0000	6.0000	5.0000	4	1.0000	2.6530	0.6042	-0.0169	0.0000	0.6042	0.1524	1.0000	0.0836	0.0836	-0.0000	0.4133
96.0000	161.0000	Focus on Health	AllBranBar	5.0000	5.0000	4.0000	3	1.0000	1.5794	0.5207	-0.0225	1.0000	0.8568	0.1581	-1.0000	0.3089	0.3089	-0.0000	0.8483
96.0000	162.0000	Focus on Health	Asparagus	6.0000	6.0000	6.0000	6	1.0000	0.7725	0.4030	-0.0162	0.0000	0.4030	0.2373	1.0000	0.1766	0.1771	-0.0005	0.3114
96.0000	163.0000	Focus on Health	FrozenOkra	6.0000	6.0000	6.0000	2	1.0000	0.7225	0.3192	-0.3046	0.0000	0.3192	0.2898	1.0000	0.0994	0.0999	-0.0005	0.2090
96.0000	164.0000	Focus on Health	CannedArtichoke	4.0000	5.0000	6.0000	2	1.0000	1.0583	0.4870	0.0000	0.0000	0.4870	0.2580	1.0000	0.1865	0.1865	-0.0000	0.3163
96.0000	165.0000	Focus on Health	Onion	1.0000	1.0000	6.0000	4	1.0000	1.2936	0.6213	0.0021	0.0000	0.6213	0.2015	1.0000	0.1369	0.1369	-0.0000	0.2801
96.0000	166.0000	Focus on Health	CheeseNips	6.0000	5.0000	3.0000	2	1.0000	0.9741	0.3527	-0.1217	0.0000	0.3527	0.2362	1.0000	0.1448	0.1667	-0.0219	0.4019
96.0000	167.0000	Focus on Health	IceCreamChocolate	6.0000	6.0000	3.0000	1	1.0000	0.8230	0.4031	0.0064	0.0000	0.4031	0.4173	1.0000	0.1385	0.1418	-0.0033	0.2603
96.0000	168.0000	Focus on Health	AlmondMilk	3.0000	4.0000	6.0000	2	1.0000	1.3269	0.4365	-0.1754	0.0000	0.4365	0.2398	1.0000	0.1335	0.1335	-0.0000	0.2890
96.0000	169.0000	Focus on Health	Pringles	6.0000	6.0000	2.0000	5	1.0000	1.3771	0.4363	0.0000	0.0000	0.4363	0.2059	1.0000	0.0596	0.0633	-0.0037	0.2064
96.0000	170.0000	Focus on Health	TofuDessert	5.0000	5.0000	5.0000	2	1.0000	1.2933	0.5878	-0.2472	0.0000	0.5878	0.2075	1.0000	0.2732	0.2732	-0.0000	0.5546
96.0000	171.0000	Respond Naturally	Twizzlers	6.0000	6.0000	1.0000	2	1.0000	2.4860	0.5373	-0.0511	2.0000	1.8980	0.5018	1.0000	0.3603	0.3675	-0.0072	1.5104
96.0000	172.0000	Respond Naturally	HoneyNutCheerios	6.0000	5.0000	5.0000	2	1.0000	0.8735	0.4533	-0.1685	0.0000	0.4533	0.2378	1.0000	0.2184	0.2184	-0.0000	0.3586
96.0000	173.0000	Respond Naturally	Reese	6.0000	6.0000	1.0000	4	1.0000	1.0918	0.6380	-0.1227	0.0000	0.6380	0.3047	1.0000	0.2643	0.2643	-0.0000	0.3729
96.0000	174.0000	Respond Naturally	CornFlakes	6.0000	5.0000	5.0000	3	1.0000	1.8304	0.3863	-0.0091	0.0000	0.3863	0.2360	1.0000	0.0703	0.0703	-0.0000	0.3008
96.0000	175.0000	Respond Naturally	Almonds	6.0000	6.0000	6.0000	4	1.0000	1.4273	1.0240	0.2947	0.0000	1.0240	0.2570	1.0000	0.0859	0.0920	-0.0061	0.1284
96.0000	176.0000	Respond Naturally	AppleChips	6.0000	6.0000	4.0000	2	1.0000	0.7055	0.3023	0.0000	0.0000	0.3023	0.2797	1.0000	0.0923	0.0955	-0.0032	0.1991
96.0000	177.0000	Respond Naturally	VanillaGreekYogurt	6.0000	6.0000	6.0000	2	1.0000	0.5712	0.2688	0.1623	0.0000	0.2688	0.1913	1.0000	0.0920	0.0921	-0.0000	0.2620
96.0000	178.0000	Respond Naturally	Cheerios	6.0000	5.0000	5.0000	2	1.0000	0.5042	0.1344	0.5274	0.0000	0.1344	0.2458	1.0000	0.1178	0.1179	-0.0000	0.2286
96.0000	179.0000	Respond Naturally	WelchsFruitSnacks	1.0000	6.0000	1.0000	3	-1.0000	1.8479	1.3773	-0.0696	0.0000	1.3773	0.3368	-1.0000	0.1236	0.1311	-0.0075	0.2580
96.0000	180.0000	Respond Naturally	Raspberries	6.0000	6.0000	6.0000	4	1.0000	0.7728	0.3191	0.0173	0.0000	0.3191	0.2026	1.0000	0.0989	0.1041	-0.0052	0.1909
96.0000	181.0000	Respond Naturally	FrozenCorn	6.0000	6.0000	6.0000	2	1.0000	0.8062	0.4365	-0.0845	0.0000	0.4365	0.2643	1.0000	0.2005	0.2145	-0.0140	0.3692
96.0000	182.0000	Respond Naturally	DriedHerring	1.0000	4.0000	6.0000	3	-1.0000	0.9243	0.4369	-0.0863	0.0000	0.4369	0.2017	-1.0000	0.1398	0.1398	-0.0000	0.2601
96.0000	183.0000	Respond Naturally	SkimMilk	6.0000	6.0000	6.0000	1	1.0000	1.1253	0.4200	-0.2166	0.0000	0.4200	0.3515	1.0000	0.1570	0.1570	-0.0000	0.3877
96.0000	184.0000	Respond Naturally	ClifBar	5.0000	6.0000	3.0000	4	1.0000	1.0581	0.6884	-0.0915	0.0000	0.6884	0.2787	1.0000	0.2145	0.2261	-0.0117	0.3233
96.0000	185.0000	Respond Naturally	Cheetos	6.0000	6.0000	3.0000	3	1.0000	1.3103	0.7557	-0.1174	0.0000	0.7557	0.1116	1.0000	0.0711	0.0720	-0.0009	0.3256
96.0000	186.0000	Respond Naturally	SkittlesSour	6.0000	6.0000	1.0000	6	1.0000	0.9407	0.3695	-0.0339	0.0000	0.3695	0.1792	1.0000	0.1252	0.1342	-0.0090	0.2998
96.0000	187.0000	Respond Naturally	IceCreamVanilla	6.0000	6.0000	3.0000	1	1.0000	0.9577	0.5207	0.2837	0.0000	0.5207	0.2309	1.0000	0.1848	0.1848	-0.0000	0.3688
96.0000	188.0000	Respond Naturally	CannedArtichoke	4.0000	6.0000	6.0000	5	1.0000	1.3268	0.5204	0.1028	0.0000	0.5204	0.1571	1.0000	0.1074	0.1074	-0.0000	0.2023
96.0000	189.0000	Respond Naturally	CoffeeCrisp	6.0000	6.0000	1.0000	3	1.0000	0.9408	0.4366	-0.2017	0.0000	0.4366	0.2079	1.0000	0.2762	0.2762	-0.0000	0.4628
96.0000	190.0000	Respond Naturally	VegetableThins	4.0000	6.0000	3.0000	2	1.0000	0.9410	0.3191	0.0211	0.0000	0.3191	0.1607	1.0000	0.1444	0.1446	-0.0002	0.2788
96.0000	191.0000	Focus on Health	ClifBar	6.0000	5.0000	2.0000	2	1.0000	3.0574	0.5205	-0.1175	3.0000	2.5532	0.3662	-1.0000	0.3483	0.3493	-0.0010	1.3839
96.0000	192.0000	Focus on Health	GreenPepper	1.0000	1.0000	6.0000	6	1.0000	1.3778	0.3359	-0.0225	2.0000	0.8401	0.3391	1.0000	0.2949	0.3223	-0.0274	1.1897
96.0000	193.0000	Focus on Health	Smarties	6.0000	6.0000	1.0000	2	-1.0000	1.1757	0.3694	0.2476	1.0000	0.8398	0.4072	1.0000	0.5541	0.5541	-0.0001	1.2182
96.0000	194.0000	Focus on Health	RitzCrackers	6.0000	6.0000	3.0000	5	-1.0000	0.9239	0.5710	0.2573	0.0000	0.5710	0.3659	-1.0000	0.2452	0.2452	-0.0000	0.3258
96.0000	195.0000	Focus on Health	BBQCrisps	4.0000	5.0000	3.0000	6	-1.0000	0.9406	0.5205	0.0293	0.0000	0.5205	0.3349	-1.0000	0.0578	0.0578	-0.0000	0.0977
96.0000	196.0000	Focus on Health	PCChipCookie	4.0000	6.0000	2.0000	2	-1.0000	0.9909	0.5876	0.3549	0.0000	0.5876	0.3090	-1.0000	0.0233	0.0444	-0.0210	-0.1068
96.0000	197.0000	Focus on Health	Aero	6.0000	6.0000	1.0000	1	-1.0000	0.9408	0.4030	0.2597	0.0000	0.4030	0.1513	-1.0000	0.0132	0.0264	-0.0132	0.1668
96.0000	198.0000	Focus on Health	GreenApple	6.0000	6.0000	6.0000	4	1.0000	0.8736	0.3695	-0.1043	1.0000	0.5039	0.2938	-1.0000	0.1544	0.1631	-0.0088	0.4049
96.0000	199.0000	Focus on Health	KashiBars	5.0000	4.0000	5.0000	1	1.0000	1.8474	1.4105	-0.1383	0.0000	1.4105	0.2072	1.0000	0.1362	0.1366	-0.0004	0.3730
96.0000	200.0000	Focus on Health	RedPepper	3.0000	1.0000	6.0000	5	1.0000	1.2603	0.3696	-0.0570	1.0000	0.7729	0.4107	-1.0000	0.3840	0.3885	-0.0045	1.3136
