Subject	Trial	Instruction	Food	Liking	Taste	Health	Amount	Choice	ChoiceRT	FirstDevTimeChoice	InitAngleChoice	NumChangeMindChoice	FinalDevTimeChoice	MaxVelocityChoice	DrxFirstDevChoice	TotalAUCChoice	AUCtoNonChosenChoice	AUCtoChosenChoice	MaxDevChoice
82.0000	1.0000	Respond Naturally	Cheetos	6.0000	6.0000	2.0000	6	1.0000	1.9323	0.7560	0.1805	0.0000	0.7560	0.2083	1.0000	0.1225	0.1618	-0.0393	0.4422
82.0000	2.0000	Respond Naturally	Nutella	1.0000	1.0000	1.0000	4	-1.0000	1.4621	0.4201	0.0496	1.0000	0.6553	0.2642	1.0000	0.1543	0.2076	-0.0532	0.5835
82.0000	3.0000	Respond Naturally	RomaineLettuce	5.0000	5.0000	6.0000	2	-1.0000	1.4613	0.7555	0.1120	0.0000	0.7555	0.2385	-1.0000	0.0995	0.1426	-0.0431	0.2666
82.0000	4.0000	Respond Naturally	Asparagus	4.0000	4.0000	6.0000	3	-1.0000	1.3106	0.5376	-0.3314	0.0000	0.5376	0.2436	-1.0000	0.1396	0.1401	-0.0005	0.3099
82.0000	5.0000	Respond Naturally	Starburst	6.0000	6.0000	1.0000	3	1.0000	0.9074	0.3864	0.2284	0.0000	0.3864	0.2102	1.0000	0.1388	0.1388	-0.0000	0.2422
82.0000	6.0000	Respond Naturally	YorkPeppermintPatties	4.0000	4.0000	1.0000	4	-1.0000	1.5965	0.5884	-0.1148	0.0000	0.5884	0.1826	-1.0000	0.1913	0.2247	-0.0334	0.5377
82.0000	7.0000	Respond Naturally	SlimStyles	1.0000	1.0000	2.0000	6	-1.0000	1.0586	0.4872	0.0533	0.0000	0.4872	0.1962	-1.0000	0.0496	0.0730	-0.0234	0.1650
82.0000	8.0000	Respond Naturally	Starburst	5.0000	6.0000	1.0000	6	1.0000	1.7638	0.8901	-0.1144	0.0000	0.8901	0.1785	1.0000	0.1929	0.2013	-0.0084	0.3664
82.0000	9.0000	Respond Naturally	RufflesSourCreamOnion	6.0000	6.0000	2.0000	5	-1.0000	1.2766	0.8060	0.0791	0.0000	0.8060	0.1636	-1.0000	0.1186	0.1206	-0.0020	0.1891
82.0000	10.0000	Respond Naturally	Bananas	5.0000	6.0000	6.0000	2	-1.0000	1.5454	0.7220	0.0051	0.0000	0.7220	0.1838	-1.0000	0.0819	0.0834	-0.0015	0.1336
82.0000	11.0000	Focus on Health	Mackerel	5.0000	5.0000	5.0000	1	-1.0000	9.6383	7.6557	-0.0000	0.0000	7.6557	0.0501	-1.0000	0.1551	0.1561	-0.0010	0.1991
82.0000	12.0000	Focus on Health	Orange	6.0000	6.0000	6.0000	5	1.0000	1.8644	1.0913	0.0170	0.0000	1.0913	0.3301	1.0000	0.1326	0.1868	-0.0542	-0.5037
82.0000	13.0000	Focus on Health	PopTartStrawberry	4.0000	5.0000	1.0000	2	-1.0000	1.7806	1.0747	-0.2447	0.0000	1.0747	0.2009	-1.0000	0.1529	0.1620	-0.0091	0.2793
82.0000	14.0000	Focus on Health	VanillaGreekYogurt	5.0000	4.0000	4.0000	2	-1.0000	1.5622	0.8901	-0.1602	0.0000	0.8901	0.1142	-1.0000	0.1906	0.1906	-0.0000	0.2629
82.0000	15.0000	Focus on Health	WaterChestnuts	1.0000	1.0000	4.0000	5	-1.0000	4.1633	0.8727	-0.1973	0.0000	0.8727	0.1903	-1.0000	0.0379	0.0381	-0.0001	0.1776
82.0000	16.0000	Focus on Health	OatmealSquares	4.0000	5.0000	5.0000	3	-1.0000	2.8894	0.9404	-0.2430	0.0000	0.9404	0.1192	-1.0000	0.3000	0.3000	-0.0000	0.4222
82.0000	17.0000	Focus on Health	Fritos	6.0000	6.0000	1.0000	2	-1.0000	1.5284	0.8228	0.2298	0.0000	0.8228	0.1460	-1.0000	0.1598	0.1598	-0.0000	0.2449
82.0000	18.0000	Focus on Health	Strawberries	5.0000	6.0000	6.0000	3	1.0000	2.4857	1.7296	0.1089	0.0000	1.7296	0.0860	1.0000	0.2165	0.2166	-0.0002	0.2912
82.0000	19.0000	Focus on Health	RedPepper	5.0000	6.0000	6.0000	2	-1.0000	1.2096	0.6214	0.0462	0.0000	0.6214	0.1157	-1.0000	0.1537	0.1537	-0.0000	0.2736
82.0000	20.0000	Focus on Health	KashiBars	2.0000	1.0000	6.0000	1	-1.0000	1.1593	0.6215	-0.1765	0.0000	0.6215	0.1963	-1.0000	0.1798	0.1798	-0.0000	0.2791
82.0000	21.0000	Respond Naturally	GreenPepper	4.0000	5.0000	6.0000	2	-1.0000	1.1760	0.5375	-0.2438	0.0000	0.5375	0.2430	-1.0000	0.1091	0.1169	-0.0078	0.2263
82.0000	22.0000	Respond Naturally	Celery	4.0000	4.0000	6.0000	2	-1.0000	1.0920	0.5207	0.1521	0.0000	0.5207	0.2057	-1.0000	0.1417	0.1569	-0.0152	0.3225
82.0000	23.0000	Respond Naturally	IceCreamChocolate	2.0000	1.0000	2.0000	4	-1.0000	1.1256	0.6551	-0.0673	0.0000	0.6551	0.1921	-1.0000	0.2248	0.2250	-0.0002	0.3461
82.0000	24.0000	Respond Naturally	Prunes	1.0000	1.0000	6.0000	2	-1.0000	1.0251	0.4872	0.1110	0.0000	0.4872	0.0975	-1.0000	0.1756	0.1756	-0.0000	0.2929
82.0000	25.0000	Respond Naturally	CornFlakes	5.0000	5.0000	5.0000	6	-1.0000	2.5026	1.5785	-0.0000	0.0000	1.5785	0.1268	-1.0000	0.1913	0.1934	-0.0022	0.2885
82.0000	26.0000	Respond Naturally	Almonds	4.0000	5.0000	6.0000	4	-1.0000	1.2932	0.6716	-0.1277	0.0000	0.6716	0.3438	-1.0000	0.4053	0.4053	-0.0000	0.6145
82.0000	27.0000	Respond Naturally	SlicedTurkey	5.0000	4.0000	3.0000	5	-1.0000	0.9745	0.4705	-0.1192	0.0000	0.4705	0.1447	-1.0000	0.1334	0.1334	-0.0000	0.2291
82.0000	28.0000	Respond Naturally	FrozenBlueberries	4.0000	6.0000	6.0000	3	-1.0000	1.7979	0.5039	0.2150	0.0000	0.5039	0.2829	-1.0000	0.2069	0.2069	-0.0000	0.3814
82.0000	29.0000	Respond Naturally	SkimMilk	6.0000	6.0000	6.0000	1	-1.0000	1.0754	0.5712	-0.0387	0.0000	0.5712	0.2394	-1.0000	0.1752	0.1880	-0.0128	0.3569
82.0000	30.0000	Respond Naturally	OatBran	6.0000	4.0000	6.0000	2	-1.0000	1.4448	0.6549	0.3390	0.0000	0.6549	0.1177	-1.0000	0.1283	0.1286	-0.0004	0.2481
82.0000	31.0000	Focus on Health	ClifBar	3.0000	2.0000	2.0000	2	-1.0000	3.4091	0.9907	-0.0346	0.0000	0.9907	0.0727	-1.0000	0.1327	0.1327	-0.0000	0.2691
82.0000	32.0000	Focus on Health	RomaineLettuce	4.0000	5.0000	6.0000	4	-1.0000	2.4190	1.5452	-0.4045	0.0000	1.5452	0.1548	-1.0000	0.2188	0.2188	-0.0000	0.3625
82.0000	33.0000	Focus on Health	CoffeeCrisp	6.0000	6.0000	1.0000	3	1.0000	9.3533	2.4855	0.1828	0.0000	2.4855	0.1555	1.0000	0.0973	0.0985	-0.0012	0.3504
82.0000	34.0000	Focus on Health	Triscuit	3.0000	4.0000	3.0000	2	-1.0000	1.4783	0.7725	-0.3379	0.0000	0.7725	0.3025	-1.0000	0.1779	0.1954	-0.0175	0.3704
82.0000	35.0000	Focus on Health	Smarties	5.0000	6.0000	2.0000	2	-1.0000	1.8811	1.3265	-0.3784	0.0000	1.3265	0.1441	-1.0000	0.1623	0.1671	-0.0049	0.2297
82.0000	36.0000	Focus on Health	Almonds	4.0000	5.0000	4.0000	2	-1.0000	2.1164	0.8060	0.1088	0.0000	0.8060	0.1607	-1.0000	0.0486	0.0734	-0.0247	0.1691
82.0000	37.0000	Focus on Health	FrozenBlueberries	4.0000	4.0000	6.0000	1	-1.0000	1.2265	0.6215	0.2040	0.0000	0.6215	0.1758	-1.0000	0.2347	0.2347	-0.0000	0.3474
82.0000	38.0000	Focus on Health	FrootLoops	5.0000	6.0000	2.0000	6	1.0000	2.9562	1.6122	-0.1045	2.0000	2.3682	0.2180	1.0000	0.3113	0.3113	-0.0000	0.4478
82.0000	39.0000	Focus on Health	Pringles	6.0000	6.0000	2.0000	2	-1.0000	1.8813	0.8901	-0.0825	0.0000	0.8901	0.1884	-1.0000	0.1440	0.1440	-0.0000	0.2662
82.0000	40.0000	Focus on Health	AlmondMilk	6.0000	6.0000	6.0000	4	-1.0000	1.8644	1.3940	-0.2829	0.0000	1.3940	0.2593	-1.0000	0.1651	0.1651	-0.0000	0.2376
82.0000	41.0000	Respond Naturally	OikosYogurt	5.0000	4.0000	4.0000	6	1.0000	2.0328	1.1256	0.0117	0.0000	1.1256	0.1815	1.0000	0.2714	0.2917	-0.0203	0.5738
82.0000	42.0000	Respond Naturally	Spinach	4.0000	4.0000	6.0000	4	-1.0000	1.2938	0.3864	-0.1876	0.0000	0.3864	0.2413	-1.0000	0.2086	0.2086	-0.0000	0.3440
82.0000	43.0000	Respond Naturally	Fritos	6.0000	6.0000	1.0000	5	1.0000	1.2600	0.8230	0.1873	0.0000	0.8230	0.2424	1.0000	0.2239	0.2472	-0.0233	0.3935
82.0000	44.0000	Respond Naturally	BabyFoodCarrots	1.0000	1.0000	6.0000	3	-1.0000	0.9915	0.4537	-0.2709	0.0000	0.4537	0.2045	-1.0000	0.0939	0.1031	-0.0092	0.2301
82.0000	45.0000	Respond Naturally	BBQCrisps	6.0000	6.0000	2.0000	6	1.0000	1.1595	0.3698	0.2506	0.0000	0.3698	0.1376	1.0000	0.0716	0.0723	-0.0007	0.2122
82.0000	46.0000	Respond Naturally	Tempeh	1.0000	1.0000	3.0000	2	-1.0000	0.9746	0.4706	-0.1380	0.0000	0.4706	0.1239	-1.0000	0.0956	0.0956	-0.0000	0.1925
82.0000	47.0000	Respond Naturally	Reese	1.0000	1.0000	1.0000	4	-1.0000	1.0754	0.5040	0.1265	0.0000	0.5040	0.1746	-1.0000	0.1272	0.1391	-0.0119	0.2714
82.0000	48.0000	Respond Naturally	KashiBars	1.0000	2.0000	6.0000	4	-1.0000	1.0753	0.5880	-0.3946	0.0000	0.5880	0.1481	-1.0000	0.1966	0.1966	-0.0000	0.3173
82.0000	49.0000	Respond Naturally	Cauliflower	2.0000	4.0000	6.0000	6	-1.0000	1.0921	0.6384	0.1007	0.0000	0.6384	0.1486	-1.0000	0.1829	0.1829	-0.0000	0.3021
82.0000	50.0000	Respond Naturally	DriedHerring	5.0000	5.0000	5.0000	3	-1.0000	1.9491	0.7559	-0.0650	0.0000	0.7559	0.0609	-1.0000	0.1637	0.1637	-0.0000	0.2366
82.0000	51.0000	Focus on Health	GreenApple	2.0000	4.0000	6.0000	2	1.0000	7.3220	1.7970	0.0702	1.0000	6.1122	0.3434	-1.0000	0.9639	0.9658	-0.0019	1.5139
82.0000	52.0000	Focus on Health	LaysClassic	6.0000	6.0000	2.0000	3	-1.0000	1.3104	0.8399	0.0999	0.0000	0.8399	0.1650	-1.0000	0.1567	0.1567	-0.0000	0.2774
82.0000	53.0000	Focus on Health	RitzCrackers	5.0000	6.0000	2.0000	2	-1.0000	0.9914	0.4873	-0.1473	0.0000	0.4873	0.2002	-1.0000	0.1278	0.1278	-0.0000	0.2018
82.0000	54.0000	Focus on Health	IceCreamVanilla	2.0000	2.0000	2.0000	1	-1.0000	1.5123	0.4537	0.0233	1.0000	0.5714	0.1744	1.0000	0.1100	0.1100	-0.0000	0.1788
82.0000	55.0000	Focus on Health	Mentos	5.0000	6.0000	5.0000	5	-1.0000	2.6709	0.8234	-0.1064	1.0000	2.2339	0.1426	1.0000	0.2415	0.2415	-0.0000	0.3092
82.0000	56.0000	Focus on Health	FrozenPeaches	6.0000	6.0000	6.0000	5	1.0000	1.4790	0.3530	-0.1017	1.0000	0.8067	0.1593	-1.0000	0.2509	0.2510	-0.0000	0.4374
82.0000	57.0000	Focus on Health	Snickers	1.0000	1.0000	2.0000	2	-1.0000	1.7808	0.7559	0.0061	0.0000	0.7559	0.3431	-1.0000	0.0447	0.0867	-0.0420	0.2153
82.0000	58.0000	Focus on Health	Avocado	6.0000	6.0000	6.0000	2	-1.0000	4.0321	0.6387	0.1281	2.0000	1.6975	0.2656	-1.0000	0.3535	0.3893	-0.0357	1.6210
82.0000	59.0000	Focus on Health	Mackerel	5.0000	5.0000	5.0000	3	1.0000	2.3349	1.4778	0.0000	0.0000	1.4778	0.1531	1.0000	0.1857	0.1870	-0.0013	0.2958
82.0000	60.0000	Focus on Health	BabyFoodSweetPotatos	1.0000	4.0000	4.0000	5	1.0000	2.2183	0.4871	-0.1207	1.0000	1.4283	0.1071	-1.0000	0.5823	0.5837	-0.0013	1.1687
82.0000	61.0000	Respond Naturally	Twizzlers	6.0000	6.0000	1.0000	4	1.0000	2.4694	0.6049	0.0384	0.0000	0.6049	0.1626	1.0000	0.0623	0.0638	-0.0015	0.2602
82.0000	62.0000	Respond Naturally	GreenApple	3.0000	4.0000	6.0000	4	1.0000	1.6466	0.8567	0.3040	0.0000	0.8567	0.2013	1.0000	0.0765	0.0917	-0.0152	0.2139
82.0000	63.0000	Respond Naturally	VegetableThins	4.0000	4.0000	2.0000	2	-1.0000	2.4533	0.9914	-0.0446	0.0000	0.9914	0.0601	-1.0000	0.1257	0.1258	-0.0001	0.3630
82.0000	64.0000	Respond Naturally	RitzCrackers	5.0000	6.0000	2.0000	5	-1.0000	3.2254	0.5547	-0.1924	0.0000	0.5547	0.0880	-1.0000	0.1349	0.1349	-0.0000	0.4168
82.0000	65.0000	Respond Naturally	TofuDessert	2.0000	2.0000	4.0000	4	-1.0000	1.3275	0.7057	-0.3437	0.0000	0.7057	0.1568	-1.0000	0.1330	0.1395	-0.0065	0.2809
82.0000	66.0000	Respond Naturally	Onion	3.0000	4.0000	6.0000	2	-1.0000	1.0251	0.3360	0.0136	0.0000	0.3360	0.0893	-1.0000	0.1658	0.1658	-0.0000	0.3339
82.0000	67.0000	Respond Naturally	ProMax	1.0000	1.0000	3.0000	2	-1.0000	1.6293	0.9742	-0.1464	0.0000	0.9742	0.1480	-1.0000	0.3507	0.3509	-0.0002	0.5406
82.0000	68.0000	Respond Naturally	MnMPeanuts	1.0000	1.0000	2.0000	4	-1.0000	1.1763	0.6721	-0.3501	0.0000	0.6721	0.1647	-1.0000	0.1572	0.1646	-0.0074	0.2679
82.0000	69.0000	Respond Naturally	CheeseNips	6.0000	6.0000	2.0000	5	1.0000	1.0588	0.6050	0.2475	0.0000	0.6050	0.1058	1.0000	0.2077	0.2081	-0.0004	0.3646
82.0000	70.0000	Respond Naturally	Smarties	4.0000	6.0000	2.0000	5	1.0000	0.8739	0.4537	0.2385	0.0000	0.4537	0.1500	1.0000	0.0802	0.0840	-0.0037	0.1817
82.0000	71.0000	Focus on Health	ClamJuice	1.0000	1.0000	1.0000	1	-1.0000	5.8780	1.3769	-0.3390	1.0000	2.3349	0.3195	1.0000	0.3144	0.3162	-0.0017	1.3586
82.0000	72.0000	Focus on Health	Broccoli	2.0000	3.0000	6.0000	4	-1.0000	1.9155	0.3024	-0.2064	2.0000	0.7899	0.3702	-1.0000	0.3281	0.3306	-0.0025	1.0954
82.0000	73.0000	Focus on Health	EnglishCucumber	4.0000	5.0000	6.0000	5	-1.0000	3.2592	0.6215	-0.2778	2.0000	2.4529	0.2881	-1.0000	0.4697	0.4843	-0.0146	1.1330
82.0000	74.0000	Focus on Health	IceCreamChocolate	2.0000	1.0000	1.0000	1	-1.0000	2.1003	1.1425	-0.2303	0.0000	1.1425	0.1706	-1.0000	0.2129	0.2129	-0.0000	0.4055
82.0000	75.0000	Focus on Health	TofuDessert	2.0000	2.0000	4.0000	2	-1.0000	0.9411	0.4538	-0.0877	0.0000	0.4538	0.1853	-1.0000	0.1530	0.1530	-0.0000	0.2504
82.0000	76.0000	Focus on Health	MangoChunks	6.0000	6.0000	6.0000	2	-1.0000	5.8125	0.4369	-0.0000	5.0000	4.2167	0.6067	1.0000	0.4746	0.5182	-0.0436	1.9328
82.0000	77.0000	Focus on Health	Doritos	5.0000	6.0000	2.0000	2	-1.0000	1.3607	0.7222	0.0102	0.0000	0.7222	0.3805	-1.0000	0.2088	0.2574	-0.0486	0.4622
82.0000	78.0000	Focus on Health	AllBranBar	3.0000	4.0000	4.0000	1	-1.0000	5.1912	0.4873	0.5102	2.0000	3.2762	0.0896	-1.0000	0.2564	0.2565	-0.0001	0.7570
82.0000	79.0000	Focus on Health	AllBranCereal	2.0000	2.0000	5.0000	2	-1.0000	5.8803	0.2183	-0.6452	2.0000	4.5191	0.2936	-1.0000	0.3639	0.3780	-0.0141	1.7147
82.0000	80.0000	Focus on Health	GreenGrapes	6.0000	6.0000	6.0000	1	-1.0000	4.5691	0.7727	-0.0000	2.0000	2.3521	0.1281	-1.0000	0.3334	0.3334	-0.0000	0.6763
82.0000	81.0000	Focus on Health	ClamJuice	1.0000	1.0000	4.0000	3	-1.0000	1.6129	0.5880	-0.1871	0.0000	0.5880	0.1180	-1.0000	0.1850	0.1850	-0.0000	0.3515
82.0000	82.0000	Focus on Health	GreenGrapes	6.0000	6.0000	6.0000	4	1.0000	1.5127	0.2353	-0.2171	1.0000	0.7900	0.1491	-1.0000	0.5905	0.5920	-0.0015	1.2373
82.0000	83.0000	Focus on Health	Raspberries	3.0000	6.0000	5.0000	4	1.0000	2.5544	0.9581	0.1455	0.0000	0.9581	0.0938	1.0000	0.1372	0.1375	-0.0003	0.2232
82.0000	84.0000	Focus on Health	Shreddies	5.0000	6.0000	4.0000	2	-1.0000	1.2434	0.5042	-0.7182	0.0000	0.5042	0.2047	-1.0000	0.1794	0.1794	-0.0000	0.3720
82.0000	85.0000	Focus on Health	Bananas	5.0000	6.0000	6.0000	3	1.0000	1.7980	0.4538	0.2316	1.0000	0.7563	0.2416	-1.0000	0.2106	0.2281	-0.0175	0.9586
82.0000	86.0000	Focus on Health	SkittlesSour	6.0000	6.0000	1.0000	3	-1.0000	1.3611	0.3865	-0.4686	0.0000	0.3865	0.2984	-1.0000	0.1408	0.1992	-0.0584	0.5303
82.0000	87.0000	Focus on Health	CannedArtichoke	1.0000	1.0000	5.0000	2	-1.0000	1.6128	0.4198	0.2452	1.0000	0.7223	0.1376	1.0000	0.2281	0.2281	-0.0000	0.5157
82.0000	88.0000	Focus on Health	FrozenPeas	2.0000	4.0000	4.0000	6	-1.0000	9.9901	0.8232	-0.0690	0.0000	0.8232	0.1846	-1.0000	0.0389	0.0404	-0.0015	0.5103
82.0000	89.0000	Focus on Health	BabyFoodSweetPotatos	1.0000	4.0000	2.0000	2	-1.0000	3.3601	0.8062	-0.0774	2.0000	2.8393	0.2677	-1.0000	0.4452	0.4461	-0.0009	1.2774
82.0000	90.0000	Focus on Health	Pringles	5.0000	5.0000	1.0000	5	1.0000	1.4449	0.6889	-0.0646	0.0000	0.6889	0.1893	1.0000	0.2479	0.2479	-0.0000	0.4620
82.0000	91.0000	Respond Naturally	Shreddies	5.0000	5.0000	5.0000	5	1.0000	1.1424	0.5879	-0.3986	0.0000	0.5879	0.3046	1.0000	0.2502	0.2502	-0.0000	0.3996
82.0000	92.0000	Respond Naturally	Prunes	1.0000	1.0000	6.0000	5	-1.0000	2.1834	0.5040	-0.3812	0.0000	0.5040	0.1387	-1.0000	0.1373	0.1374	-0.0001	0.4673
82.0000	93.0000	Respond Naturally	Smartfood	4.0000	5.0000	2.0000	4	1.0000	1.2770	0.4872	0.1531	0.0000	0.4872	0.1705	1.0000	0.0462	0.0906	-0.0443	-0.3624
82.0000	94.0000	Respond Naturally	Mars	4.0000	1.0000	1.0000	4	-1.0000	2.0503	0.3697	-0.3463	0.0000	0.3697	0.1430	-1.0000	0.1558	0.1558	-0.0000	0.4216
82.0000	95.0000	Respond Naturally	FrozenBroccoli	3.0000	4.0000	6.0000	2	-1.0000	1.0249	0.6216	-0.2644	0.0000	0.6216	0.2281	-1.0000	0.2434	0.2434	-0.0000	0.4128
82.0000	96.0000	Respond Naturally	FrozenOkra	1.0000	1.0000	6.0000	2	-1.0000	2.1345	0.3698	-0.2096	2.0000	1.1261	0.1166	-1.0000	0.4107	0.4107	-0.0000	0.9654
82.0000	97.0000	Respond Naturally	GreenBeans	4.0000	4.0000	5.0000	2	-1.0000	1.0589	0.1681	-0.3312	0.0000	0.1681	0.0965	-1.0000	0.1249	0.1294	-0.0045	0.3055
82.0000	98.0000	Respond Naturally	IceCreamVanilla	2.0000	1.0000	2.0000	4	-1.0000	1.7478	0.1681	0.0070	2.0000	1.1092	0.2093	-1.0000	0.3394	0.3399	-0.0005	1.0193
82.0000	99.0000	Respond Naturally	CheeseNips	6.0000	6.0000	2.0000	2	-1.0000	1.1928	0.4871	-0.0842	0.0000	0.4871	0.2716	-1.0000	0.1899	0.2348	-0.0449	0.4863
82.0000	100.0000	Respond Naturally	MnMPeanuts	1.0000	1.0000	1.0000	2	-1.0000	0.8402	0.1344	-0.3291	0.0000	0.1344	0.2659	-1.0000	0.3002	0.3002	-0.0000	0.5752
82.0000	101.0000	Focus on Health	Smartfood	5.0000	6.0000	1.0000	2	-1.0000	1.3946	0.2185	0.1008	1.0000	0.5376	0.1382	1.0000	0.1130	0.1130	-0.0000	0.4014
82.0000	102.0000	Focus on Health	AppleChips	3.0000	1.0000	2.0000	2	-1.0000	1.4958	0.2017	0.0906	0.0000	0.2017	0.1375	-1.0000	0.0657	0.0863	-0.0206	0.2628
82.0000	103.0000	Focus on Health	PureFit	1.0000	1.0000	2.0000	4	-1.0000	1.3944	0.2016	-0.2281	0.0000	0.2016	0.2119	-1.0000	0.1664	0.1664	-0.0000	0.2417
82.0000	104.0000	Focus on Health	Caramilk	6.0000	6.0000	2.0000	5	1.0000	1.7813	0.4537	-0.0328	1.0000	0.8737	0.2737	-1.0000	0.2796	0.2824	-0.0028	0.6526
82.0000	105.0000	Focus on Health	Caramilk	5.0000	6.0000	1.0000	2	-1.0000	1.5121	0.9071	-0.4558	0.0000	0.9071	0.1660	-1.0000	0.0376	0.0576	-0.0200	-0.1204
82.0000	106.0000	Focus on Health	FrozenCorn	5.0000	6.0000	6.0000	2	-1.0000	2.9073	0.2016	0.5768	3.0000	2.3023	0.1822	1.0000	0.4650	0.4659	-0.0009	1.4506
82.0000	107.0000	Focus on Health	Mars	6.0000	6.0000	2.0000	2	-1.0000	1.4282	0.6216	0.4344	0.0000	0.6216	0.0978	-1.0000	0.1165	0.1165	-0.0000	0.1957
82.0000	108.0000	Focus on Health	SunChips	6.0000	6.0000	1.0000	4	-1.0000	1.5796	0.7393	0.2594	0.0000	0.7393	0.0757	-1.0000	0.0333	0.0382	-0.0049	0.0830
82.0000	109.0000	Focus on Health	OikosYogurt	4.0000	4.0000	4.0000	3	-1.0000	2.7385	0.5544	0.1734	0.0000	0.5544	0.0819	-1.0000	0.0550	0.0550	-0.0000	0.1455
82.0000	110.0000	Focus on Health	FrootLoops	5.0000	6.0000	2.0000	2	-1.0000	1.4452	0.7561	0.0747	0.0000	0.7561	0.1074	-1.0000	0.1596	0.1596	-0.0000	0.2397
82.0000	111.0000	Respond Naturally	ProMax	1.0000	1.0000	2.0000	4	-1.0000	0.9411	0.3529	-0.1187	0.0000	0.3529	0.1541	-1.0000	0.2377	0.2377	-0.0000	0.4209
82.0000	112.0000	Respond Naturally	RiceKrispiesCereal	5.0000	5.0000	4.0000	7	1.0000	1.3446	0.2689	0.1236	1.0000	0.6891	0.1132	-1.0000	0.2251	0.2404	-0.0152	0.5081
82.0000	113.0000	Respond Naturally	Onion	3.0000	4.0000	6.0000	4	-1.0000	0.9413	0.2521	-0.2857	0.0000	0.2521	0.0967	-1.0000	0.2026	0.2026	-0.0000	0.3351
82.0000	114.0000	Respond Naturally	SkittlesSour	6.0000	6.0000	2.0000	6	1.0000	2.1332	0.2689	0.2507	1.0000	0.7059	0.1540	-1.0000	0.2052	0.2056	-0.0004	0.7791
82.0000	115.0000	Respond Naturally	BrusselsSprouts	1.0000	1.0000	6.0000	2	-1.0000	1.1595	0.2017	-0.2608	0.0000	0.2017	0.0841	-1.0000	0.1639	0.1639	-0.0000	0.3395
82.0000	116.0000	Respond Naturally	PCChipCookie	5.0000	6.0000	2.0000	5	-1.0000	1.1091	0.1344	-0.0187	0.0000	0.1344	0.1403	-1.0000	0.2976	0.3014	-0.0038	0.6048
82.0000	117.0000	Respond Naturally	YorkPeppermintPatties	4.0000	4.0000	1.0000	2	-1.0000	1.5294	0.2520	-0.0578	0.0000	0.2520	0.0855	-1.0000	0.1449	0.1459	-0.0010	0.3904
82.0000	118.0000	Respond Naturally	MangoChunks	6.0000	6.0000	6.0000	5	-1.0000	1.8985	0.3697	-0.0726	0.0000	0.3697	0.0862	-1.0000	0.1258	0.1258	-0.0000	0.3487
82.0000	119.0000	Respond Naturally	NatureValleyChocolate	3.0000	3.0000	2.0000	1	-1.0000	1.0585	0.2014	-0.1384	0.0000	0.2014	0.1482	-1.0000	0.1661	0.1661	-0.0000	0.3954
82.0000	120.0000	Respond Naturally	Triscuit	3.0000	4.0000	4.0000	5	-1.0000	1.3275	0.4536	0.3359	1.0000	0.7393	0.1686	1.0000	0.1999	0.2000	-0.0000	0.4320
82.0000	121.0000	Respond Naturally	Doritos	6.0000	6.0000	2.0000	5	-1.0000	1.4782	0.5709	-0.3537	1.0000	0.8566	0.4084	1.0000	0.4190	0.4415	-0.0225	1.3779
82.0000	122.0000	Respond Naturally	Strawberries	4.0000	6.0000	6.0000	2	-1.0000	1.4957	0.3530	-0.1249	0.0000	0.3530	0.2072	-1.0000	0.1097	0.1519	-0.0422	0.3814
82.0000	123.0000	Respond Naturally	VegetableThins	4.0000	5.0000	3.0000	5	-1.0000	0.9915	0.5378	-0.0280	0.0000	0.5378	0.2220	-1.0000	0.2905	0.2905	-0.0000	0.4705
82.0000	124.0000	Respond Naturally	FrozenBroccoli	3.0000	4.0000	6.0000	6	-1.0000	1.2936	0.4871	-0.0759	0.0000	0.4871	0.1933	-1.0000	0.1573	0.1573	-0.0000	0.3056
82.0000	125.0000	Respond Naturally	SpeltCakes	4.0000	6.0000	5.0000	2	-1.0000	1.0418	0.4537	-0.1345	0.0000	0.4537	0.3368	-1.0000	0.1619	0.1619	-0.0000	0.3600
82.0000	126.0000	Respond Naturally	FrozenCorn	6.0000	6.0000	6.0000	4	1.0000	1.1429	0.3866	0.2518	1.0000	0.6051	0.2549	-1.0000	0.2178	0.2178	-0.0000	0.5499
82.0000	127.0000	Respond Naturally	BrusselsSprouts	1.0000	1.0000	5.0000	4	-1.0000	1.0753	0.5040	-0.0207	0.0000	0.5040	0.2453	-1.0000	0.1328	0.1328	-0.0000	0.2188
82.0000	128.0000	Respond Naturally	Cheetos	6.0000	6.0000	2.0000	3	-1.0000	0.9916	0.1849	-0.3331	0.0000	0.1849	0.1493	-1.0000	0.1970	0.1970	-0.0000	0.3541
82.0000	129.0000	Respond Naturally	HoneyNutCheerios	5.0000	6.0000	4.0000	2	-1.0000	1.1765	0.3530	0.0499	0.0000	0.3530	0.1727	-1.0000	0.1473	0.1572	-0.0099	0.3031
82.0000	130.0000	Respond Naturally	DriedApricots	1.0000	1.0000	6.0000	2	-1.0000	1.0081	0.2014	-0.0000	0.0000	0.2014	0.1182	-1.0000	0.1319	0.1319	-0.0000	0.2346
82.0000	131.0000	Focus on Health	Raspberries	4.0000	6.0000	6.0000	5	1.0000	1.2936	0.2520	0.2082	1.0000	0.7223	0.2337	-1.0000	0.3429	0.3695	-0.0266	0.7118
82.0000	132.0000	Focus on Health	SlimStyles	1.0000	1.0000	1.0000	2	-1.0000	0.9076	0.4201	-0.0538	0.0000	0.4201	0.1425	-1.0000	0.1211	0.1224	-0.0013	0.2640
82.0000	133.0000	Focus on Health	CannedArtichoke	1.0000	1.0000	1.0000	5	-1.0000	1.1930	0.3866	-0.1969	0.0000	0.3866	0.2321	-1.0000	0.0612	0.0612	-0.0000	0.1830
82.0000	134.0000	Focus on Health	Cheerios	5.0000	5.0000	5.0000	5	1.0000	1.1089	0.5542	-0.0120	0.0000	0.5542	0.1569	1.0000	0.2728	0.2732	-0.0004	0.4558
82.0000	135.0000	Focus on Health	WelchsFruitSnacks	6.0000	6.0000	2.0000	1	1.0000	2.6217	0.3360	0.3635	1.0000	0.7898	0.0972	-1.0000	0.1526	0.1580	-0.0054	0.5234
82.0000	136.0000	Focus on Health	SkimMilk	6.0000	6.0000	6.0000	4	-1.0000	2.9566	0.8396	-0.3320	2.0000	2.5367	0.2264	-1.0000	0.1165	0.1189	-0.0024	0.7073
82.0000	137.0000	Focus on Health	Mentos	5.0000	5.0000	1.0000	2	-1.0000	0.9911	0.5878	-0.3662	0.0000	0.5878	0.1903	-1.0000	0.3159	0.3159	-0.0000	0.4728
82.0000	138.0000	Focus on Health	PureFit	1.0000	1.0000	4.0000	2	-1.0000	1.1429	0.4034	-0.0938	0.0000	0.4034	0.0821	-1.0000	0.1078	0.1078	-0.0000	0.1999
82.0000	139.0000	Focus on Health	GreenPepper	4.0000	4.0000	6.0000	6	-1.0000	9.9930	4.4664	-0.0000	2.0000	8.3302	0.2050	-1.0000	0.4189	0.4249	-0.0060	1.2511
82.0000	140.0000	Focus on Health	SlicedTurkey	5.0000	4.0000	3.0000	2	-1.0000	1.3274	0.6721	-0.0903	0.0000	0.6721	0.3309	-1.0000	0.2448	0.3402	-0.0955	0.6569
82.0000	141.0000	Respond Naturally	Tempeh	1.0000	1.0000	4.0000	4	-1.0000	1.1089	0.4200	-0.0000	0.0000	0.4200	0.2043	-1.0000	0.2709	0.2883	-0.0173	0.7057
82.0000	142.0000	Respond Naturally	Beets	2.0000	1.0000	6.0000	2	-1.0000	1.2437	0.3025	-0.3319	2.0000	0.6891	0.1642	-1.0000	0.3880	0.3886	-0.0006	0.7596
82.0000	143.0000	Respond Naturally	AlmondMilk	4.0000	5.0000	6.0000	2	-1.0000	0.8741	0.2017	-0.2885	0.0000	0.2017	0.1941	-1.0000	0.3314	0.3314	-0.0000	0.6046
82.0000	144.0000	Respond Naturally	Butternut	4.0000	6.0000	6.0000	7	1.0000	3.5993	0.1007	-0.0823	1.0000	0.7898	0.1070	-1.0000	0.3563	0.3563	-0.0000	1.1710
82.0000	145.0000	Respond Naturally	BabyFoodCarrots	3.0000	1.0000	6.0000	5	-1.0000	0.8740	0.2521	-0.2959	0.0000	0.2521	0.1990	-1.0000	0.2658	0.2658	-0.0000	0.5103
82.0000	146.0000	Respond Naturally	FrozenOkra	2.0000	1.0000	6.0000	5	-1.0000	1.0086	0.5379	0.0553	0.0000	0.5379	0.1397	-1.0000	0.1898	0.1899	-0.0001	0.3251
82.0000	147.0000	Respond Naturally	WaterChestnuts	1.0000	1.0000	4.0000	3	-1.0000	0.9076	0.1345	0.3000	0.0000	0.1345	0.1257	-1.0000	0.0516	0.0874	-0.0359	0.2481
82.0000	148.0000	Respond Naturally	HoneyNutCheerios	5.0000	5.0000	4.0000	5	1.0000	1.0084	0.4706	0.1173	0.0000	0.4706	0.1849	1.0000	0.1009	0.1158	-0.0149	0.2644
82.0000	149.0000	Respond Naturally	Avocado	6.0000	6.0000	6.0000	5	1.0000	1.5628	0.5712	0.4984	1.0000	0.7225	0.2208	-1.0000	0.1014	0.1126	-0.0112	0.3095
82.0000	150.0000	Respond Naturally	PCChipCookie	6.0000	6.0000	2.0000	2	-1.0000	1.1932	0.2690	-0.1682	0.0000	0.2690	0.2649	-1.0000	0.1090	0.1240	-0.0150	0.3420
82.0000	151.0000	Focus on Health	Butternut	6.0000	4.0000	6.0000	3	-1.0000	1.9325	0.9242	0.0029	0.0000	0.9242	0.0988	-1.0000	0.1563	0.1563	-0.0000	0.3351
82.0000	152.0000	Focus on Health	Broccoli	2.0000	4.0000	6.0000	1	-1.0000	0.9076	0.1345	-0.1064	0.0000	0.1345	0.1222	-1.0000	0.1212	0.1213	-0.0001	0.2445
82.0000	153.0000	Focus on Health	Skittles	6.0000	6.0000	2.0000	6	1.0000	0.9916	0.1009	-0.2163	1.0000	0.4537	0.2018	-1.0000	0.2403	0.2403	-0.0000	0.5379
82.0000	154.0000	Focus on Health	Reese	1.0000	1.0000	1.0000	1	-1.0000	1.0251	0.3025	-0.3886	0.0000	0.3025	0.1861	-1.0000	0.1876	0.1877	-0.0001	0.2797
82.0000	155.0000	Focus on Health	SunChips	6.0000	6.0000	2.0000	2	-1.0000	3.1249	0.2015	0.1280	3.0000	2.4360	0.5603	1.0000	0.5005	0.5488	-0.0484	1.7396
82.0000	156.0000	Focus on Health	RaisinBran	4.0000	5.0000	6.0000	7	-1.0000	3.6615	0.1680	0.1036	2.0000	2.8217	0.1292	-1.0000	0.2345	0.2359	-0.0014	0.3447
82.0000	157.0000	Focus on Health	RedPepper	6.0000	6.0000	6.0000	5	-1.0000	2.7214	0.1009	0.3820	0.0000	0.1009	0.1179	-1.0000	0.0037	0.0366	-0.0329	0.2666
82.0000	158.0000	Focus on Health	Tuna	4.0000	2.0000	5.0000	4	-1.0000	2.9218	2.5018	0.0698	0.0000	2.5018	0.2297	-1.0000	0.4887	0.4887	-0.0000	0.5823
82.0000	159.0000	Focus on Health	SevenGrain	3.0000	2.0000	3.0000	1	-1.0000	1.0589	0.5547	0.0581	0.0000	0.5547	0.1363	-1.0000	0.2062	0.2062	-0.0000	0.3836
82.0000	160.0000	Focus on Health	AllBranBar	4.0000	4.0000	4.0000	3	-1.0000	7.1568	0.4034	0.1755	2.0000	4.7887	0.3205	-1.0000	0.5660	0.5714	-0.0054	1.4812
82.0000	161.0000	Focus on Health	AllBranCereal	1.0000	2.0000	6.0000	6	-1.0000	2.8562	0.6887	-0.1754	0.0000	0.6887	0.1641	-1.0000	0.2249	0.2251	-0.0002	0.5299
82.0000	162.0000	Focus on Health	Cauliflower	3.0000	4.0000	6.0000	2	-1.0000	1.6973	0.8401	-0.0472	1.0000	1.0083	0.1906	1.0000	0.3546	0.3546	-0.0000	0.5970
82.0000	163.0000	Focus on Health	WelchsFruitSnacks	6.0000	6.0000	1.0000	3	1.0000	1.6972	0.3530	0.1345	1.0000	0.7059	0.1991	-1.0000	0.2642	0.2642	-0.0000	0.5538
82.0000	164.0000	Focus on Health	BBQCrisps	5.0000	6.0000	2.0000	2	-1.0000	1.3277	0.7563	-0.2349	0.0000	0.7563	0.1585	-1.0000	0.0995	0.1045	-0.0050	0.2193
82.0000	165.0000	Focus on Health	RiceKrispiesCereal	5.0000	5.0000	5.0000	3	-1.0000	1.2436	0.6385	-0.1769	0.0000	0.6385	0.1570	-1.0000	0.1477	0.1477	-0.0000	0.2574
82.0000	166.0000	Focus on Health	FrozenPeas	3.0000	3.0000	5.0000	2	-1.0000	1.1260	0.3360	-0.3786	0.0000	0.3360	0.1350	-1.0000	0.1580	0.1588	-0.0008	0.3097
82.0000	167.0000	Focus on Health	Cheerios	5.0000	5.0000	5.0000	2	-1.0000	4.3326	3.1566	-0.0668	0.0000	3.1566	0.1681	-1.0000	0.2311	0.2398	-0.0087	0.3374
82.0000	168.0000	Focus on Health	Spinach	4.0000	4.0000	6.0000	2	-1.0000	3.9814	0.6383	0.0901	2.0000	1.9491	0.1284	-1.0000	0.0786	0.1178	-0.0392	0.4207
82.0000	169.0000	Focus on Health	Asparagus	2.0000	4.0000	6.0000	6	-1.0000	9.9910	5.0370	-0.0676	3.0000	9.6380	0.2108	1.0000	0.5410	0.5410	-0.0000	1.2698
82.0000	170.0000	Focus on Health	LaysClassic	5.0000	6.0000	1.0000	4	-1.0000	1.3773	0.8059	-0.1325	0.0000	0.8059	0.2061	-1.0000	0.1846	0.2113	-0.0267	0.3452
82.0000	171.0000	Respond Naturally	Twizzlers	6.0000	6.0000	1.0000	2	-1.0000	1.2099	0.6048	-0.0233	0.0000	0.6048	0.2738	-1.0000	0.0069	0.0503	-0.0434	-0.1677
82.0000	172.0000	Respond Naturally	RufflesSourCreamOnion	6.0000	6.0000	2.0000	3	-1.0000	0.9914	0.2855	0.0627	0.0000	0.2855	0.2144	-1.0000	0.0682	0.0683	-0.0002	0.1542
82.0000	173.0000	Respond Naturally	Nutella	1.0000	1.0000	1.0000	1	-1.0000	1.1258	0.3360	-0.0902	0.0000	0.3360	0.2226	-1.0000	0.0308	0.0488	-0.0181	0.1193
82.0000	174.0000	Respond Naturally	MnMPlain	4.0000	6.0000	2.0000	5	1.0000	2.5038	0.1177	0.1238	1.0000	1.1761	0.0949	-1.0000	0.2605	0.2605	-0.0000	0.6756
82.0000	175.0000	Respond Naturally	Aero	4.0000	6.0000	2.0000	3	1.0000	1.9825	0.4200	0.0047	3.0000	1.2098	0.3973	-1.0000	0.1455	0.1751	-0.0297	0.5327
82.0000	176.0000	Respond Naturally	NatureValleyChocolate	3.0000	3.0000	3.0000	4	-1.0000	1.9495	0.5209	-0.4656	0.0000	0.5209	0.0856	-1.0000	0.1447	0.1447	-0.0000	0.2236
82.0000	177.0000	Respond Naturally	FrozenPeaches	6.0000	6.0000	6.0000	2	-1.0000	1.3108	0.4034	-0.2592	0.0000	0.4034	0.1087	-1.0000	0.0759	0.0931	-0.0172	0.2096
82.0000	178.0000	Respond Naturally	Aero	4.0000	5.0000	3.0000	1	-1.0000	1.0751	0.5542	-0.0008	0.0000	0.5542	0.1464	-1.0000	0.2078	0.2078	-0.0000	0.3458
82.0000	179.0000	Respond Naturally	Skittles	6.0000	6.0000	1.0000	3	-1.0000	1.0416	0.4031	-0.0783	0.0000	0.4031	0.1458	-1.0000	0.1150	0.1150	-0.0000	0.2202
82.0000	180.0000	Respond Naturally	Tuna	4.0000	4.0000	4.0000	2	-1.0000	1.3945	0.3192	-0.0298	0.0000	0.3192	0.0869	-1.0000	0.1400	0.1400	-0.0000	0.3131
82.0000	181.0000	Focus on Health	VanillaGreekYogurt	4.0000	4.0000	4.0000	4	-1.0000	3.7279	3.2238	-0.2142	0.0000	3.2238	0.1756	-1.0000	0.0519	0.0519	-0.0000	0.1961
82.0000	182.0000	Focus on Health	DriedApricots	1.0000	1.0000	6.0000	5	-1.0000	1.7301	0.4872	-0.0498	0.0000	0.4872	0.1541	-1.0000	0.0331	0.0331	-0.0000	0.0936
82.0000	183.0000	Focus on Health	DriedHerring	4.0000	5.0000	6.0000	1	-1.0000	6.3485	1.2930	0.1571	0.0000	1.2930	0.0382	-1.0000	0.0876	0.0886	-0.0010	0.1953
82.0000	184.0000	Focus on Health	Orange	6.0000	6.0000	6.0000	1	-1.0000	3.9801	1.9985	0.1166	0.0000	1.9985	0.2893	-1.0000	0.2768	0.2912	-0.0144	0.6286
82.0000	185.0000	Focus on Health	AppleChips	1.0000	1.0000	1.0000	5	-1.0000	2.0492	1.1753	-0.2576	0.0000	1.1753	0.1661	-1.0000	0.1756	0.1756	-0.0000	0.2667
82.0000	186.0000	Focus on Health	Snickers	1.0000	1.0000	2.0000	3	-1.0000	1.7806	1.1419	0.0100	0.0000	1.1419	0.3788	-1.0000	0.4569	0.4569	-0.0000	0.6982
82.0000	187.0000	Focus on Health	OatmealSquares	5.0000	5.0000	5.0000	7	1.0000	1.9821	1.1251	0.1842	0.0000	1.1251	0.1550	1.0000	0.2008	0.2286	-0.0278	0.3486
82.0000	188.0000	Focus on Health	MnMPlain	4.0000	6.0000	2.0000	3	-1.0000	1.7134	1.2092	-0.0694	0.0000	1.2092	0.1737	-1.0000	0.2981	0.2981	-0.0000	0.3869
82.0000	189.0000	Focus on Health	SevenGrain	1.0000	1.0000	3.0000	3	-1.0000	6.2799	3.4085	0.0363	0.0000	3.4085	0.2300	-1.0000	0.1066	0.1809	-0.0743	0.3352
82.0000	190.0000	Focus on Health	CornFlakes	3.0000	5.0000	4.0000	3	-1.0000	1.2600	0.6887	-0.0274	0.0000	0.6887	0.2450	-1.0000	0.1250	0.1250	-0.0000	0.2439
82.0000	191.0000	Respond Naturally	OatBran	6.0000	3.0000	6.0000	4	1.0000	2.8557	1.9148	0.0530	0.0000	1.9148	0.3177	1.0000	0.2146	0.2395	-0.0249	0.4230
82.0000	192.0000	Respond Naturally	Beets	1.0000	1.0000	6.0000	5	-1.0000	1.4785	0.2016	0.1460	1.0000	0.8736	0.2434	1.0000	0.2876	0.3026	-0.0150	0.5633
82.0000	193.0000	Respond Naturally	GreenBeans	4.0000	4.0000	6.0000	4	1.0000	1.8147	0.3696	-0.3145	1.0000	0.8400	0.3270	-1.0000	0.2075	0.2474	-0.0399	0.7269
82.0000	194.0000	Respond Naturally	SpeltCakes	4.0000	6.0000	6.0000	5	-1.0000	2.2174	1.0580	-0.1560	0.0000	1.0580	0.1673	-1.0000	0.0964	0.1175	-0.0211	0.2393
82.0000	195.0000	Respond Naturally	PopTartStrawberry	5.0000	5.0000	1.0000	5	-1.0000	3.0400	2.3848	0.1303	0.0000	2.3848	0.4248	-1.0000	0.0562	0.0562	-0.0000	0.3581
82.0000	196.0000	Respond Naturally	RaisinBran	1.0000	5.0000	5.0000	3	-1.0000	1.2938	0.6215	-0.1471	0.0000	0.6215	0.1487	-1.0000	0.0471	0.0673	-0.0202	0.1433
82.0000	197.0000	Respond Naturally	ClifBar	1.0000	1.0000	3.0000	4	-1.0000	1.0250	0.4201	0.1788	0.0000	0.4201	0.1408	-1.0000	0.1873	0.1873	-0.0000	0.3430
82.0000	198.0000	Respond Naturally	EnglishCucumber	4.0000	5.0000	6.0000	2	-1.0000	0.8569	0.3696	0.3000	0.0000	0.3696	0.1283	-1.0000	0.1245	0.1245	-0.0000	0.2237
82.0000	199.0000	Respond Naturally	Celery	4.0000	4.0000	6.0000	4	1.0000	1.5457	0.9910	0.0502	0.0000	0.9910	0.1841	1.0000	0.2300	0.2300	-0.0000	0.4474
82.0000	200.0000	Respond Naturally	CoffeeCrisp	6.0000	6.0000	1.0000	1	-1.0000	1.3107	0.4704	-0.2519	0.0000	0.4704	0.2200	-1.0000	0.2600	0.2861	-0.0261	0.5903
