Subject	Block	Trial	Attribute	Food	Rating	RT
103.0000	1.0000	1.0000	Liking	Reese_4_5Cup.jpg	3.0000	9.8351
103.0000	1.0000	2.0000	Liking	GreenPepper_2_2pc.jpg	3.0000	4.6100
103.0000	1.0000	3.0000	Liking	FrozenBroccoli_6_0.5bag.jpg	5.0000	3.1528
103.0000	1.0000	4.0000	Liking	Strawberries_3_0.5bag.jpg	3.0000	83.5301
103.0000	1.0000	5.0000	Liking	CannedArtichoke_2_2.jpg	4.0000	8.4170
103.0000	1.0000	6.0000	Liking	Celery_2_1stalk.jpg	6.0000	3.2905
103.0000	1.0000	7.0000	Liking	GreenApple_2_1slice.jpg	6.0000	5.4173
103.0000	1.0000	8.0000	Liking	GreenApple_4_1.jpg	6.0000	3.0988
103.0000	1.0000	9.0000	Liking	GreenPepper_6_1pepper.jpg	3.0000	4.6561
103.0000	1.0000	10.0000	Liking	AllBranBar_3_1bar.jpg	4.0000	3.3842
103.0000	1.0000	11.0000	Liking	SkimMilk_4_1glass.jpg	5.0000	13.4748
103.0000	1.0000	12.0000	Liking	AllBranBar_1_.25bar.jpg	4.0000	14.5383
103.0000	1.0000	13.0000	Liking	RaisinBran_7_2cup.jpg	6.0000	20.7447
103.0000	1.0000	14.0000	Liking	WelchsFruitSnacks_1_1bag.jpg	1.0000	4.7900
103.0000	1.0000	15.0000	Liking	Butternut_7_2cups.jpg	3.0000	7.5746
103.0000	1.0000	16.0000	Liking	ClamJuice_3_0.25c.jpg	1.0000	3.6820
103.0000	1.0000	17.0000	Liking	Smarties_2_0.5box.jpg	4.0000	7.4487
103.0000	1.0000	18.0000	Liking	Skittles_3_14pieces.jpg	1.0000	1.7132
103.0000	1.0000	19.0000	Liking	DriedHerring_3_4fish.jpg	1.0000	6.7750
103.0000	1.0000	20.0000	Liking	KashiBars_1_0.5bar.jpg	5.0000	34.0741
103.0000	1.0000	21.0000	Liking	Aero_3_1bar.jpg	6.0000	2.5224
103.0000	1.0000	22.0000	Liking	Onion_2_1ring.jpg	5.0000	4.2319
103.0000	1.0000	23.0000	Liking	Nutella_4_3spoons.jpg	6.0000	1.4085
103.0000	1.0000	24.0000	Liking	Tempeh_2_1Tbsp.jpg	2.0000	13.5785
103.0000	1.0000	25.0000	Liking	PureFit_2_0.5Bars.jpg	4.0000	9.5822
103.0000	1.0000	26.0000	Liking	FrozenOkra_2_2pc.jpg	6.0000	3.1204
103.0000	1.0000	27.0000	Liking	Prunes_5_1c.jpg	4.0000	5.0358
103.0000	1.0000	28.0000	Liking	RedPepper_2_2pc.jpg	4.0000	5.6439
103.0000	1.0000	29.0000	Liking	OikosYogurt_6_1c.jpg	6.0000	2.0047
103.0000	1.0000	30.0000	Liking	RufflesSourCreamOnion_3_5chips.jpg	3.0000	5.2502
103.0000	1.0000	31.0000	Liking	Mars_2_0.5Bar.jpg	2.0000	6.4180
103.0000	1.0000	32.0000	Liking	BBQCrisps_2_5.jpg	2.0000	3.7476
103.0000	1.0000	33.0000	Liking	Orange_1_0.25orange.jpg	6.0000	4.3837
103.0000	1.0000	34.0000	Liking	Caramilk_5_2bars.jpg	6.0000	1.1772
103.0000	1.0000	35.0000	Liking	AlmondMilk_2_0.25glass.jpg	3.0000	4.0684
103.0000	1.0000	36.0000	Liking	Caramilk_2_2pc.jpg	6.0000	1.1479
103.0000	1.0000	37.0000	Liking	BabyFoodSweetPotatos_5_1jar.jpg	3.0000	6.4317
103.0000	1.0000	38.0000	Liking	ClifBar_2_0.5bar.jpg	5.0000	5.7047
103.0000	1.0000	39.0000	Liking	TofuDessert_2_2Tbsp.jpg	2.0000	3.9749
103.0000	1.0000	40.0000	Liking	FrozenOkra_5_0.5box.jpg	6.0000	1.6329
103.0000	1.0000	41.0000	Liking	Tuna_2_1T.jpg	3.0000	4.7616
103.0000	1.0000	42.0000	Liking	Almonds_4_40.jpg	4.0000	2.3976
103.0000	1.0000	43.0000	Liking	Broccoli_4_1.5c.jpg	6.0000	1.7917
103.0000	1.0000	44.0000	Liking	Cheerios_5_2c.jpg	2.0000	10.0791
103.0000	1.0000	45.0000	Liking	VanillaGreekYogurt_2_1spoon.jpg	6.0000	1.5507
103.0000	1.0000	46.0000	Liking	Strawberries_2_0.5c.jpg	3.0000	3.4087
103.0000	1.0000	47.0000	Liking	Prunes_2_3.jpg	5.0000	4.1055
103.0000	1.0000	48.0000	Liking	HoneyNutCheerios_5_2cup.jpg	4.0000	3.1634
103.0000	1.0000	49.0000	Liking	AllBranCereal_6_1cup.jpg	5.0000	7.3936
103.0000	1.0000	50.0000	Liking	Reese_1_1Cup.jpg	4.0000	20.1643
103.0000	1.0000	51.0000	Liking	Snickers_2_1Bar.jpg	3.0000	3.8081
103.0000	1.0000	52.0000	Liking	PureFit_4_2Bars.jpg	3.0000	2.3781
103.0000	1.0000	53.0000	Liking	SkimMilk_1_1Tbsp.jpg	5.0000	3.7016
103.0000	1.0000	54.0000	Liking	IceCreamChocolate_1_1tsp.jpg	5.0000	2.3557
103.0000	1.0000	55.0000	Liking	HoneyNutCheerios_2_2tbsp.jpg	5.0000	0.9404
103.0000	1.0000	56.0000	Liking	AlmondMilk_4_1glass.jpg	3.0000	1.8730
103.0000	1.0000	57.0000	Liking	ClamJuice_1_1T.jpg	2.0000	3.2244
103.0000	1.0000	58.0000	Liking	FrozenPeas_6_0.5bag.jpg	5.0000	11.1133
103.0000	1.0000	59.0000	Liking	Nutella_1_0.5spoon.jpg	6.0000	1.3514
103.0000	1.0000	60.0000	Liking	CoffeeCrisp_1_0.25bar.jpg	2.0000	4.2273
103.0000	1.0000	61.0000	Liking	BrusselsSprouts_2_3.jpg	5.0000	4.2607
103.0000	1.0000	62.0000	Liking	CornFlakes_3_2tbsps.jpg	6.0000	4.6623
103.0000	1.0000	63.0000	Liking	WaterChestnuts_5_0.5can.jpg	5.0000	7.9983
103.0000	1.0000	64.0000	Liking	OatBran_4_1bowl.jpg	6.0000	4.9204
103.0000	1.0000	65.0000	Liking	VanillaGreekYogurt_4_1cup.jpg	6.0000	1.1660
103.0000	1.0000	66.0000	Liking	IceCreamVanilla_4_3scoops.jpg	3.0000	2.8653
103.0000	1.0000	67.0000	Liking	SunChips_2_3Chips.jpg	2.0000	7.2979
103.0000	1.0000	68.0000	Liking	MnMPlain_5_1bag.jpg	6.0000	1.3682
103.0000	1.0000	69.0000	Liking	Raspberries_5_.5bag.jpg	5.0000	2.0420
103.0000	1.0000	70.0000	Liking	Twizzlers_2_2.jpg	2.0000	1.8990
103.0000	1.0000	71.0000	Liking	SpeltCakes_2_0.5.jpg	2.0000	3.3436
103.0000	1.0000	72.0000	Liking	Onion_4_0.25.jpg	2.0000	2.2997
103.0000	1.0000	73.0000	Liking	Spinach_2_.5c.jpg	6.0000	1.7697
103.0000	1.0000	74.0000	Liking	Cheetos_3_10pc.jpg	2.0000	5.3004
103.0000	1.0000	75.0000	Liking	FrootLoops_2_2T.jpg	6.0000	2.1899
103.0000	1.0000	76.0000	Liking	DriedApricots_2_2.jpg	6.0000	2.1033
103.0000	1.0000	77.0000	Liking	GreenBeans_4_.5pck.jpg	6.0000	1.8661
103.0000	1.0000	78.0000	Liking	Smartfood_2_8Chips.jpg	2.0000	2.5067
103.0000	1.0000	79.0000	Liking	Beets_5_1can.jpg	4.0000	3.8000
103.0000	1.0000	80.0000	Liking	Bananas_2_0.5.jpg	6.0000	3.6014
103.0000	1.0000	81.0000	Liking	EnglishCucumber_5_0.5cuc.JPG	6.0000	3.1789
103.0000	1.0000	82.0000	Liking	Fritos_2_5chips.jpg	2.0000	2.8810
103.0000	1.0000	83.0000	Liking	Mackerel_3_4fish.jpg	2.0000	5.4790
103.0000	1.0000	84.0000	Liking	IceCreamChocolate_4_3scoops.jpg	4.0000	2.5578
103.0000	1.0000	85.0000	Liking	Mackerel_1_1fish.jpg	3.0000	3.5298
103.0000	1.0000	86.0000	Liking	DriedApricots_5_0.75cup.jpg	5.0000	3.7740
103.0000	1.0000	87.0000	Liking	Shreddies_5_2c.jpg	4.0000	1.5652
103.0000	1.0000	88.0000	Liking	Tuna_4_1can.jpg	2.0000	5.8007
103.0000	1.0000	89.0000	Liking	OatBran_2_2T.jpg	6.0000	2.1622
103.0000	1.0000	90.0000	Liking	SlicedTurkey_5_4slices.jpg	2.0000	5.6775
103.0000	1.0000	91.0000	Liking	SkittlesSour_6_0.5pack.jpg	2.0000	3.0763
103.0000	1.0000	92.0000	Liking	RiceKrispiesCereal_7_2cups.jpg	4.0000	5.0050
103.0000	1.0000	93.0000	Liking	PopTartStrawberry_2_0.5tart.jpg	2.0000	7.7424
103.0000	1.0000	94.0000	Liking	Butternut_3_0.3cup.jpg	4.0000	4.9292
103.0000	1.0000	95.0000	Liking	CheeseNips_5_1c.jpg	2.0000	5.1587
103.0000	1.0000	96.0000	Liking	RiceKrispiesCereal_3_2tbsp.jpg	6.0000	3.4735
103.0000	1.0000	97.0000	Liking	OikosYogurt_3_2spoonfuls.jpg	6.0000	1.2803
103.0000	1.0000	98.0000	Liking	CoffeeCrisp_3_1Bars.jpg	2.0000	5.1749
103.0000	1.0000	99.0000	Liking	WelchsFruitSnacks_3_4bags.jpg	1.0000	1.5217
103.0000	1.0000	100.0000	Liking	Cauliflower_2_3chunks.jpg	5.0000	2.5004
103.0000	1.0000	101.0000	Liking	BabyFoodCarrots_5_1jar.jpg	3.0000	7.2576
103.0000	1.0000	102.0000	Liking	FrozenCorn_4_2cups.jpg	3.0000	9.5292
103.0000	1.0000	103.0000	Liking	NatureValleyChocolate_1_0.25bar.jpg	5.0000	13.9578
103.0000	1.0000	104.0000	Liking	MnMPeanuts_4_45.jpg	6.0000	2.6977
103.0000	1.0000	105.0000	Liking	FrozenPeaches_5_1.5Cups.jpg	6.0000	0.9357
103.0000	1.0000	106.0000	Liking	ClifBar_4_2bars.jpg	4.0000	2.6278
103.0000	1.0000	107.0000	Liking	Spinach_4_.5box.jpg	6.0000	0.8445
103.0000	1.0000	108.0000	Liking	Almonds_2_10.jpg	5.0000	4.5165
103.0000	1.0000	109.0000	Liking	LaysClassic_3_8Chips.jpg	2.0000	1.9313
103.0000	1.0000	110.0000	Liking	RufflesSourCreamOnion_5_20chips.jpg	2.0000	1.3548
103.0000	1.0000	111.0000	Liking	Smarties_5_3boxes.jpg	4.0000	2.0061
103.0000	1.0000	112.0000	Liking	Snickers_3_2Bars.jpg	3.0000	3.8154
103.0000	1.0000	113.0000	Liking	FrozenPeaches_2_3Slices.jpg	6.0000	1.1922
103.0000	1.0000	114.0000	Liking	AppleChips_5_1c..jpg	6.0000	4.6962
103.0000	1.0000	115.0000	Liking	Smartfood_4_100Chips.jpg	1.0000	1.4964
103.0000	1.0000	116.0000	Liking	Triscuit_2_2crackers.jpg	3.0000	5.8625
103.0000	1.0000	117.0000	Liking	BBQCrisps_6_1cup.jpg	1.0000	1.2611
103.0000	1.0000	118.0000	Liking	Bananas_3_1.jpg	5.0000	3.3722
103.0000	1.0000	119.0000	Liking	YorkPeppermintPatties_2_3.jpg	3.0000	16.2522
103.0000	1.0000	120.0000	Liking	Fritos_5_1c.jpg	2.0000	7.3902
103.0000	1.0000	121.0000	Liking	EnglishCucumber_2_2pc.jpg	6.0000	1.6643
103.0000	1.0000	122.0000	Liking	GreenGrapes_4_40.jpg	5.0000	1.2308
103.0000	1.0000	123.0000	Liking	SlimStyles_2_2Tbsp.jpg	2.0000	6.0548
103.0000	1.0000	124.0000	Liking	Mars_4_2Bars.jpg	3.0000	4.1432
103.0000	1.0000	125.0000	Liking	LaysClassic_4_16Chips.jpg	2.0000	3.1653
103.0000	1.0000	126.0000	Liking	CannedArtichoke_5_1can.jpg	3.0000	1.6000
103.0000	1.0000	127.0000	Liking	MangoChunks_2_3.jpg	6.0000	1.8967
103.0000	1.0000	128.0000	Liking	FrozenBlueberries_1_1tbsp.jpg	6.0000	1.0614
103.0000	1.0000	129.0000	Liking	Doritos_5_20chips.jpg	1.0000	4.8734
103.0000	1.0000	130.0000	Liking	BabyFoodCarrots_3_2Tbsp.jpg	3.0000	3.4721
103.0000	1.0000	131.0000	Liking	PCChipCookie_2_0.5cookie.jpg	6.0000	6.8310
103.0000	1.0000	132.0000	Liking	RaisinBran_3_2tbsp.jpg	5.0000	2.8492
103.0000	1.0000	133.0000	Liking	RitzCrackers_5_15Crackers.jpg	2.0000	12.2725
103.0000	1.0000	134.0000	Liking	FrozenBroccoli_2_3chunks.jpg	5.0000	3.0208
103.0000	1.0000	135.0000	Liking	Asparagus_6_FullPack.jpg	4.0000	3.7641
103.0000	1.0000	136.0000	Liking	OatmealSquares_3_2tbsp.jpg	5.0000	6.2049
103.0000	1.0000	137.0000	Liking	MnMPeanuts_2_4.jpg	6.0000	2.7663
103.0000	1.0000	138.0000	Liking	RomaineLettuce_4_1head.jpg	6.0000	0.8649
103.0000	1.0000	139.0000	Liking	RomaineLettuce_2_3leaves.jpg	6.0000	0.3838
103.0000	1.0000	140.0000	Liking	Cheetos_6_2c.jpg	1.0000	1.3064
103.0000	1.0000	141.0000	Liking	Beets_2_5pc.jpg	5.0000	1.4798
103.0000	1.0000	142.0000	Liking	FrozenCorn_2_0.5cup.jpg	4.0000	1.5904
103.0000	1.0000	143.0000	Liking	SevenGrain_1_1.jpg	4.0000	9.4563
103.0000	1.0000	144.0000	Liking	SkittlesSour_3_8pieces.jpg	1.0000	1.3201
103.0000	1.0000	145.0000	Liking	FrozenBlueberries_3_1cup.jpg	5.0000	3.6746
103.0000	1.0000	146.0000	Liking	AppleChips_2_3chips.jpg	6.0000	1.3274
103.0000	1.0000	147.0000	Liking	Aero_1_1pc.jpg	6.0000	0.9080
103.0000	1.0000	148.0000	Liking	Pringles_5_40Chips.jpg	2.0000	2.2788
103.0000	1.0000	149.0000	Liking	Triscuit_5_30crackers.jpg	1.0000	2.3094
103.0000	1.0000	150.0000	Liking	GreenBeans_2_9beans.jpg	6.0000	1.6636
103.0000	1.0000	151.0000	Liking	TofuDessert_4_1pck.jpg	1.0000	2.7510
103.0000	1.0000	152.0000	Liking	FrootLoops_6_2Cups.jpg	3.0000	2.7570
103.0000	1.0000	153.0000	Liking	SevenGrain_3_5.jpg	3.0000	6.9851
103.0000	1.0000	154.0000	Liking	Tempeh_4_.5pack.jpg	2.0000	2.4999
103.0000	1.0000	155.0000	Liking	Asparagus_3_7.jpg	5.0000	1.4548
103.0000	1.0000	156.0000	Liking	KashiBars_4_3bars.jpg	4.0000	1.2380
103.0000	1.0000	157.0000	Liking	Mentos_5_1tube.jpg	2.0000	1.9020
103.0000	1.0000	158.0000	Liking	Skittles_6_0.75pack.jpg	1.0000	0.8913
103.0000	1.0000	159.0000	Liking	Avocado_5_1avacado.jpg	5.0000	5.6736
103.0000	1.0000	160.0000	Liking	NatureValleyChocolate_4_2bars.jpg	4.0000	21.7120
103.0000	1.0000	161.0000	Liking	Mentos_2_3pc.jpg	2.0000	1.2064
103.0000	1.0000	162.0000	Liking	IceCreamVanilla_1_2tsp.jpg	2.0000	4.6560
103.0000	1.0000	163.0000	Liking	Starburst_6_18pieces.jpg	1.0000	1.1192
103.0000	1.0000	164.0000	Liking	Shreddies_2_1T.jpg	3.0000	2.2421
103.0000	1.0000	165.0000	Liking	VegetableThins_5_25Chips.jpg	1.0000	1.3140
103.0000	1.0000	166.0000	Liking	CornFlakes_6_2cups.jpg	4.0000	3.7374
103.0000	1.0000	167.0000	Liking	SlimStyles_6_2c.jpg	1.0000	1.2135
103.0000	1.0000	168.0000	Liking	SlicedTurkey_2_0.5slice.jpg	1.0000	1.5109
103.0000	1.0000	169.0000	Liking	PopTartStrawberry_5_3tarts.jpg	1.0000	0.7962
103.0000	1.0000	170.0000	Liking	GreenGrapes_1_1.jpg	5.0000	3.3742
103.0000	1.0000	171.0000	Liking	BrusselsSprouts_4_1Box.jpg	3.0000	2.0332
103.0000	1.0000	172.0000	Liking	Starburst_3_5pieces.jpg	1.0000	1.7930
103.0000	1.0000	173.0000	Liking	Orange_5_2orange.jpg	6.0000	1.2991
103.0000	1.0000	174.0000	Liking	RedPepper_5_1pepper.jpg	4.0000	3.4466
103.0000	1.0000	175.0000	Liking	ProMax_4_1bar.jpg	2.0000	4.3498
103.0000	1.0000	176.0000	Liking	PCChipCookie_5_4cookie.jpg	5.0000	2.2089
103.0000	1.0000	177.0000	Liking	Celery_4_0.5bunch.jpg	5.0000	1.8019
103.0000	1.0000	178.0000	Liking	Cheerios_2_2T.jpg	4.0000	1.3201
103.0000	1.0000	179.0000	Liking	MangoChunks_5_1cup.jpg	6.0000	1.6354
103.0000	1.0000	180.0000	Liking	RitzCrackers_2_3Crackers.jpg	3.0000	2.0355
103.0000	1.0000	181.0000	Liking	ProMax_2_0.25bar.jpg	2.0000	0.9629
103.0000	1.0000	182.0000	Liking	Raspberries_4_.5c.jpg	4.0000	1.6369
103.0000	1.0000	183.0000	Liking	AllBranCereal_2_1tbsp.jpg	5.0000	1.6563
103.0000	1.0000	184.0000	Liking	CheeseNips_2_5nips.jpg	2.0000	3.3435
103.0000	1.0000	185.0000	Liking	MnMPlain_3_1tbsp.jpg	6.0000	1.1955
103.0000	1.0000	186.0000	Liking	BabyFoodSweetPotatos_2_2T.jpg	3.0000	13.5096
103.0000	1.0000	187.0000	Liking	Cauliflower_6_0.5bag.jpg	4.0000	30.4405
103.0000	1.0000	188.0000	Liking	WaterChestnuts_3_8pc.jpg	4.0000	3.7371
103.0000	1.0000	189.0000	Liking	Doritos_2_3chips.jpg	1.0000	0.8279
103.0000	1.0000	190.0000	Liking	Broccoli_1_1pc.jpg	6.0000	1.6606
103.0000	1.0000	191.0000	Liking	SunChips_4_20Chips.jpg	1.0000	2.9334
103.0000	1.0000	192.0000	Liking	DriedHerring_1_1fish.jpg	3.0000	3.7693
103.0000	1.0000	193.0000	Liking	VegetableThins_2_5Chips.jpg	2.0000	4.7480
103.0000	1.0000	194.0000	Liking	SpeltCakes_5_4.jpg	2.0000	1.3988
103.0000	1.0000	195.0000	Liking	Twizzlers_4_8.jpg	1.0000	3.4483
103.0000	1.0000	196.0000	Liking	Avocado_2_2pc.jpg	6.0000	9.0237
103.0000	1.0000	197.0000	Liking	Pringles_2_3Chips.jpg	2.0000	1.6707
103.0000	1.0000	198.0000	Liking	FrozenPeas_2_2tbsp.jpg	5.0000	2.9573
103.0000	1.0000	199.0000	Liking	OatmealSquares_7_2Cups.jpg	4.0000	16.2860
103.0000	1.0000	200.0000	Liking	YorkPeppermintPatties_4_12.jpg	2.0000	2.0429
103.0000	2.0000	201.0000	Health	LaysClassic_3_8Chips.jpg	2.0000	5.7126
103.0000	2.0000	202.0000	Health	SevenGrain_3_5.jpg	5.0000	1.7581
103.0000	2.0000	203.0000	Health	RitzCrackers_5_15Crackers.jpg	1.0000	1.8575
103.0000	2.0000	204.0000	Health	SpeltCakes_2_0.5.jpg	5.0000	6.5369
103.0000	2.0000	205.0000	Health	Shreddies_2_1T.jpg	5.0000	11.0829
103.0000	2.0000	206.0000	Health	TofuDessert_2_2Tbsp.jpg	1.0000	1.2651
103.0000	2.0000	207.0000	Health	Raspberries_5_.5bag.jpg	6.0000	8.4950
103.0000	2.0000	208.0000	Health	AllBranBar_3_1bar.jpg	5.0000	3.2132
103.0000	2.0000	209.0000	Health	Broccoli_1_1pc.jpg	6.0000	0.9268
103.0000	2.0000	210.0000	Health	EnglishCucumber_5_0.5cuc.JPG	6.0000	0.5482
103.0000	2.0000	211.0000	Health	CannedArtichoke_5_1can.jpg	6.0000	2.6396
103.0000	2.0000	212.0000	Health	Skittles_3_14pieces.jpg	1.0000	1.9276
103.0000	2.0000	213.0000	Health	RufflesSourCreamOnion_3_5chips.jpg	2.0000	10.9449
103.0000	2.0000	214.0000	Health	WaterChestnuts_5_0.5can.jpg	6.0000	3.3012
103.0000	2.0000	215.0000	Health	RomaineLettuce_2_3leaves.jpg	6.0000	1.3305
103.0000	2.0000	216.0000	Health	Smarties_2_0.5box.jpg	1.0000	4.3747
103.0000	2.0000	217.0000	Health	BBQCrisps_2_5.jpg	3.0000	9.1120
103.0000	2.0000	218.0000	Health	FrozenBroccoli_6_0.5bag.jpg	6.0000	1.9710
103.0000	2.0000	219.0000	Health	VegetableThins_5_25Chips.jpg	4.0000	4.9494
103.0000	2.0000	220.0000	Health	Avocado_5_1avacado.jpg	6.0000	1.2876
103.0000	2.0000	221.0000	Health	Cauliflower_6_0.5bag.jpg	5.0000	1.7560
103.0000	2.0000	222.0000	Health	Skittles_6_0.75pack.jpg	1.0000	1.3031
103.0000	2.0000	223.0000	Health	RaisinBran_7_2cup.jpg	5.0000	2.5117
103.0000	2.0000	224.0000	Health	WaterChestnuts_3_8pc.jpg	5.0000	1.5412
103.0000	2.0000	225.0000	Health	MnMPlain_3_1tbsp.jpg	1.0000	13.4329
103.0000	2.0000	226.0000	Health	PCChipCookie_2_0.5cookie.jpg	2.0000	5.3047
103.0000	2.0000	227.0000	Health	SlicedTurkey_5_4slices.jpg	1.0000	4.3341
103.0000	2.0000	228.0000	Health	FrozenBlueberries_1_1tbsp.jpg	5.0000	1.9696
103.0000	2.0000	229.0000	Health	GreenPepper_2_2pc.jpg	6.0000	0.9723
103.0000	2.0000	230.0000	Health	Mars_4_2Bars.jpg	1.0000	2.3751
103.0000	2.0000	231.0000	Health	GreenPepper_6_1pepper.jpg	6.0000	1.3371
103.0000	2.0000	232.0000	Health	Twizzlers_4_8.jpg	1.0000	1.2452
103.0000	2.0000	233.0000	Health	Tempeh_2_1Tbsp.jpg	2.0000	4.5251
103.0000	2.0000	234.0000	Health	MnMPlain_5_1bag.jpg	1.0000	2.0821
103.0000	2.0000	235.0000	Health	CornFlakes_6_2cups.jpg	3.0000	3.9925
103.0000	2.0000	236.0000	Health	BrusselsSprouts_2_3.jpg	5.0000	6.4267
103.0000	2.0000	237.0000	Health	SunChips_4_20Chips.jpg	3.0000	6.1107
103.0000	2.0000	238.0000	Health	VegetableThins_2_5Chips.jpg	3.0000	1.1643
103.0000	2.0000	239.0000	Health	Reese_4_5Cup.jpg	1.0000	3.5109
103.0000	2.0000	240.0000	Health	NatureValleyChocolate_1_0.25bar.jpg	4.0000	3.1084
103.0000	2.0000	241.0000	Health	WelchsFruitSnacks_1_1bag.jpg	1.0000	9.7449
103.0000	2.0000	242.0000	Health	FrozenCorn_2_0.5cup.jpg	5.0000	12.6693
103.0000	2.0000	243.0000	Health	SkimMilk_4_1glass.jpg	5.0000	2.5241
103.0000	2.0000	244.0000	Health	Smartfood_4_100Chips.jpg	1.0000	2.7389
103.0000	2.0000	245.0000	Health	RedPepper_2_2pc.jpg	6.0000	1.0870
103.0000	2.0000	246.0000	Health	OatmealSquares_7_2Cups.jpg	5.0000	5.8010
103.0000	2.0000	247.0000	Health	Smarties_5_3boxes.jpg	1.0000	1.1705
103.0000	2.0000	248.0000	Health	FrozenPeas_6_0.5bag.jpg	5.0000	4.1726
103.0000	2.0000	249.0000	Health	Broccoli_4_1.5c.jpg	6.0000	0.7106
103.0000	2.0000	250.0000	Health	Starburst_3_5pieces.jpg	1.0000	1.5399
103.0000	2.0000	251.0000	Health	GreenBeans_2_9beans.jpg	5.0000	1.9886
103.0000	2.0000	252.0000	Health	SunChips_2_3Chips.jpg	4.0000	1.2259
103.0000	2.0000	253.0000	Health	Tuna_2_1T.jpg	5.0000	8.5947
103.0000	2.0000	254.0000	Health	RiceKrispiesCereal_7_2cups.jpg	3.0000	6.8049
103.0000	2.0000	255.0000	Health	Mackerel_1_1fish.jpg	6.0000	2.2783
103.0000	2.0000	256.0000	Health	Caramilk_2_2pc.jpg	2.0000	10.7803
103.0000	2.0000	257.0000	Health	Butternut_3_0.3cup.jpg	5.0000	2.9906
103.0000	2.0000	258.0000	Health	Bananas_2_0.5.jpg	6.0000	0.8966
103.0000	2.0000	259.0000	Health	Pringles_2_3Chips.jpg	1.0000	6.6060
103.0000	2.0000	260.0000	Health	Aero_1_1pc.jpg	2.0000	21.6466
103.0000	2.0000	261.0000	Health	IceCreamChocolate_1_1tsp.jpg	2.0000	3.4386
103.0000	2.0000	262.0000	Health	CornFlakes_3_2tbsps.jpg	2.0000	1.8960
103.0000	2.0000	263.0000	Health	AllBranBar_1_.25bar.jpg	4.0000	2.6301
103.0000	2.0000	264.0000	Health	GreenBeans_4_.5pck.jpg	5.0000	0.9815
103.0000	2.0000	265.0000	Health	Triscuit_2_2crackers.jpg	4.0000	1.3273
103.0000	2.0000	266.0000	Health	EnglishCucumber_2_2pc.jpg	6.0000	1.0120
103.0000	2.0000	267.0000	Health	Orange_1_0.25orange.jpg	6.0000	0.8695
103.0000	2.0000	268.0000	Health	Mentos_5_1tube.jpg	1.0000	3.1321
103.0000	2.0000	269.0000	Health	AllBranCereal_2_1tbsp.jpg	6.0000	2.0588
103.0000	2.0000	270.0000	Health	FrozenPeaches_2_3Slices.jpg	6.0000	0.5936
103.0000	2.0000	271.0000	Health	AlmondMilk_2_0.25glass.jpg	4.0000	6.8509
103.0000	2.0000	272.0000	Health	OikosYogurt_3_2spoonfuls.jpg	6.0000	2.3457
103.0000	2.0000	273.0000	Health	Beets_5_1can.jpg	5.0000	1.7818
103.0000	2.0000	274.0000	Health	ClamJuice_3_0.25c.jpg	6.0000	4.7111
103.0000	2.0000	275.0000	Health	RaisinBran_3_2tbsp.jpg	6.0000	17.1831
103.0000	2.0000	276.0000	Health	CheeseNips_2_5nips.jpg	1.0000	2.3216
103.0000	2.0000	277.0000	Health	OikosYogurt_6_1c.jpg	6.0000	1.4296
103.0000	2.0000	278.0000	Health	PopTartStrawberry_2_0.5tart.jpg	1.0000	3.3825
103.0000	2.0000	279.0000	Health	OatBran_2_2T.jpg	6.0000	2.0484
103.0000	2.0000	280.0000	Health	KashiBars_1_0.5bar.jpg	5.0000	3.9517
103.0000	2.0000	281.0000	Health	RiceKrispiesCereal_3_2tbsp.jpg	1.0000	1.7639
103.0000	2.0000	282.0000	Health	Spinach_2_.5c.jpg	6.0000	2.1826
103.0000	2.0000	283.0000	Health	Snickers_2_1Bar.jpg	1.0000	2.2473
103.0000	2.0000	284.0000	Health	ClamJuice_1_1T.jpg	5.0000	3.3666
103.0000	2.0000	285.0000	Health	VanillaGreekYogurt_4_1cup.jpg	4.0000	4.9613
103.0000	2.0000	286.0000	Health	Doritos_5_20chips.jpg	1.0000	1.5223
103.0000	2.0000	287.0000	Health	DriedApricots_2_2.jpg	6.0000	5.8703
103.0000	2.0000	288.0000	Health	CoffeeCrisp_1_0.25bar.jpg	1.0000	1.1482
103.0000	2.0000	289.0000	Health	OatmealSquares_3_2tbsp.jpg	5.0000	6.2130
103.0000	2.0000	290.0000	Health	FrozenBlueberries_3_1cup.jpg	5.0000	1.3324
103.0000	2.0000	291.0000	Health	AppleChips_5_1c..jpg	5.0000	5.8771
103.0000	2.0000	292.0000	Health	BabyFoodCarrots_5_1jar.jpg	6.0000	2.1800
103.0000	2.0000	293.0000	Health	SlimStyles_6_2c.jpg	4.0000	5.3027
103.0000	2.0000	294.0000	Health	Triscuit_5_30crackers.jpg	4.0000	8.1875
103.0000	2.0000	295.0000	Health	ProMax_4_1bar.jpg	3.0000	6.7256
103.0000	2.0000	296.0000	Health	Beets_2_5pc.jpg	5.0000	2.4104
103.0000	2.0000	297.0000	Health	CannedArtichoke_2_2.jpg	5.0000	1.6353
103.0000	2.0000	298.0000	Health	Cheerios_2_2T.jpg	3.0000	2.5756
103.0000	2.0000	299.0000	Health	PureFit_2_0.5Bars.jpg	4.0000	3.7545
103.0000	2.0000	300.0000	Health	MnMPeanuts_2_4.jpg	1.0000	3.1733
103.0000	2.0000	301.0000	Health	AllBranCereal_6_1cup.jpg	6.0000	1.3475
103.0000	2.0000	302.0000	Health	HoneyNutCheerios_5_2cup.jpg	1.0000	1.5640
103.0000	2.0000	303.0000	Health	BabyFoodSweetPotatos_2_2T.jpg	5.0000	3.2867
103.0000	2.0000	304.0000	Health	Starburst_6_18pieces.jpg	1.0000	0.8287
103.0000	2.0000	305.0000	Health	LaysClassic_4_16Chips.jpg	1.0000	1.0637
103.0000	2.0000	306.0000	Health	Strawberries_3_0.5bag.jpg	5.0000	1.8615
103.0000	2.0000	307.0000	Health	Almonds_4_40.jpg	6.0000	2.7482
103.0000	2.0000	308.0000	Health	YorkPeppermintPatties_2_3.jpg	1.0000	4.7810
103.0000	2.0000	309.0000	Health	DriedHerring_3_4fish.jpg	6.0000	3.2550
103.0000	2.0000	310.0000	Health	Prunes_2_3.jpg	6.0000	2.5564
103.0000	2.0000	311.0000	Health	Tuna_4_1can.jpg	5.0000	3.1832
103.0000	2.0000	312.0000	Health	SkittlesSour_6_0.5pack.jpg	1.0000	0.9527
103.0000	2.0000	313.0000	Health	IceCreamVanilla_4_3scoops.jpg	2.0000	3.7633
103.0000	2.0000	314.0000	Health	FrozenPeaches_5_1.5Cups.jpg	5.0000	1.4534
103.0000	2.0000	315.0000	Health	GreenApple_2_1slice.jpg	6.0000	0.7480
103.0000	2.0000	316.0000	Health	BabyFoodCarrots_3_2Tbsp.jpg	6.0000	3.8867
103.0000	2.0000	317.0000	Health	FrootLoops_2_2T.jpg	1.0000	3.0402
103.0000	2.0000	318.0000	Health	MangoChunks_5_1cup.jpg	5.0000	1.1749
103.0000	2.0000	319.0000	Health	SkittlesSour_3_8pieces.jpg	1.0000	1.7371
103.0000	2.0000	320.0000	Health	ClifBar_4_2bars.jpg	5.0000	1.6442
103.0000	2.0000	321.0000	Health	Cheetos_6_2c.jpg	1.0000	1.3004
103.0000	2.0000	322.0000	Health	FrozenOkra_5_0.5box.jpg	6.0000	1.0165
103.0000	2.0000	323.0000	Health	Avocado_2_2pc.jpg	6.0000	0.9038
103.0000	2.0000	324.0000	Health	IceCreamChocolate_4_3scoops.jpg	2.0000	1.3005
103.0000	2.0000	325.0000	Health	OatBran_4_1bowl.jpg	6.0000	1.3051
103.0000	2.0000	326.0000	Health	DriedHerring_1_1fish.jpg	6.0000	1.0465
103.0000	2.0000	327.0000	Health	YorkPeppermintPatties_4_12.jpg	4.0000	3.3012
103.0000	2.0000	328.0000	Health	Asparagus_3_7.jpg	5.0000	5.4385
103.0000	2.0000	329.0000	Health	Orange_5_2orange.jpg	6.0000	0.6860
103.0000	2.0000	330.0000	Health	Celery_2_1stalk.jpg	6.0000	1.4196
103.0000	2.0000	331.0000	Health	GreenApple_4_1.jpg	6.0000	0.9153
103.0000	2.0000	332.0000	Health	GreenGrapes_1_1.jpg	6.0000	0.9034
103.0000	2.0000	333.0000	Health	RufflesSourCreamOnion_5_20chips.jpg	1.0000	10.6560
103.0000	2.0000	334.0000	Health	AppleChips_2_3chips.jpg	5.0000	1.2457
103.0000	2.0000	335.0000	Health	Cauliflower_2_3chunks.jpg	5.0000	1.4669
103.0000	2.0000	336.0000	Health	Twizzlers_2_2.jpg	1.0000	2.1538
103.0000	2.0000	337.0000	Health	Onion_4_0.25.jpg	6.0000	1.2845
103.0000	2.0000	338.0000	Health	Almonds_2_10.jpg	5.0000	7.3137
103.0000	2.0000	339.0000	Health	MangoChunks_2_3.jpg	5.0000	1.5425
103.0000	2.0000	340.0000	Health	SlicedTurkey_2_0.5slice.jpg	1.0000	5.1698
103.0000	2.0000	341.0000	Health	FrootLoops_6_2Cups.jpg	1.0000	2.1528
103.0000	2.0000	342.0000	Health	Tempeh_4_.5pack.jpg	2.0000	12.0274
103.0000	2.0000	343.0000	Health	KashiBars_4_3bars.jpg	4.0000	3.5003
103.0000	2.0000	344.0000	Health	Strawberries_2_0.5c.jpg	5.0000	1.7509
103.0000	2.0000	345.0000	Health	ClifBar_2_0.5bar.jpg	4.0000	1.5459
103.0000	2.0000	346.0000	Health	SkimMilk_1_1Tbsp.jpg	5.0000	1.2531
103.0000	2.0000	347.0000	Health	ProMax_2_0.25bar.jpg	3.0000	1.7312
103.0000	2.0000	348.0000	Health	Bananas_3_1.jpg	4.0000	1.0788
103.0000	2.0000	349.0000	Health	Mentos_2_3pc.jpg	1.0000	6.2846
103.0000	2.0000	350.0000	Health	FrozenCorn_4_2cups.jpg	5.0000	1.5147
103.0000	2.0000	351.0000	Health	Cheerios_5_2c.jpg	2.0000	7.6594
103.0000	2.0000	352.0000	Health	Snickers_3_2Bars.jpg	1.0000	0.8582
103.0000	2.0000	353.0000	Health	CheeseNips_5_1c.jpg	1.0000	0.9848
103.0000	2.0000	354.0000	Health	RedPepper_5_1pepper.jpg	6.0000	1.0577
103.0000	2.0000	355.0000	Health	Smartfood_2_8Chips.jpg	1.0000	1.1463
103.0000	2.0000	356.0000	Health	Reese_1_1Cup.jpg	1.0000	5.2224
103.0000	2.0000	357.0000	Health	Mackerel_3_4fish.jpg	6.0000	1.6783
103.0000	2.0000	358.0000	Health	RitzCrackers_2_3Crackers.jpg	1.0000	1.5245
103.0000	2.0000	359.0000	Health	RomaineLettuce_4_1head.jpg	6.0000	0.8725
103.0000	2.0000	360.0000	Health	Mars_2_0.5Bar.jpg	1.0000	0.9186
103.0000	2.0000	361.0000	Health	BabyFoodSweetPotatos_5_1jar.jpg	4.0000	6.6825
103.0000	2.0000	362.0000	Health	GreenGrapes_4_40.jpg	6.0000	1.4161
103.0000	2.0000	363.0000	Health	Asparagus_6_FullPack.jpg	5.0000	1.8383
103.0000	2.0000	364.0000	Health	Butternut_7_2cups.jpg	5.0000	0.9008
103.0000	2.0000	365.0000	Health	Cheetos_3_10pc.jpg	1.0000	0.9534
103.0000	2.0000	366.0000	Health	FrozenOkra_2_2pc.jpg	6.0000	2.3075
103.0000	2.0000	367.0000	Health	BBQCrisps_6_1cup.jpg	1.0000	1.1514
103.0000	2.0000	368.0000	Health	Onion_2_1ring.jpg	6.0000	0.9783
103.0000	2.0000	369.0000	Health	AlmondMilk_4_1glass.jpg	4.0000	3.8762
103.0000	2.0000	370.0000	Health	MnMPeanuts_4_45.jpg	1.0000	1.6102
103.0000	2.0000	371.0000	Health	Celery_4_0.5bunch.jpg	6.0000	0.8750
103.0000	2.0000	372.0000	Health	Spinach_4_.5box.jpg	6.0000	0.6157
103.0000	2.0000	373.0000	Health	PureFit_4_2Bars.jpg	3.0000	3.8078
103.0000	2.0000	374.0000	Health	IceCreamVanilla_1_2tsp.jpg	2.0000	1.2405
103.0000	2.0000	375.0000	Health	Shreddies_5_2c.jpg	4.0000	4.5886
103.0000	2.0000	376.0000	Health	Fritos_2_5chips.jpg	1.0000	1.4173
103.0000	2.0000	377.0000	Health	Caramilk_5_2bars.jpg	1.0000	4.5672
103.0000	2.0000	378.0000	Health	TofuDessert_4_1pck.jpg	1.0000	1.4176
103.0000	2.0000	379.0000	Health	VanillaGreekYogurt_2_1spoon.jpg	6.0000	1.3294
103.0000	2.0000	380.0000	Health	DriedApricots_5_0.75cup.jpg	6.0000	1.2213
103.0000	2.0000	381.0000	Health	FrozenBroccoli_2_3chunks.jpg	5.0000	1.1464
103.0000	2.0000	382.0000	Health	Fritos_5_1c.jpg	1.0000	1.0090
103.0000	2.0000	383.0000	Health	BrusselsSprouts_4_1Box.jpg	5.0000	1.6017
103.0000	2.0000	384.0000	Health	Prunes_5_1c.jpg	6.0000	1.0984
103.0000	2.0000	385.0000	Health	SlimStyles_2_2Tbsp.jpg	3.0000	1.6710
103.0000	2.0000	386.0000	Health	NatureValleyChocolate_4_2bars.jpg	4.0000	1.4290
103.0000	2.0000	387.0000	Health	CoffeeCrisp_3_1Bars.jpg	1.0000	2.1649
103.0000	2.0000	388.0000	Health	SevenGrain_1_1.jpg	5.0000	6.1030
103.0000	2.0000	389.0000	Health	Aero_3_1bar.jpg	1.0000	3.1398
103.0000	2.0000	390.0000	Health	HoneyNutCheerios_2_2tbsp.jpg	2.0000	3.8920
103.0000	2.0000	391.0000	Health	SpeltCakes_5_4.jpg	4.0000	1.2814
103.0000	2.0000	392.0000	Health	Raspberries_4_.5c.jpg	5.0000	0.9420
103.0000	2.0000	393.0000	Health	Nutella_1_0.5spoon.jpg	1.0000	1.2653
103.0000	2.0000	394.0000	Health	FrozenPeas_2_2tbsp.jpg	5.0000	1.4074
103.0000	2.0000	395.0000	Health	PopTartStrawberry_5_3tarts.jpg	1.0000	0.8480
103.0000	2.0000	396.0000	Health	Nutella_4_3spoons.jpg	1.0000	0.7749
103.0000	2.0000	397.0000	Health	WelchsFruitSnacks_3_4bags.jpg	1.0000	0.6488
103.0000	2.0000	398.0000	Health	PCChipCookie_5_4cookie.jpg	1.0000	1.9115
103.0000	2.0000	399.0000	Health	Doritos_2_3chips.jpg	1.0000	0.5303
103.0000	2.0000	400.0000	Health	Pringles_5_40Chips.jpg	1.0000	0.4930
103.0000	2.0000	401.0000	Taste	SpeltCakes_5_4.jpg	4.0000	6.2432
103.0000	2.0000	402.0000	Taste	PureFit_2_0.5Bars.jpg	3.0000	7.4747
103.0000	2.0000	403.0000	Taste	Mentos_5_1tube.jpg	1.0000	1.1768
103.0000	2.0000	404.0000	Taste	RitzCrackers_5_15Crackers.jpg	5.0000	2.7788
103.0000	2.0000	405.0000	Taste	Mars_2_0.5Bar.jpg	3.0000	5.3011
103.0000	2.0000	406.0000	Taste	NatureValleyChocolate_4_2bars.jpg	4.0000	1.9698
103.0000	2.0000	407.0000	Taste	Aero_3_1bar.jpg	6.0000	1.3957
103.0000	2.0000	408.0000	Taste	DriedApricots_2_2.jpg	6.0000	5.1317
103.0000	2.0000	409.0000	Taste	Twizzlers_4_8.jpg	2.0000	14.6870
103.0000	2.0000	410.0000	Taste	EnglishCucumber_5_0.5cuc.JPG	6.0000	2.0367
103.0000	2.0000	411.0000	Taste	Broccoli_4_1.5c.jpg	6.0000	1.0209
103.0000	2.0000	412.0000	Taste	FrozenCorn_4_2cups.jpg	6.0000	1.8528
103.0000	2.0000	413.0000	Taste	MnMPeanuts_2_4.jpg	6.0000	1.3315
103.0000	2.0000	414.0000	Taste	RitzCrackers_2_3Crackers.jpg	5.0000	1.6710
103.0000	2.0000	415.0000	Taste	Nutella_1_0.5spoon.jpg	6.0000	1.7168
103.0000	2.0000	416.0000	Taste	AppleChips_2_3chips.jpg	6.0000	1.2303
103.0000	2.0000	417.0000	Taste	FrozenBlueberries_1_1tbsp.jpg	6.0000	4.6444
103.0000	2.0000	418.0000	Taste	PopTartStrawberry_5_3tarts.jpg	3.0000	6.2998
103.0000	2.0000	419.0000	Taste	Beets_5_1can.jpg	5.0000	1.5525
103.0000	2.0000	420.0000	Taste	CheeseNips_5_1c.jpg	3.0000	2.5873
103.0000	2.0000	421.0000	Taste	OikosYogurt_3_2spoonfuls.jpg	6.0000	1.0052
103.0000	2.0000	422.0000	Taste	RiceKrispiesCereal_7_2cups.jpg	5.0000	2.7021
103.0000	2.0000	423.0000	Taste	Asparagus_6_FullPack.jpg	6.0000	2.4807
103.0000	2.0000	424.0000	Taste	WaterChestnuts_5_0.5can.jpg	5.0000	6.9821
103.0000	2.0000	425.0000	Taste	MnMPlain_5_1bag.jpg	6.0000	1.2236
103.0000	2.0000	426.0000	Taste	Fritos_5_1c.jpg	4.0000	3.0657
103.0000	2.0000	427.0000	Taste	FrozenPeas_6_0.5bag.jpg	5.0000	9.7597
103.0000	2.0000	428.0000	Taste	Pringles_5_40Chips.jpg	2.0000	3.2239
103.0000	2.0000	429.0000	Taste	ClifBar_2_0.5bar.jpg	4.0000	4.1200
103.0000	2.0000	430.0000	Taste	Smarties_5_3boxes.jpg	4.0000	2.5402
103.0000	2.0000	431.0000	Taste	RedPepper_2_2pc.jpg	2.0000	2.5194
103.0000	2.0000	432.0000	Taste	Pringles_2_3Chips.jpg	2.0000	1.6321
103.0000	2.0000	433.0000	Taste	KashiBars_4_3bars.jpg	5.0000	3.8316
103.0000	2.0000	434.0000	Taste	AllBranCereal_2_1tbsp.jpg	1.0000	6.7615
103.0000	2.0000	435.0000	Taste	SunChips_2_3Chips.jpg	3.0000	2.9671
103.0000	2.0000	436.0000	Taste	GreenGrapes_1_1.jpg	5.0000	2.3451
103.0000	2.0000	437.0000	Taste	RaisinBran_7_2cup.jpg	3.0000	2.6795
103.0000	2.0000	438.0000	Taste	AllBranCereal_6_1cup.jpg	2.0000	6.9685
103.0000	2.0000	439.0000	Taste	Skittles_6_0.75pack.jpg	1.0000	1.3067
103.0000	2.0000	440.0000	Taste	CannedArtichoke_5_1can.jpg	2.0000	16.7433
103.0000	2.0000	441.0000	Taste	Butternut_3_0.3cup.jpg	2.0000	5.0265
103.0000	2.0000	442.0000	Taste	Onion_4_0.25.jpg	4.0000	4.4983
103.0000	2.0000	443.0000	Taste	FrozenBroccoli_6_0.5bag.jpg	5.0000	4.1486
103.0000	2.0000	444.0000	Taste	TofuDessert_4_1pck.jpg	3.0000	5.9034
103.0000	2.0000	445.0000	Taste	Reese_4_5Cup.jpg	2.0000	3.0202
103.0000	2.0000	446.0000	Taste	GreenApple_4_1.jpg	5.0000	2.7322
103.0000	2.0000	447.0000	Taste	MnMPeanuts_4_45.jpg	6.0000	2.9996
103.0000	2.0000	448.0000	Taste	VanillaGreekYogurt_2_1spoon.jpg	6.0000	0.6636
103.0000	2.0000	449.0000	Taste	LaysClassic_4_16Chips.jpg	2.0000	1.5257
103.0000	2.0000	450.0000	Taste	SevenGrain_3_5.jpg	5.0000	2.8020
103.0000	2.0000	451.0000	Taste	Celery_2_1stalk.jpg	5.0000	2.8506
103.0000	2.0000	452.0000	Taste	CoffeeCrisp_1_0.25bar.jpg	1.0000	2.6332
103.0000	2.0000	453.0000	Taste	AlmondMilk_2_0.25glass.jpg	3.0000	3.2078
103.0000	2.0000	454.0000	Taste	ClifBar_4_2bars.jpg	4.0000	1.4240
103.0000	2.0000	455.0000	Taste	PopTartStrawberry_2_0.5tart.jpg	1.0000	1.1759
103.0000	2.0000	456.0000	Taste	KashiBars_1_0.5bar.jpg	4.0000	2.2107
103.0000	2.0000	457.0000	Taste	Tuna_2_1T.jpg	4.0000	1.7794
103.0000	2.0000	458.0000	Taste	VanillaGreekYogurt_4_1cup.jpg	6.0000	1.7494
103.0000	2.0000	459.0000	Taste	Raspberries_4_.5c.jpg	5.0000	2.0387
103.0000	2.0000	460.0000	Taste	Cauliflower_2_3chunks.jpg	5.0000	3.4202
103.0000	2.0000	461.0000	Taste	FrootLoops_6_2Cups.jpg	5.0000	8.4802
103.0000	2.0000	462.0000	Taste	SlimStyles_2_2Tbsp.jpg	1.0000	2.1578
103.0000	2.0000	463.0000	Taste	Celery_4_0.5bunch.jpg	5.0000	1.8726
103.0000	2.0000	464.0000	Taste	DriedHerring_3_4fish.jpg	2.0000	2.6779
103.0000	2.0000	465.0000	Taste	Caramilk_2_2pc.jpg	6.0000	1.3240
103.0000	2.0000	466.0000	Taste	OatBran_2_2T.jpg	6.0000	2.7680
103.0000	2.0000	467.0000	Taste	Caramilk_5_2bars.jpg	6.0000	0.6099
103.0000	2.0000	468.0000	Taste	Doritos_5_20chips.jpg	1.0000	1.0086
103.0000	2.0000	469.0000	Taste	IceCreamChocolate_4_3scoops.jpg	6.0000	1.9133
103.0000	2.0000	470.0000	Taste	Doritos_2_3chips.jpg	1.0000	0.7787
103.0000	2.0000	471.0000	Taste	Spinach_2_.5c.jpg	6.0000	2.8047
103.0000	2.0000	472.0000	Taste	CornFlakes_6_2cups.jpg	5.0000	5.0609
103.0000	2.0000	473.0000	Taste	DriedHerring_1_1fish.jpg	4.0000	3.8029
103.0000	2.0000	474.0000	Taste	Cheetos_3_10pc.jpg	1.0000	1.6270
103.0000	2.0000	475.0000	Taste	FrozenPeaches_2_3Slices.jpg	6.0000	0.9945
103.0000	2.0000	476.0000	Taste	Spinach_4_.5box.jpg	6.0000	0.8998
103.0000	2.0000	477.0000	Taste	Almonds_2_10.jpg	6.0000	1.1765
103.0000	2.0000	478.0000	Taste	PureFit_4_2Bars.jpg	3.0000	1.8017
103.0000	2.0000	479.0000	Taste	Tempeh_2_1Tbsp.jpg	2.0000	1.3624
103.0000	2.0000	480.0000	Taste	BabyFoodSweetPotatos_5_1jar.jpg	1.0000	2.9018
103.0000	2.0000	481.0000	Taste	Smartfood_2_8Chips.jpg	1.0000	0.9886
103.0000	2.0000	482.0000	Taste	Triscuit_2_2crackers.jpg	3.0000	4.8459
103.0000	2.0000	483.0000	Taste	Strawberries_3_0.5bag.jpg	4.0000	10.1314
103.0000	2.0000	484.0000	Taste	BabyFoodCarrots_3_2Tbsp.jpg	3.0000	1.6783
103.0000	2.0000	485.0000	Taste	OatmealSquares_3_2tbsp.jpg	4.0000	2.4190
103.0000	2.0000	486.0000	Taste	SpeltCakes_2_0.5.jpg	4.0000	2.8179
103.0000	2.0000	487.0000	Taste	Prunes_2_3.jpg	4.0000	1.5858
103.0000	2.0000	488.0000	Taste	Orange_5_2orange.jpg	6.0000	1.5950
103.0000	2.0000	489.0000	Taste	FrozenCorn_2_0.5cup.jpg	5.0000	1.7252
103.0000	2.0000	490.0000	Taste	CannedArtichoke_2_2.jpg	2.0000	1.1209
103.0000	2.0000	491.0000	Taste	SlimStyles_6_2c.jpg	1.0000	1.7645
103.0000	2.0000	492.0000	Taste	Mentos_2_3pc.jpg	1.0000	0.6314
103.0000	2.0000	493.0000	Taste	AllBranBar_1_.25bar.jpg	4.0000	1.5906
103.0000	2.0000	494.0000	Taste	FrozenBroccoli_2_3chunks.jpg	5.0000	2.1507
103.0000	2.0000	495.0000	Taste	IceCreamVanilla_1_2tsp.jpg	2.0000	3.5533
103.0000	2.0000	496.0000	Taste	BBQCrisps_6_1cup.jpg	3.0000	3.5382
103.0000	2.0000	497.0000	Taste	SkittlesSour_3_8pieces.jpg	1.0000	1.3729
103.0000	2.0000	498.0000	Taste	MnMPlain_3_1tbsp.jpg	6.0000	1.1503
103.0000	2.0000	499.0000	Taste	FrozenOkra_5_0.5box.jpg	6.0000	1.0170
103.0000	2.0000	500.0000	Taste	Bananas_2_0.5.jpg	6.0000	1.0257
103.0000	2.0000	501.0000	Taste	CornFlakes_3_2tbsps.jpg	5.0000	1.0831
103.0000	2.0000	502.0000	Taste	RomaineLettuce_4_1head.jpg	6.0000	2.2089
103.0000	2.0000	503.0000	Taste	BBQCrisps_2_5.jpg	3.0000	4.4177
103.0000	2.0000	504.0000	Taste	Starburst_3_5pieces.jpg	1.0000	0.9612
103.0000	2.0000	505.0000	Taste	Smarties_2_0.5box.jpg	2.0000	1.6116
103.0000	2.0000	506.0000	Taste	NatureValleyChocolate_1_0.25bar.jpg	4.0000	7.9483
103.0000	2.0000	507.0000	Taste	RomaineLettuce_2_3leaves.jpg	6.0000	0.9041
103.0000	2.0000	508.0000	Taste	BrusselsSprouts_2_3.jpg	5.0000	1.5967
103.0000	2.0000	509.0000	Taste	IceCreamChocolate_1_1tsp.jpg	6.0000	1.3654
103.0000	2.0000	510.0000	Taste	Cheerios_2_2T.jpg	1.0000	6.5567
103.0000	2.0000	511.0000	Taste	RedPepper_5_1pepper.jpg	2.0000	2.3438
103.0000	2.0000	512.0000	Taste	GreenPepper_2_2pc.jpg	2.0000	10.7709
103.0000	2.0000	513.0000	Taste	Twizzlers_2_2.jpg	1.0000	1.7492
103.0000	2.0000	514.0000	Taste	CheeseNips_2_5nips.jpg	3.0000	3.0639
103.0000	2.0000	515.0000	Taste	ClamJuice_3_0.25c.jpg	1.0000	12.9817
103.0000	2.0000	516.0000	Taste	SkimMilk_4_1glass.jpg	5.0000	4.2234
103.0000	2.0000	517.0000	Taste	PCChipCookie_5_4cookie.jpg	6.0000	1.4636
103.0000	2.0000	518.0000	Taste	ClamJuice_1_1T.jpg	2.0000	3.1574
103.0000	2.0000	519.0000	Taste	HoneyNutCheerios_5_2cup.jpg	4.0000	3.1004
103.0000	2.0000	520.0000	Taste	FrozenOkra_2_2pc.jpg	6.0000	1.8070
103.0000	2.0000	521.0000	Taste	Triscuit_5_30crackers.jpg	3.0000	2.4077
103.0000	2.0000	522.0000	Taste	SlicedTurkey_2_0.5slice.jpg	1.0000	1.2804
103.0000	2.0000	523.0000	Taste	Asparagus_3_7.jpg	5.0000	1.2824
103.0000	2.0000	524.0000	Taste	WelchsFruitSnacks_1_1bag.jpg	1.0000	1.6320
103.0000	2.0000	525.0000	Taste	GreenBeans_4_.5pck.jpg	5.0000	1.3244
103.0000	2.0000	526.0000	Taste	BrusselsSprouts_4_1Box.jpg	4.0000	1.4007
103.0000	2.0000	527.0000	Taste	Mars_4_2Bars.jpg	2.0000	2.5693
103.0000	2.0000	528.0000	Taste	RufflesSourCreamOnion_3_5chips.jpg	2.0000	3.0467
103.0000	2.0000	529.0000	Taste	Butternut_7_2cups.jpg	2.0000	1.3333
103.0000	2.0000	530.0000	Taste	Tempeh_4_.5pack.jpg	2.0000	1.0322
103.0000	2.0000	531.0000	Taste	VegetableThins_2_5Chips.jpg	2.0000	0.9757
103.0000	2.0000	532.0000	Taste	Strawberries_2_0.5c.jpg	5.0000	3.3189
103.0000	2.0000	533.0000	Taste	Smartfood_4_100Chips.jpg	1.0000	3.9649
103.0000	2.0000	534.0000	Taste	SevenGrain_1_1.jpg	4.0000	3.1910
103.0000	2.0000	535.0000	Taste	FrozenBlueberries_3_1cup.jpg	5.0000	0.8005
103.0000	2.0000	536.0000	Taste	Orange_1_0.25orange.jpg	6.0000	1.1130
103.0000	2.0000	537.0000	Taste	Almonds_4_40.jpg	5.0000	1.2371
103.0000	2.0000	538.0000	Taste	RiceKrispiesCereal_3_2tbsp.jpg	4.0000	1.0847
103.0000	2.0000	539.0000	Taste	Shreddies_2_1T.jpg	3.0000	4.8311
103.0000	2.0000	540.0000	Taste	LaysClassic_3_8Chips.jpg	2.0000	3.2007
103.0000	2.0000	541.0000	Taste	MangoChunks_5_1cup.jpg	5.0000	3.7527
103.0000	2.0000	542.0000	Taste	CoffeeCrisp_3_1Bars.jpg	1.0000	1.0668
103.0000	2.0000	543.0000	Taste	SunChips_4_20Chips.jpg	3.0000	3.1141
103.0000	2.0000	544.0000	Taste	Onion_2_1ring.jpg	5.0000	1.2616
103.0000	2.0000	545.0000	Taste	IceCreamVanilla_4_3scoops.jpg	2.0000	1.0188
103.0000	2.0000	546.0000	Taste	ProMax_4_1bar.jpg	1.0000	2.2595
103.0000	2.0000	547.0000	Taste	DriedApricots_5_0.75cup.jpg	6.0000	1.4657
103.0000	2.0000	548.0000	Taste	GreenGrapes_4_40.jpg	6.0000	0.9597
103.0000	2.0000	549.0000	Taste	Cheerios_5_2c.jpg	2.0000	2.3731
103.0000	2.0000	550.0000	Taste	ProMax_2_0.25bar.jpg	2.0000	2.2624
103.0000	2.0000	551.0000	Taste	Prunes_5_1c.jpg	3.0000	2.4278
103.0000	2.0000	552.0000	Taste	Bananas_3_1.jpg	5.0000	5.1238
103.0000	2.0000	553.0000	Taste	OatmealSquares_7_2Cups.jpg	3.0000	1.1167
103.0000	2.0000	554.0000	Taste	Broccoli_1_1pc.jpg	6.0000	2.7366
103.0000	2.0000	555.0000	Taste	GreenApple_2_1slice.jpg	6.0000	0.9075
103.0000	2.0000	556.0000	Taste	WaterChestnuts_3_8pc.jpg	5.0000	4.0080
103.0000	2.0000	557.0000	Taste	Beets_2_5pc.jpg	5.0000	1.2401
103.0000	2.0000	558.0000	Taste	FrootLoops_2_2T.jpg	6.0000	2.4842
103.0000	2.0000	559.0000	Taste	BabyFoodSweetPotatos_2_2T.jpg	2.0000	2.1689
103.0000	2.0000	560.0000	Taste	GreenPepper_6_1pepper.jpg	3.0000	1.4332
103.0000	2.0000	561.0000	Taste	SkittlesSour_6_0.5pack.jpg	1.0000	0.9683
103.0000	2.0000	562.0000	Taste	Mackerel_3_4fish.jpg	3.0000	2.6017
103.0000	2.0000	563.0000	Taste	AppleChips_5_1c..jpg	5.0000	5.3590
103.0000	2.0000	564.0000	Taste	FrozenPeas_2_2tbsp.jpg	5.0000	0.9138
103.0000	2.0000	565.0000	Taste	HoneyNutCheerios_2_2tbsp.jpg	5.0000	0.8826
103.0000	2.0000	566.0000	Taste	Reese_1_1Cup.jpg	2.0000	1.8473
103.0000	2.0000	567.0000	Taste	GreenBeans_2_9beans.jpg	5.0000	1.2439
103.0000	2.0000	568.0000	Taste	Shreddies_5_2c.jpg	3.0000	1.1847
103.0000	2.0000	569.0000	Taste	OikosYogurt_6_1c.jpg	6.0000	2.6100
103.0000	2.0000	570.0000	Taste	RaisinBran_3_2tbsp.jpg	3.0000	1.9500
103.0000	2.0000	571.0000	Taste	Snickers_3_2Bars.jpg	1.0000	1.0728
103.0000	2.0000	572.0000	Taste	TofuDessert_2_2Tbsp.jpg	3.0000	1.7347
103.0000	2.0000	573.0000	Taste	AllBranBar_3_1bar.jpg	4.0000	1.8907
103.0000	2.0000	574.0000	Taste	SlicedTurkey_5_4slices.jpg	1.0000	0.9043
103.0000	2.0000	575.0000	Taste	MangoChunks_2_3.jpg	6.0000	3.3882
103.0000	2.0000	576.0000	Taste	EnglishCucumber_2_2pc.jpg	6.0000	0.7423
103.0000	2.0000	577.0000	Taste	Cheetos_6_2c.jpg	1.0000	0.9696
103.0000	2.0000	578.0000	Taste	RufflesSourCreamOnion_5_20chips.jpg	4.0000	3.2557
103.0000	2.0000	579.0000	Taste	AlmondMilk_4_1glass.jpg	3.0000	11.3415
103.0000	2.0000	580.0000	Taste	SkimMilk_1_1Tbsp.jpg	5.0000	2.4485
103.0000	2.0000	581.0000	Taste	Avocado_5_1avacado.jpg	5.0000	3.2195
103.0000	2.0000	582.0000	Taste	Starburst_6_18pieces.jpg	1.0000	0.9374
103.0000	2.0000	583.0000	Taste	Snickers_2_1Bar.jpg	1.0000	4.7168
103.0000	2.0000	584.0000	Taste	Fritos_2_5chips.jpg	1.0000	0.9976
103.0000	2.0000	585.0000	Taste	Skittles_3_14pieces.jpg	1.0000	1.0383
103.0000	2.0000	586.0000	Taste	OatBran_4_1bowl.jpg	6.0000	1.9970
103.0000	2.0000	587.0000	Taste	VegetableThins_5_25Chips.jpg	3.0000	2.1503
103.0000	2.0000	588.0000	Taste	PCChipCookie_2_0.5cookie.jpg	6.0000	6.8170
103.0000	2.0000	589.0000	Taste	Nutella_4_3spoons.jpg	6.0000	0.6491
103.0000	2.0000	590.0000	Taste	Mackerel_1_1fish.jpg	4.0000	3.3592
103.0000	2.0000	591.0000	Taste	YorkPeppermintPatties_4_12.jpg	3.0000	3.1277
103.0000	2.0000	592.0000	Taste	Aero_1_1pc.jpg	6.0000	1.3633
103.0000	2.0000	593.0000	Taste	WelchsFruitSnacks_3_4bags.jpg	1.0000	0.9013
103.0000	2.0000	594.0000	Taste	Tuna_4_1can.jpg	4.0000	1.8332
103.0000	2.0000	595.0000	Taste	BabyFoodCarrots_5_1jar.jpg	4.0000	3.5048
103.0000	2.0000	596.0000	Taste	Raspberries_5_.5bag.jpg	6.0000	3.8675
103.0000	2.0000	597.0000	Taste	Cauliflower_6_0.5bag.jpg	5.0000	1.2782
103.0000	2.0000	598.0000	Taste	YorkPeppermintPatties_2_3.jpg	3.0000	1.3936
103.0000	2.0000	599.0000	Taste	FrozenPeaches_5_1.5Cups.jpg	6.0000	0.8588
103.0000	2.0000	600.0000	Taste	Avocado_2_2pc.jpg	6.0000	1.4810
