Subject	Trial	Instruction	Food	Liking	Taste	Health	Amount	Choice	ChoiceRT	FirstDevTimeChoice	InitAngleChoice	NumChangeMindChoice	FinalDevTimeChoice	MaxVelocityChoice	DrxFirstDevChoice	TotalAUCChoice	AUCtoNonChosenChoice	AUCtoChosenChoice	MaxDevChoice
116.0000	1.0000	Respond Naturally	Bananas	5.0000	4.0000	3.0000	2	1.0000	1.6296	0.1849	0.2782	1.0000	1.0081	0.3161	-1.0000	0.5026	0.5477	-0.0451	1.4169
116.0000	2.0000	Respond Naturally	IceCreamVanilla	6.0000	2.0000	1.0000	1	1.0000	1.1592	0.5209	0.0942	0.0000	0.5209	0.3278	1.0000	0.0781	0.0851	-0.0070	0.1967
116.0000	3.0000	Respond Naturally	Smartfood	5.0000	3.0000	1.0000	2	1.0000	3.0885	2.4166	0.0000	0.0000	2.4166	0.3784	1.0000	0.1170	0.1442	-0.0272	-0.3713
116.0000	4.0000	Respond Naturally	IceCreamChocolate	5.0000	2.0000	1.0000	1	1.0000	1.0751	0.5040	0.1642	0.0000	0.5040	0.2278	1.0000	0.2482	0.3024	-0.0542	0.6703
116.0000	5.0000	Respond Naturally	NatureValleyChocolate	4.0000	3.0000	4.0000	1	1.0000	1.5622	1.0414	-0.2101	0.0000	1.0414	0.1398	1.0000	0.1726	0.1726	-0.0000	0.2986
116.0000	6.0000	Respond Naturally	Bananas	4.0000	4.0000	5.0000	3	-1.0000	1.2766	0.7561	-0.0130	0.0000	0.7561	0.2140	-1.0000	0.1802	0.1802	-0.0000	0.3119
116.0000	7.0000	Respond Naturally	CornFlakes	3.0000	3.0000	2.0000	3	-1.0000	1.3933	0.8558	-0.1530	0.0000	0.8558	0.2785	-1.0000	0.1897	0.1897	-0.0000	0.3337
116.0000	8.0000	Respond Naturally	SlimStyles	5.0000	3.0000	4.0000	2	-1.0000	1.2092	0.4032	-0.0000	0.0000	0.4032	0.2152	-1.0000	0.0613	0.0632	-0.0018	0.1659
116.0000	9.0000	Respond Naturally	PopTartStrawberry	5.0000	6.0000	1.0000	2	1.0000	1.1595	0.5381	-0.3609	0.0000	0.5381	0.1933	1.0000	0.0709	0.1070	-0.0362	0.2119
116.0000	10.0000	Respond Naturally	DriedHerring	3.0000	1.0000	3.0000	1	-1.0000	1.1924	0.6381	-0.0534	0.0000	0.6381	0.2417	-1.0000	0.1273	0.1274	-0.0001	0.2031
116.0000	11.0000	Focus on Health	BabyFoodCarrots	4.0000	2.0000	2.0000	5	1.0000	1.7631	0.5876	-0.1308	1.0000	0.9236	0.2504	-1.0000	0.3641	0.3647	-0.0006	1.1764
116.0000	12.0000	Focus on Health	SkittlesSour	6.0000	2.0000	1.0000	3	-1.0000	1.5455	0.4872	0.1046	1.0000	0.7056	0.1951	1.0000	0.2929	0.2929	-0.0000	1.0254
116.0000	13.0000	Focus on Health	VegetableThins	4.0000	4.0000	3.0000	2	-1.0000	1.5621	0.9405	-0.0048	0.0000	0.9405	0.1542	-1.0000	0.1828	0.1913	-0.0084	0.3631
116.0000	14.0000	Focus on Health	PCChipCookie	5.0000	6.0000	1.0000	2	-1.0000	1.1251	0.5877	0.4360	0.0000	0.5877	0.2682	-1.0000	0.0730	0.0913	-0.0183	0.1929
116.0000	15.0000	Focus on Health	AlmondMilk	2.0000	1.0000	1.0000	4	-1.0000	1.7968	0.7724	0.0395	0.0000	0.7724	0.1517	-1.0000	0.0946	0.0949	-0.0002	0.2474
116.0000	16.0000	Focus on Health	RaisinBran	3.0000	5.0000	1.0000	3	-1.0000	1.2092	0.4365	-0.7700	0.0000	0.4365	0.1884	-1.0000	0.0907	0.0907	-0.0000	0.2470
116.0000	17.0000	Focus on Health	Almonds	2.0000	3.0000	2.0000	4	-1.0000	2.1997	1.4437	0.0547	0.0000	1.4437	0.0750	-1.0000	0.2016	0.2016	-0.0000	0.2895
116.0000	18.0000	Focus on Health	Avocado	4.0000	6.0000	6.0000	5	1.0000	1.0413	0.5374	-0.0251	0.0000	0.5374	0.2976	1.0000	0.0704	0.1227	-0.0523	0.2414
116.0000	19.0000	Focus on Health	Doritos	5.0000	6.0000	1.0000	5	-1.0000	1.0078	0.5710	0.3147	0.0000	0.5710	0.2134	-1.0000	0.1091	0.1098	-0.0007	0.2102
116.0000	20.0000	Focus on Health	PCChipCookie	6.0000	6.0000	4.0000	5	-1.0000	1.0415	0.4870	-0.2564	0.0000	0.4870	0.1783	-1.0000	0.1124	0.1129	-0.0005	0.2440
116.0000	21.0000	Respond Naturally	SlicedTurkey	2.0000	5.0000	2.0000	2	-1.0000	1.1418	0.5372	0.0454	0.0000	0.5372	0.1677	-1.0000	0.1622	0.1628	-0.0006	0.2727
116.0000	22.0000	Respond Naturally	FrozenBlueberries	6.0000	3.0000	3.0000	1	-1.0000	1.1588	0.6548	-0.0403	0.0000	0.6548	0.1495	-1.0000	0.1447	0.1448	-0.0000	0.2253
116.0000	23.0000	Respond Naturally	SunChips	6.0000	6.0000	1.0000	4	1.0000	1.1925	0.5038	-0.2201	0.0000	0.5038	0.2134	1.0000	0.1713	0.1713	-0.0000	0.2946
116.0000	24.0000	Respond Naturally	RomaineLettuce	4.0000	2.0000	6.0000	4	-1.0000	1.2260	0.4700	-0.0000	1.0000	0.7052	0.2113	1.0000	0.2611	0.2770	-0.0158	0.8244
116.0000	25.0000	Respond Naturally	Shreddies	2.0000	5.0000	1.0000	2	-1.0000	1.4446	0.4703	-0.0000	0.0000	0.4703	0.1456	-1.0000	0.1105	0.1108	-0.0004	0.2645
116.0000	26.0000	Respond Naturally	YorkPeppermintPatties	4.0000	6.0000	1.0000	4	-1.0000	1.1758	0.5206	-0.0807	0.0000	0.5206	0.1601	-1.0000	0.1487	0.1487	-0.0000	0.2340
116.0000	27.0000	Respond Naturally	PopTartStrawberry	6.0000	6.0000	1.0000	5	-1.0000	1.3606	0.6215	0.1157	0.0000	0.6215	0.2137	-1.0000	0.0992	0.1075	-0.0083	0.2305
116.0000	28.0000	Respond Naturally	BBQCrisps	3.0000	4.0000	1.0000	2	1.0000	1.7630	1.1246	-0.0099	0.0000	1.1246	0.1899	1.0000	0.2628	0.2628	-0.0000	0.3597
116.0000	29.0000	Respond Naturally	Mars	5.0000	6.0000	1.0000	2	1.0000	1.9650	0.6547	0.1212	1.0000	1.2258	0.0933	-1.0000	0.2722	0.2763	-0.0041	0.5954
116.0000	30.0000	Respond Naturally	FrozenBlueberries	5.0000	5.0000	5.0000	3	-1.0000	1.0080	0.5545	-0.1035	0.0000	0.5545	0.1589	-1.0000	0.1854	0.1854	-0.0000	0.3046
116.0000	31.0000	Focus on Health	SunChips	6.0000	6.0000	2.0000	2	-1.0000	1.0414	0.1848	-0.2804	0.0000	0.1848	0.2543	-1.0000	0.0761	0.1175	-0.0414	0.2842
116.0000	32.0000	Focus on Health	WelchsFruitSnacks	3.0000	6.0000	1.0000	1	-1.0000	1.4611	0.9236	0.1402	0.0000	0.9236	0.1419	-1.0000	0.1163	0.1361	-0.0198	0.2442
116.0000	33.0000	Focus on Health	Caramilk	6.0000	6.0000	1.0000	2	-1.0000	1.3436	0.7389	0.1629	0.0000	0.7389	0.1453	-1.0000	0.1308	0.1416	-0.0109	0.2655
116.0000	34.0000	Focus on Health	CoffeeCrisp	6.0000	6.0000	1.0000	1	-1.0000	1.2095	0.6217	0.1217	0.0000	0.6217	0.1909	-1.0000	0.1380	0.1447	-0.0067	0.3683
116.0000	35.0000	Focus on Health	OatmealSquares	3.0000	5.0000	3.0000	7	-1.0000	1.4776	0.8730	-0.0000	0.0000	0.8730	0.2480	-1.0000	0.2111	0.2111	-0.0000	0.2868
116.0000	36.0000	Focus on Health	MnMPeanuts	4.0000	6.0000	2.0000	2	-1.0000	1.3269	0.5206	0.1584	0.0000	0.5206	0.0967	-1.0000	0.1103	0.1103	-0.0000	0.2302
116.0000	37.0000	Focus on Health	Pringles	6.0000	6.0000	1.0000	2	-1.0000	1.0080	0.4873	0.0661	0.0000	0.4873	0.1644	-1.0000	0.1441	0.1441	-0.0000	0.2486
116.0000	38.0000	Focus on Health	GreenBeans	5.0000	2.0000	6.0000	4	-1.0000	1.2257	0.7722	0.0638	0.0000	0.7722	0.2544	-1.0000	0.2157	0.2159	-0.0002	0.3464
116.0000	39.0000	Focus on Health	AllBranCereal	3.0000	1.0000	3.0000	6	-1.0000	1.0412	0.5206	0.1952	0.0000	0.5206	0.2290	-1.0000	0.1190	0.1190	-0.0000	0.2212
116.0000	40.0000	Focus on Health	SpeltCakes	6.0000	6.0000	3.0000	2	1.0000	1.7634	0.6717	0.0000	1.0000	0.9907	0.1734	-1.0000	0.3019	0.3059	-0.0040	0.5890
116.0000	41.0000	Focus on Health	YorkPeppermintPatties	6.0000	3.0000	1.0000	2	-1.0000	0.8901	0.3694	-0.0137	0.0000	0.3694	0.2171	-1.0000	0.1220	0.1361	-0.0141	0.2975
116.0000	42.0000	Focus on Health	SkittlesSour	6.0000	6.0000	1.0000	6	-1.0000	0.9576	0.4704	0.5017	0.0000	0.4704	0.2088	-1.0000	0.1257	0.1358	-0.0101	0.2847
116.0000	43.0000	Focus on Health	Broccoli	5.0000	5.0000	5.0000	4	1.0000	1.7300	0.3693	-0.0024	1.0000	1.0748	0.1556	-1.0000	0.5852	0.5852	-0.0000	1.2973
116.0000	44.0000	Focus on Health	Nutella	6.0000	6.0000	1.0000	4	-1.0000	1.0075	0.4867	0.0084	0.0000	0.4867	0.2716	-1.0000	0.0784	0.0958	-0.0173	0.2214
116.0000	45.0000	Focus on Health	VanillaGreekYogurt	4.0000	3.0000	3.0000	2	1.0000	2.0983	0.4702	-0.2403	1.0000	1.2087	0.2151	-1.0000	0.5091	0.5091	-0.0000	1.2656
116.0000	46.0000	Focus on Health	FrozenPeaches	4.0000	4.0000	5.0000	5	1.0000	1.1418	0.6211	0.0561	0.0000	0.6211	0.1759	1.0000	0.2335	0.2335	-0.0000	0.3295
116.0000	47.0000	Focus on Health	GreenPepper	4.0000	3.0000	6.0000	2	1.0000	1.3769	0.8563	-0.0148	0.0000	0.8563	0.1652	1.0000	0.2062	0.2062	-0.0000	0.3062
116.0000	48.0000	Focus on Health	AllBranCereal	3.0000	3.0000	3.0000	2	1.0000	2.3847	0.8896	-0.1886	3.0000	1.8640	0.3670	-1.0000	0.4438	0.4438	-0.0000	1.2293
116.0000	49.0000	Focus on Health	CornFlakes	4.0000	1.0000	3.0000	6	-1.0000	1.5445	1.0405	-0.0354	0.0000	1.0405	0.1719	-1.0000	0.2216	0.2216	-0.0000	0.3099
116.0000	50.0000	Focus on Health	GreenApple	3.0000	5.0000	5.0000	4	1.0000	1.1091	0.5041	-0.0031	0.0000	0.5041	0.2459	1.0000	0.0956	0.1589	-0.0633	0.4371
116.0000	51.0000	Respond Naturally	EnglishCucumber	4.0000	1.0000	5.0000	2	-1.0000	1.6286	1.1247	-0.0000	0.0000	1.1247	0.2445	-1.0000	0.1780	0.1817	-0.0037	0.2623
116.0000	52.0000	Respond Naturally	CoffeeCrisp	6.0000	6.0000	1.0000	3	-1.0000	1.6293	0.5039	0.2765	1.0000	1.0751	0.2709	1.0000	0.4970	0.4970	-0.0000	1.4220
116.0000	53.0000	Respond Naturally	FrozenCorn	2.0000	2.0000	5.0000	4	1.0000	1.9315	0.4701	0.0743	1.0000	1.1084	0.2276	-1.0000	0.4858	0.5042	-0.0184	1.4435
116.0000	54.0000	Respond Naturally	Cheerios	2.0000	3.0000	4.0000	2	1.0000	1.7640	0.4872	-0.1287	1.0000	0.7560	0.4083	-1.0000	0.7381	0.7381	-0.0000	1.7569
116.0000	55.0000	Respond Naturally	MnMPlain	5.0000	4.0000	1.0000	3	1.0000	0.8895	0.3695	0.1076	0.0000	0.3695	0.2184	1.0000	0.1195	0.1195	-0.0000	0.2082
116.0000	56.0000	Respond Naturally	Onion	2.0000	2.0000	1.0000	4	-1.0000	1.5109	0.9231	-0.1190	0.0000	0.9231	0.2136	-1.0000	0.1899	0.1944	-0.0045	0.3185
116.0000	57.0000	Respond Naturally	BabyFoodSweetPotatos	2.0000	3.0000	2.0000	5	-1.0000	1.1579	0.6042	0.1311	0.0000	0.6042	0.1390	-1.0000	0.1753	0.1761	-0.0008	0.3003
116.0000	58.0000	Respond Naturally	FrozenCorn	2.0000	4.0000	4.0000	2	1.0000	1.5111	0.9231	0.0000	0.0000	0.9231	0.1795	1.0000	0.1752	0.1792	-0.0040	0.2884
116.0000	59.0000	Respond Naturally	PureFit	2.0000	1.0000	1.0000	4	-1.0000	1.0245	0.5709	-0.1002	0.0000	0.5709	0.1225	-1.0000	0.2047	0.2047	-0.0000	0.3350
116.0000	60.0000	Respond Naturally	Butternut	6.0000	3.0000	4.0000	3	-1.0000	1.2930	0.8229	-0.0019	0.0000	0.8229	0.2405	-1.0000	0.2165	0.2179	-0.0014	0.3159
116.0000	61.0000	Focus on Health	Triscuit	2.0000	5.0000	2.0000	2	-1.0000	1.8630	1.1575	0.1312	0.0000	1.1575	0.3126	-1.0000	0.1585	0.1620	-0.0034	0.2500
116.0000	62.0000	Focus on Health	ClifBar	3.0000	2.0000	1.0000	2	1.0000	1.2931	0.4532	0.0096	1.0000	0.8562	0.2667	-1.0000	0.4288	0.4288	-0.0000	1.0759
116.0000	63.0000	Focus on Health	OatmealSquares	3.0000	5.0000	3.0000	3	-1.0000	1.0584	0.4200	-0.0389	0.0000	0.4200	0.1145	-1.0000	0.1834	0.1834	-0.0000	0.3307
116.0000	64.0000	Focus on Health	Aero	6.0000	6.0000	1.0000	1	-1.0000	1.4784	0.4368	-0.0000	1.0000	0.7728	0.2688	1.0000	0.5827	0.5827	-0.0000	1.4351
116.0000	65.0000	Focus on Health	OikosYogurt	3.0000	2.0000	1.0000	3	1.0000	1.7634	0.8563	0.0033	1.0000	1.1587	0.2221	-1.0000	0.3988	0.3988	-0.0000	1.2152
116.0000	66.0000	Focus on Health	MnMPlain	4.0000	6.0000	1.0000	5	-1.0000	1.0248	0.4033	-0.0000	0.0000	0.4033	0.0835	-1.0000	0.1520	0.1520	-0.0000	0.2678
116.0000	67.0000	Focus on Health	Fritos	6.0000	2.0000	1.0000	5	-1.0000	0.9576	0.3529	0.2506	0.0000	0.3529	0.2682	-1.0000	0.0731	0.0879	-0.0148	0.2668
116.0000	68.0000	Focus on Health	FrozenPeas	4.0000	3.0000	2.0000	2	1.0000	1.2260	0.6716	0.1550	0.0000	0.6716	0.1935	1.0000	0.0774	0.0989	-0.0215	0.1900
116.0000	69.0000	Focus on Health	CannedArtichoke	3.0000	6.0000	3.0000	2	-1.0000	1.1928	0.4703	0.0186	0.0000	0.4703	0.0679	-1.0000	0.1545	0.1549	-0.0004	0.2515
116.0000	70.0000	Focus on Health	IceCreamVanilla	6.0000	6.0000	1.0000	4	-1.0000	1.1423	0.5543	-0.5348	0.0000	0.5543	0.4913	-1.0000	0.3774	0.3775	-0.0001	0.9975
116.0000	71.0000	Respond Naturally	Triscuit	3.0000	3.0000	2.0000	5	-1.0000	1.1758	0.4198	-0.1947	0.0000	0.4198	0.1512	-1.0000	0.1725	0.1725	-0.0000	0.2622
116.0000	72.0000	Respond Naturally	Beets	3.0000	2.0000	2.0000	2	-1.0000	1.0082	0.2856	0.0191	0.0000	0.2856	0.1351	-1.0000	0.1095	0.1095	-0.0000	0.1903
116.0000	73.0000	Respond Naturally	RitzCrackers	3.0000	3.0000	1.0000	2	1.0000	1.2432	0.4872	0.0000	1.0000	0.7560	0.1812	-1.0000	0.1808	0.1809	-0.0000	0.5649
116.0000	74.0000	Respond Naturally	RedPepper	2.0000	2.0000	4.0000	2	1.0000	1.3769	0.9402	0.0540	0.0000	0.9402	0.1808	1.0000	0.1343	0.1350	-0.0007	0.1933
116.0000	75.0000	Respond Naturally	VegetableThins	2.0000	6.0000	2.0000	5	1.0000	3.1892	2.3156	-0.3261	1.0000	2.6684	0.2479	-1.0000	0.3653	0.3653	-0.0000	1.1219
116.0000	76.0000	Respond Naturally	FrootLoops	6.0000	6.0000	1.0000	6	-1.0000	1.3101	0.6045	-0.2822	0.0000	0.6045	0.1743	-1.0000	0.2441	0.2441	-0.0000	0.4019
116.0000	77.0000	Respond Naturally	Shreddies	6.0000	2.0000	3.0000	5	-1.0000	0.8736	0.3024	-0.2658	0.0000	0.3024	0.1490	-1.0000	0.1153	0.1160	-0.0007	0.2296
116.0000	78.0000	Respond Naturally	KashiBars	3.0000	3.0000	1.0000	1	1.0000	1.8475	0.7388	0.2961	1.0000	1.2093	0.3423	-1.0000	0.3813	0.3815	-0.0003	1.2902
116.0000	79.0000	Respond Naturally	PureFit	3.0000	6.0000	1.0000	2	-1.0000	1.1089	0.1512	-0.6706	2.0000	0.5545	0.3056	-1.0000	0.0738	0.1359	-0.0621	0.3367
116.0000	80.0000	Respond Naturally	FrozenPeas	2.0000	2.0000	6.0000	6	-1.0000	0.9745	0.4536	-0.2072	0.0000	0.4536	0.1519	-1.0000	0.1246	0.1277	-0.0031	0.2724
116.0000	81.0000	Respond Naturally	Butternut	4.0000	6.0000	3.0000	7	-1.0000	1.4949	1.0075	0.2202	0.0000	1.0075	0.1593	-1.0000	0.2686	0.2686	-0.0000	0.3799
116.0000	82.0000	Respond Naturally	MangoChunks	2.0000	6.0000	5.0000	2	1.0000	1.1923	0.7555	-0.0620	0.0000	0.7555	0.1758	1.0000	0.2616	0.2616	-0.0000	0.3718
116.0000	83.0000	Respond Naturally	RufflesSourCreamOnion	6.0000	6.0000	1.0000	5	-1.0000	0.9911	0.4199	-0.1554	0.0000	0.4199	0.1911	-1.0000	0.1576	0.1576	-0.0000	0.2761
116.0000	84.0000	Respond Naturally	MangoChunks	2.0000	5.0000	5.0000	5	1.0000	1.0745	0.6715	0.0552	0.0000	0.6715	0.2340	1.0000	0.1273	0.1273	-0.0000	0.1997
116.0000	85.0000	Respond Naturally	Smartfood	2.0000	6.0000	1.0000	4	-1.0000	0.9911	0.3696	-0.1318	0.0000	0.3696	0.2849	-1.0000	0.1485	0.1485	-0.0000	0.2646
116.0000	86.0000	Respond Naturally	GreenGrapes	4.0000	5.0000	6.0000	4	1.0000	1.1757	0.3860	0.0000	1.0000	0.5372	0.3547	-1.0000	0.1573	0.2202	-0.0629	0.8068
116.0000	87.0000	Respond Naturally	Mentos	6.0000	1.0000	1.0000	5	-1.0000	0.9740	0.4197	-0.0481	0.0000	0.4197	0.2106	-1.0000	0.0846	0.1357	-0.0512	0.3226
116.0000	88.0000	Respond Naturally	Celery	4.0000	1.0000	6.0000	4	1.0000	1.0746	0.6043	-0.1078	0.0000	0.6043	0.1406	1.0000	0.1979	0.1979	-0.0000	0.3168
116.0000	89.0000	Respond Naturally	Reese	3.0000	6.0000	1.0000	1	-1.0000	1.2760	0.6713	0.0816	0.0000	0.6713	0.2123	-1.0000	0.1645	0.1688	-0.0042	0.2751
116.0000	90.0000	Respond Naturally	Skittles	2.0000	2.0000	1.0000	6	-1.0000	0.9576	0.4704	-0.0000	0.0000	0.4704	0.1820	-1.0000	0.1519	0.1519	-0.0000	0.2828
116.0000	91.0000	Focus on Health	SlicedTurkey	2.0000	5.0000	3.0000	5	-1.0000	1.3268	0.5373	-0.0596	0.0000	0.5373	0.1116	-1.0000	0.1196	0.1196	-0.0000	0.2259
116.0000	92.0000	Focus on Health	AppleChips	2.0000	6.0000	5.0000	5	-1.0000	0.9908	0.4030	-0.2163	0.0000	0.4030	0.2054	-1.0000	0.0890	0.0958	-0.0068	0.2334
116.0000	93.0000	Focus on Health	Cauliflower	1.0000	4.0000	2.0000	6	-1.0000	2.4009	0.8391	0.1748	2.0000	1.8297	0.2689	-1.0000	0.5453	0.5477	-0.0024	1.5156
116.0000	94.0000	Focus on Health	GreenGrapes	5.0000	4.0000	5.0000	1	1.0000	0.8903	0.4702	-0.0132	0.0000	0.4702	0.2166	1.0000	0.1564	0.1749	-0.0185	0.3194
116.0000	95.0000	Focus on Health	Twizzlers	6.0000	1.0000	1.0000	4	-1.0000	1.1589	0.6046	0.0564	0.0000	0.6046	0.2399	-1.0000	0.1067	0.1234	-0.0167	0.2431
116.0000	96.0000	Focus on Health	AllBranBar	4.0000	1.0000	2.0000	1	1.0000	1.6283	0.9228	0.0195	1.0000	1.0908	0.1208	-1.0000	0.1704	0.1704	-0.0000	0.3502
116.0000	97.0000	Focus on Health	Caramilk	6.0000	6.0000	1.0000	5	-1.0000	0.9570	0.4532	-0.0000	0.0000	0.4532	0.1925	-1.0000	0.1678	0.1678	-0.0000	0.3055
116.0000	98.0000	Focus on Health	FrozenPeaches	6.0000	5.0000	5.0000	2	1.0000	1.9976	1.4266	-0.0189	0.0000	1.4266	0.2388	1.0000	0.3567	0.3567	-0.0000	0.4672
116.0000	99.0000	Focus on Health	Raspberries	4.0000	5.0000	5.0000	4	-1.0000	1.3267	0.8396	0.0472	0.0000	0.8396	0.1850	-1.0000	0.1619	0.1619	-0.0000	0.2756
116.0000	100.0000	Focus on Health	RufflesSourCreamOnion	4.0000	1.0000	1.0000	3	-1.0000	0.7893	0.3695	0.1787	0.0000	0.3695	0.2117	-1.0000	0.1336	0.1336	-0.0000	0.2405
116.0000	101.0000	Respond Naturally	Mackerel	1.0000	1.0000	1.0000	3	-1.0000	1.0415	0.4535	-0.0648	0.0000	0.4535	0.2002	-1.0000	0.0717	0.1201	-0.0484	0.2914
116.0000	102.0000	Respond Naturally	OikosYogurt	2.0000	3.0000	3.0000	6	-1.0000	1.2429	0.4704	0.5767	0.0000	0.4704	0.1449	-1.0000	0.0359	0.0429	-0.0070	0.2439
116.0000	103.0000	Respond Naturally	OatBran	3.0000	2.0000	5.0000	4	-1.0000	1.2093	0.1008	0.5894	1.0000	0.5206	0.1949	1.0000	0.1724	0.1724	-0.0000	0.3374
116.0000	104.0000	Respond Naturally	Celery	2.0000	4.0000	6.0000	2	-1.0000	1.5119	0.5375	-0.0321	1.0000	0.8232	0.2909	1.0000	0.2881	0.2938	-0.0057	1.0369
116.0000	105.0000	Respond Naturally	Cheetos	6.0000	6.0000	1.0000	3	1.0000	1.5790	0.7222	-0.3406	1.0000	0.8566	0.2328	-1.0000	0.1951	0.1984	-0.0034	0.6506
116.0000	106.0000	Respond Naturally	SkimMilk	2.0000	3.0000	1.0000	4	-1.0000	0.9577	0.4538	0.1857	0.0000	0.4538	0.1214	-1.0000	0.1796	0.1798	-0.0002	0.2979
116.0000	107.0000	Respond Naturally	DriedApricots	2.0000	4.0000	3.0000	2	-1.0000	1.3101	0.6047	-0.1954	0.0000	0.6047	0.2294	-1.0000	0.1270	0.1500	-0.0230	0.3016
116.0000	108.0000	Respond Naturally	Snickers	5.0000	1.0000	1.0000	2	1.0000	1.1087	0.5039	-0.1054	0.0000	0.5039	0.1634	1.0000	0.1646	0.1725	-0.0079	0.3087
116.0000	109.0000	Respond Naturally	Skittles	6.0000	6.0000	1.0000	3	1.0000	1.4105	0.9402	0.0725	0.0000	0.9402	0.2306	1.0000	0.2536	0.2536	-0.0000	0.3421
116.0000	110.0000	Respond Naturally	GreenPepper	3.0000	3.0000	6.0000	6	-1.0000	1.6969	0.7561	0.1622	1.0000	1.0753	0.1463	1.0000	0.2336	0.2336	-0.0000	0.5590
116.0000	111.0000	Focus on Health	WaterChestnuts	3.0000	2.0000	3.0000	3	-1.0000	2.0820	1.6117	0.0232	0.0000	1.6117	0.1670	-1.0000	0.2552	0.2598	-0.0046	0.5746
116.0000	112.0000	Focus on Health	Mentos	6.0000	6.0000	1.0000	2	-1.0000	1.3436	0.6716	0.0998	1.0000	0.8061	0.3144	1.0000	0.1716	0.1732	-0.0016	0.5313
116.0000	113.0000	Focus on Health	Tempeh	2.0000	1.0000	3.0000	2	-1.0000	1.1253	0.3693	0.0303	0.0000	0.3693	0.0889	-1.0000	0.1067	0.1067	-0.0000	0.2520
116.0000	114.0000	Focus on Health	FrozenBroccoli	6.0000	3.0000	6.0000	2	1.0000	0.8904	0.4201	0.2078	0.0000	0.4201	0.1414	1.0000	0.1012	0.1070	-0.0057	0.2005
116.0000	115.0000	Focus on Health	DriedHerring	1.0000	2.0000	3.0000	3	-1.0000	0.9745	0.4201	0.0996	0.0000	0.4201	0.2506	-1.0000	0.1809	0.1809	-0.0000	0.3044
116.0000	116.0000	Focus on Health	FrozenBroccoli	5.0000	5.0000	2.0000	6	-1.0000	2.5178	1.9132	0.3355	0.0000	1.9132	0.1173	-1.0000	0.2192	0.2192	-0.0000	0.2653
116.0000	117.0000	Focus on Health	Almonds	4.0000	5.0000	3.0000	2	1.0000	1.8974	0.5374	-0.1763	1.0000	0.7894	0.1597	-1.0000	0.2707	0.2707	-0.0000	1.0456
116.0000	118.0000	Focus on Health	Smarties	6.0000	1.0000	1.0000	2	-1.0000	0.8735	0.3696	-0.1500	0.0000	0.3696	0.2504	-1.0000	0.1117	0.1489	-0.0372	0.3670
116.0000	119.0000	Focus on Health	Onion	4.0000	3.0000	3.0000	2	-1.0000	0.7896	0.2520	-0.1538	0.0000	0.2520	0.1680	-1.0000	0.1225	0.1225	-0.0000	0.2749
116.0000	120.0000	Focus on Health	Spinach	2.0000	2.0000	6.0000	2	1.0000	1.7303	0.5710	0.0420	0.0000	0.5710	0.1222	1.0000	0.0963	0.1096	-0.0133	0.2866
116.0000	121.0000	Respond Naturally	HoneyNutCheerios	3.0000	6.0000	5.0000	2	1.0000	1.3606	0.2184	0.5166	1.0000	0.6048	0.2541	-1.0000	0.1351	0.1863	-0.0513	0.5255
116.0000	122.0000	Respond Naturally	Orange	1.0000	6.0000	6.0000	5	1.0000	1.2095	0.4198	-0.1731	1.0000	0.6718	0.2354	-1.0000	0.1363	0.1649	-0.0286	0.5180
116.0000	123.0000	Respond Naturally	Starburst	6.0000	6.0000	1.0000	6	1.0000	0.8902	0.4030	0.0470	0.0000	0.4030	0.2116	1.0000	0.1024	0.1057	-0.0033	0.2571
116.0000	124.0000	Respond Naturally	VanillaGreekYogurt	3.0000	3.0000	3.0000	4	-1.0000	1.1590	0.3696	-0.0000	0.0000	0.3696	0.1360	-1.0000	0.0517	0.0748	-0.0231	0.2080
116.0000	125.0000	Respond Naturally	Aero	6.0000	6.0000	1.0000	3	1.0000	1.2263	0.4200	0.0634	0.0000	0.4200	0.1594	1.0000	0.2226	0.2226	-0.0000	0.4898
116.0000	126.0000	Respond Naturally	Strawberries	3.0000	6.0000	3.0000	2	1.0000	1.4274	0.8228	0.1362	0.0000	0.8228	0.3096	1.0000	0.1831	0.1831	-0.0000	0.2876
116.0000	127.0000	Respond Naturally	MnMPeanuts	6.0000	6.0000	1.0000	4	1.0000	0.8567	0.3695	-0.1760	0.0000	0.3695	0.2290	1.0000	0.0829	0.0981	-0.0152	0.2297
116.0000	128.0000	Respond Naturally	SevenGrain	3.0000	5.0000	3.0000	3	-1.0000	1.0076	0.5036	-0.0000	0.0000	0.5036	0.2011	-1.0000	0.0966	0.1063	-0.0098	0.2055
116.0000	129.0000	Respond Naturally	BabyFoodSweetPotatos	3.0000	5.0000	1.0000	2	-1.0000	1.1251	0.5708	0.1364	0.0000	0.5708	0.4412	-1.0000	0.0692	0.0975	-0.0283	0.2244
116.0000	130.0000	Respond Naturally	IceCreamChocolate	6.0000	6.0000	6.0000	4	1.0000	1.3439	0.3863	0.0237	0.0000	0.3863	0.1333	1.0000	0.1374	0.1374	-0.0000	0.3544
116.0000	131.0000	Focus on Health	BrusselsSprouts	4.0000	5.0000	6.0000	2	-1.0000	1.7461	0.5202	-0.0900	0.0000	0.5202	0.3798	-1.0000	0.0650	0.0829	-0.0179	0.3425
116.0000	132.0000	Focus on Health	AppleChips	3.0000	6.0000	1.0000	2	-1.0000	1.1923	0.7723	0.3796	0.0000	0.7723	0.2145	-1.0000	0.1350	0.1366	-0.0016	0.2390
116.0000	133.0000	Focus on Health	NatureValleyChocolate	4.0000	3.0000	2.0000	4	-1.0000	1.4273	0.8730	0.3387	0.0000	0.8730	0.1341	-1.0000	0.1485	0.1485	-0.0000	0.1979
116.0000	134.0000	Focus on Health	FrozenOkra	2.0000	2.0000	1.0000	5	-1.0000	1.0413	0.4029	0.1808	0.0000	0.4029	0.1344	-1.0000	0.1765	0.1765	-0.0000	0.2959
116.0000	135.0000	Focus on Health	Raspberries	6.0000	2.0000	3.0000	5	1.0000	1.3436	0.3526	0.0006	1.0000	0.7222	0.2840	-1.0000	0.3775	0.4221	-0.0446	1.2578
116.0000	136.0000	Focus on Health	SpeltCakes	2.0000	3.0000	1.0000	5	-1.0000	2.3008	0.4029	0.0027	2.0000	1.6121	0.3038	-1.0000	0.2333	0.2497	-0.0164	1.1871
116.0000	137.0000	Focus on Health	TofuDessert	2.0000	2.0000	3.0000	2	-1.0000	1.1425	0.5878	0.0899	0.0000	0.5878	0.1283	-1.0000	0.1926	0.1926	-0.0000	0.3320
116.0000	138.0000	Focus on Health	FrozenOkra	2.0000	3.0000	1.0000	2	-1.0000	0.9743	0.3864	-0.0477	0.0000	0.3864	0.2533	-1.0000	0.1116	0.1116	-0.0000	0.2342
116.0000	139.0000	Focus on Health	Broccoli	5.0000	6.0000	6.0000	1	1.0000	0.9240	0.4536	-0.2556	0.0000	0.4536	0.1863	1.0000	0.1434	0.1577	-0.0143	0.3483
116.0000	140.0000	Focus on Health	RomaineLettuce	3.0000	2.0000	1.0000	2	-1.0000	1.6964	0.4870	0.0423	1.0000	1.1422	0.2037	1.0000	0.6274	0.6274	-0.0000	1.2991
116.0000	141.0000	Respond Naturally	SkimMilk	3.0000	2.0000	1.0000	1	-1.0000	1.0075	0.1174	-0.2285	0.0000	0.1174	0.1153	-1.0000	0.1558	0.1559	-0.0002	0.3485
116.0000	142.0000	Respond Naturally	TofuDessert	2.0000	2.0000	2.0000	4	-1.0000	1.0079	0.4702	-0.0511	0.0000	0.4702	0.1711	-1.0000	0.1265	0.1265	-0.0000	0.2048
116.0000	143.0000	Respond Naturally	ClifBar	3.0000	6.0000	1.0000	4	1.0000	0.9240	0.4871	0.1689	0.0000	0.4871	0.1292	1.0000	0.1727	0.1728	-0.0000	0.3039
116.0000	144.0000	Respond Naturally	GreenApple	2.0000	5.0000	6.0000	2	1.0000	1.1088	0.3696	0.0160	1.0000	0.6721	0.3380	-1.0000	0.3976	0.3984	-0.0008	1.2558
116.0000	145.0000	Respond Naturally	ClamJuice	1.0000	5.0000	2.0000	3	-1.0000	0.9240	0.3696	-0.0018	0.0000	0.3696	0.1738	-1.0000	0.1342	0.1342	-0.0000	0.3071
116.0000	146.0000	Respond Naturally	Spinach	2.0000	6.0000	5.0000	4	1.0000	0.9574	0.5206	0.0676	0.0000	0.5206	0.1694	1.0000	0.1261	0.1277	-0.0016	0.2426
116.0000	147.0000	Respond Naturally	Fritos	6.0000	6.0000	3.0000	2	1.0000	1.5957	0.6550	0.0675	1.0000	0.8398	0.3338	-1.0000	0.4527	0.4527	-0.0000	1.5158
116.0000	148.0000	Respond Naturally	Pringles	6.0000	2.0000	1.0000	5	1.0000	0.7897	0.3529	-0.0163	0.0000	0.3529	0.1910	1.0000	0.1194	0.1194	-0.0000	0.2708
116.0000	149.0000	Respond Naturally	LaysClassic	2.0000	4.0000	1.0000	3	1.0000	0.7392	0.3026	0.5472	0.0000	0.3026	0.2256	1.0000	0.1037	0.1043	-0.0006	0.3265
116.0000	150.0000	Respond Naturally	Cauliflower	2.0000	3.0000	3.0000	2	1.0000	1.3437	0.5879	0.1656	1.0000	0.9406	0.2410	-1.0000	0.3861	0.3861	-0.0000	0.7648
116.0000	151.0000	Focus on Health	Mars	4.0000	6.0000	6.0000	4	1.0000	0.8901	0.4029	-0.0677	0.0000	0.4029	0.2820	1.0000	0.0836	0.1458	-0.0622	0.3278
116.0000	152.0000	Focus on Health	RitzCrackers	4.0000	3.0000	3.0000	5	-1.0000	2.8210	1.2592	0.1583	1.0000	2.1323	0.2145	1.0000	0.5037	0.5037	-0.0000	1.3328
116.0000	153.0000	Focus on Health	ClamJuice	2.0000	1.0000	2.0000	1	-1.0000	0.9576	0.3528	0.1295	0.0000	0.3528	0.1668	-1.0000	0.0852	0.0973	-0.0121	0.2713
116.0000	154.0000	Focus on Health	OatBran	4.0000	5.0000	4.0000	2	-1.0000	0.8733	0.2685	-0.0724	0.0000	0.2685	0.1266	-1.0000	0.1663	0.1663	-0.0000	0.3271
116.0000	155.0000	Focus on Health	WelchsFruitSnacks	3.0000	3.0000	1.0000	3	-1.0000	1.2262	0.4871	-0.0579	1.0000	0.6887	0.3254	1.0000	0.1467	0.1790	-0.0323	0.4463
116.0000	156.0000	Focus on Health	Avocado	4.0000	6.0000	6.0000	2	1.0000	0.9240	0.1512	-0.0923	1.0000	0.4031	0.2531	-1.0000	0.2104	0.2104	-0.0000	0.6446
116.0000	157.0000	Focus on Health	WaterChestnuts	1.0000	3.0000	4.0000	5	-1.0000	1.5116	0.3527	-0.0197	0.0000	0.3527	0.1066	-1.0000	0.1851	0.1851	-0.0000	0.2593
116.0000	158.0000	Focus on Health	EnglishCucumber	3.0000	5.0000	6.0000	5	1.0000	1.7468	0.8060	0.1354	1.0000	1.1588	0.2983	-1.0000	0.2928	0.3098	-0.0171	1.0109
116.0000	159.0000	Focus on Health	Prunes	4.0000	1.0000	5.0000	5	-1.0000	1.0584	0.3360	-0.0000	0.0000	0.3360	0.0630	-1.0000	0.1438	0.1438	-0.0000	0.3411
116.0000	160.0000	Focus on Health	Snickers	6.0000	6.0000	4.0000	3	-1.0000	2.1495	1.4439	0.0276	0.0000	1.4439	0.1675	-1.0000	0.0729	0.0899	-0.0170	-0.1575
116.0000	161.0000	Focus on Health	Asparagus	3.0000	3.0000	6.0000	3	1.0000	2.3340	0.4366	0.0205	2.0000	1.8637	0.1900	1.0000	0.3621	0.3621	-0.0000	0.4908
116.0000	162.0000	Focus on Health	ProMax	4.0000	2.0000	1.0000	4	-1.0000	1.2597	0.5543	-0.0994	0.0000	0.5543	0.2139	-1.0000	0.2087	0.2087	-0.0000	0.3585
116.0000	163.0000	Focus on Health	CannedArtichoke	1.0000	2.0000	4.0000	5	-1.0000	3.4078	0.4528	-0.0000	0.0000	0.4528	0.2242	-1.0000	0.2251	0.2340	-0.0089	0.3666
116.0000	164.0000	Focus on Health	Cheerios	2.0000	2.0000	3.0000	5	-1.0000	1.0411	0.3359	-0.0665	0.0000	0.3359	0.1651	-1.0000	0.2632	0.2632	-0.0000	0.5521
116.0000	165.0000	Focus on Health	Doritos	2.0000	6.0000	1.0000	2	-1.0000	1.1920	0.6042	0.0252	0.0000	0.6042	0.1547	-1.0000	0.1102	0.1124	-0.0022	0.2182
116.0000	166.0000	Focus on Health	AllBranBar	1.0000	6.0000	6.0000	3	-1.0000	0.9237	0.4367	0.0838	0.0000	0.4367	0.1453	-1.0000	0.1501	0.1502	-0.0001	0.2744
116.0000	167.0000	Focus on Health	BrusselsSprouts	4.0000	4.0000	1.0000	4	-1.0000	1.0247	0.4535	-0.0017	0.0000	0.4535	0.1438	-1.0000	0.1483	0.1483	-0.0000	0.2894
116.0000	168.0000	Focus on Health	Tempeh	2.0000	2.0000	4.0000	4	-1.0000	0.9241	0.3697	0.3744	0.0000	0.3697	0.1134	-1.0000	0.1311	0.1346	-0.0035	0.3410
116.0000	169.0000	Focus on Health	ProMax	2.0000	2.0000	1.0000	2	-1.0000	1.0417	0.2017	0.2450	0.0000	0.2017	0.0962	-1.0000	0.1245	0.1314	-0.0069	0.2511
116.0000	170.0000	Focus on Health	LaysClassic	4.0000	5.0000	1.0000	4	-1.0000	1.1756	0.5372	-0.4006	1.0000	0.6548	0.2837	1.0000	0.2429	0.2663	-0.0235	0.7753
116.0000	171.0000	Respond Naturally	RiceKrispiesCereal	2.0000	6.0000	1.0000	3	1.0000	1.3267	0.7555	0.0796	0.0000	0.7555	0.1775	1.0000	0.1695	0.1695	-0.0000	0.3180
116.0000	172.0000	Respond Naturally	KashiBars	4.0000	2.0000	2.0000	4	-1.0000	1.2428	0.5541	-0.0326	0.0000	0.5541	0.2333	-1.0000	0.1775	0.1775	-0.0000	0.2733
116.0000	173.0000	Respond Naturally	FrootLoops	2.0000	6.0000	1.0000	2	1.0000	0.9240	0.4703	0.1601	0.0000	0.4703	0.1707	1.0000	0.1367	0.1367	-0.0000	0.2699
116.0000	174.0000	Respond Naturally	Orange	3.0000	3.0000	6.0000	1	1.0000	0.9406	0.5207	0.0886	0.0000	0.5207	0.2270	1.0000	0.1779	0.1783	-0.0004	0.3441
116.0000	175.0000	Respond Naturally	GreenBeans	4.0000	2.0000	6.0000	2	-1.0000	1.1088	0.4368	0.0054	0.0000	0.4368	0.2684	-1.0000	0.1125	0.1129	-0.0004	0.2096
116.0000	176.0000	Respond Naturally	RaisinBran	4.0000	6.0000	3.0000	7	-1.0000	1.1084	0.3693	-0.0225	0.0000	0.3693	0.2267	-1.0000	0.2013	0.2033	-0.0020	0.3910
116.0000	177.0000	Respond Naturally	Tuna	4.0000	5.0000	5.0000	4	-1.0000	1.1417	0.5707	0.2858	0.0000	0.5707	0.1756	-1.0000	0.1844	0.1844	-0.0000	0.3081
116.0000	178.0000	Respond Naturally	Asparagus	4.0000	5.0000	2.0000	6	-1.0000	0.9573	0.3862	-0.0911	0.0000	0.3862	0.2911	-1.0000	0.1202	0.1547	-0.0345	0.3366
116.0000	179.0000	Respond Naturally	Tuna	1.0000	5.0000	2.0000	2	1.0000	1.4612	0.4366	0.0605	1.0000	0.7221	0.1790	-1.0000	0.3375	0.3557	-0.0182	1.2168
116.0000	180.0000	Respond Naturally	HoneyNutCheerios	4.0000	4.0000	3.0000	5	-1.0000	0.9070	0.4870	-0.0449	0.0000	0.4870	0.1853	-1.0000	0.2282	0.2288	-0.0006	0.3846
116.0000	181.0000	Respond Naturally	Smarties	6.0000	6.0000	1.0000	5	1.0000	2.2842	0.3528	0.0548	2.0000	0.9240	0.2542	1.0000	0.3777	0.3777	-0.0000	1.0516
116.0000	182.0000	Respond Naturally	Mackerel	1.0000	1.0000	1.0000	1	-1.0000	0.9909	0.4534	-0.3948	0.0000	0.4534	0.3220	-1.0000	0.0632	0.1240	-0.0609	0.2827
116.0000	183.0000	Respond Naturally	DriedApricots	4.0000	2.0000	6.0000	5	-1.0000	1.1592	0.2184	0.6920	0.0000	0.2184	0.0765	-1.0000	0.0479	0.0480	-0.0000	0.1176
116.0000	184.0000	Respond Naturally	SlimStyles	3.0000	2.0000	2.0000	6	-1.0000	0.9408	0.3696	0.1891	0.0000	0.3696	0.1382	-1.0000	0.0890	0.0890	-0.0000	0.1611
116.0000	185.0000	Respond Naturally	Prunes	4.0000	5.0000	4.0000	2	-1.0000	0.8735	0.4536	0.4226	0.0000	0.4536	0.1963	-1.0000	0.0625	0.0640	-0.0015	0.1647
116.0000	186.0000	Respond Naturally	BBQCrisps	1.0000	2.0000	1.0000	6	1.0000	1.3436	0.5877	-0.0862	0.0000	0.5877	0.1194	1.0000	0.1211	0.1211	-0.0000	0.2876
116.0000	187.0000	Respond Naturally	Starburst	6.0000	6.0000	1.0000	3	1.0000	0.9241	0.4033	-0.0029	0.0000	0.4033	0.2546	1.0000	0.2015	0.2235	-0.0221	0.5193
116.0000	188.0000	Respond Naturally	Nutella	6.0000	6.0000	1.0000	1	1.0000	0.9912	0.4872	-0.2181	0.0000	0.4872	0.2470	1.0000	0.1765	0.2002	-0.0237	0.4172
116.0000	189.0000	Respond Naturally	Strawberries	3.0000	2.0000	5.0000	3	1.0000	1.0748	0.3694	-0.1052	1.0000	0.6045	0.2152	-1.0000	0.2165	0.2204	-0.0040	0.6475
116.0000	190.0000	Respond Naturally	RiceKrispiesCereal	6.0000	2.0000	2.0000	7	-1.0000	1.1922	0.5039	-0.0632	1.0000	0.6216	0.2539	1.0000	0.1273	0.1313	-0.0039	0.3646
116.0000	191.0000	Focus on Health	RedPepper	1.0000	6.0000	6.0000	5	1.0000	0.8903	0.4032	0.0968	0.0000	0.4032	0.2653	1.0000	0.1496	0.1496	-0.0000	0.2839
116.0000	192.0000	Focus on Health	SevenGrain	2.0000	6.0000	2.0000	1	-1.0000	1.1757	0.4535	-0.1100	0.0000	0.4535	0.2961	-1.0000	0.1589	0.1590	-0.0000	0.2790
116.0000	193.0000	Focus on Health	Cheetos	6.0000	6.0000	1.0000	6	-1.0000	0.9406	0.4535	0.0738	0.0000	0.4535	0.2435	-1.0000	0.1024	0.1189	-0.0165	0.2415
116.0000	194.0000	Focus on Health	CheeseNips	6.0000	6.0000	2.0000	5	-1.0000	1.1253	0.4199	-0.0000	0.0000	0.4199	0.1302	-1.0000	0.1859	0.1859	-0.0000	0.3055
116.0000	195.0000	Focus on Health	BabyFoodCarrots	3.0000	2.0000	3.0000	3	-1.0000	1.2788	0.1176	0.9887	0.0000	0.1176	0.1972	-1.0000	0.0556	0.0654	-0.0098	0.2206
116.0000	196.0000	Focus on Health	Twizzlers	6.0000	6.0000	1.0000	2	-1.0000	1.0413	0.3189	0.0377	0.0000	0.3189	0.2498	-1.0000	0.1922	0.1924	-0.0003	0.4594
116.0000	197.0000	Focus on Health	AlmondMilk	1.0000	2.0000	5.0000	2	-1.0000	1.0239	0.4865	0.2405	0.0000	0.4865	0.1448	-1.0000	0.1054	0.1203	-0.0149	0.2520
116.0000	198.0000	Focus on Health	Beets	2.0000	6.0000	5.0000	5	-1.0000	1.1080	0.3693	0.2419	0.0000	0.3693	0.2532	-1.0000	0.0747	0.0885	-0.0138	0.2420
116.0000	199.0000	Focus on Health	CheeseNips	4.0000	2.0000	1.0000	2	-1.0000	2.1995	0.3696	0.3868	0.0000	0.3696	0.1331	-1.0000	0.0698	0.0698	-0.0000	0.2717
116.0000	200.0000	Focus on Health	Reese	6.0000	6.0000	1.0000	4	-1.0000	0.8232	0.3360	0.1147	0.0000	0.3360	0.1994	-1.0000	0.0690	0.0697	-0.0007	0.1654
