Subject	Block	Trial	Attribute	Food	Rating	RT
115.0000	1.0000	1.0000	Liking	SlicedTurkey_2_0.5slice.jpg	4.0000	4.8808
115.0000	1.0000	2.0000	Liking	Broccoli_4_1.5c.jpg	2.0000	2.7272
115.0000	1.0000	3.0000	Liking	PureFit_2_0.5Bars.jpg	2.0000	2.6363
115.0000	1.0000	4.0000	Liking	Smartfood_2_8Chips.jpg	6.0000	2.9825
115.0000	1.0000	5.0000	Liking	BabyFoodCarrots_5_1jar.jpg	1.0000	2.2171
115.0000	1.0000	6.0000	Liking	Mars_4_2Bars.jpg	4.0000	2.6345
115.0000	1.0000	7.0000	Liking	RomaineLettuce_4_1head.jpg	4.0000	1.8191
115.0000	1.0000	8.0000	Liking	OatBran_4_1bowl.jpg	1.0000	3.0526
115.0000	1.0000	9.0000	Liking	Twizzlers_2_2.jpg	3.0000	1.6527
115.0000	1.0000	10.0000	Liking	Smarties_2_0.5box.jpg	6.0000	1.2848
115.0000	1.0000	11.0000	Liking	Nutella_1_0.5spoon.jpg	4.0000	1.9957
115.0000	1.0000	12.0000	Liking	IceCreamVanilla_1_2tsp.jpg	6.0000	1.3903
115.0000	1.0000	13.0000	Liking	Fritos_2_5chips.jpg	5.0000	1.9481
115.0000	1.0000	14.0000	Liking	ClamJuice_1_1T.jpg	5.0000	1.7603
115.0000	1.0000	15.0000	Liking	Starburst_3_5pieces.jpg	6.0000	0.8844
115.0000	1.0000	16.0000	Liking	RitzCrackers_2_3Crackers.jpg	4.0000	1.6829
115.0000	1.0000	17.0000	Liking	WaterChestnuts_3_8pc.jpg	1.0000	1.4256
115.0000	1.0000	18.0000	Liking	CheeseNips_5_1c.jpg	5.0000	1.2909
115.0000	1.0000	19.0000	Liking	RufflesSourCreamOnion_3_5chips.jpg	6.0000	0.7713
115.0000	1.0000	20.0000	Liking	Caramilk_5_2bars.jpg	6.0000	0.8052
115.0000	1.0000	21.0000	Liking	FrozenBroccoli_2_3chunks.jpg	1.0000	1.1731
115.0000	1.0000	22.0000	Liking	WelchsFruitSnacks_3_4bags.jpg	6.0000	0.9925
115.0000	1.0000	23.0000	Liking	Orange_5_2orange.jpg	6.0000	1.0112
115.0000	1.0000	24.0000	Liking	FrozenBlueberries_3_1cup.jpg	6.0000	1.6513
115.0000	1.0000	25.0000	Liking	OatmealSquares_7_2Cups.jpg	1.0000	1.0488
115.0000	1.0000	26.0000	Liking	Twizzlers_4_8.jpg	3.0000	1.3439
115.0000	1.0000	27.0000	Liking	CoffeeCrisp_1_0.25bar.jpg	5.0000	1.4286
115.0000	1.0000	28.0000	Liking	Tuna_2_1T.jpg	5.0000	1.6940
115.0000	1.0000	29.0000	Liking	Triscuit_2_2crackers.jpg	3.0000	1.5078
115.0000	1.0000	30.0000	Liking	OikosYogurt_6_1c.jpg	5.0000	3.7934
115.0000	1.0000	31.0000	Liking	Almonds_4_40.jpg	4.0000	1.7555
115.0000	1.0000	32.0000	Liking	Avocado_5_1avacado.jpg	4.0000	1.1901
115.0000	1.0000	33.0000	Liking	BabyFoodCarrots_3_2Tbsp.jpg	1.0000	2.0086
115.0000	1.0000	34.0000	Liking	AppleChips_5_1c..jpg	3.0000	2.0724
115.0000	1.0000	35.0000	Liking	Caramilk_2_2pc.jpg	5.0000	2.4150
115.0000	1.0000	36.0000	Liking	CannedArtichoke_2_2.jpg	2.0000	1.3195
115.0000	1.0000	37.0000	Liking	AlmondMilk_2_0.25glass.jpg	6.0000	1.5013
115.0000	1.0000	38.0000	Liking	Mars_2_0.5Bar.jpg	5.0000	1.8342
115.0000	1.0000	39.0000	Liking	YorkPeppermintPatties_2_3.jpg	5.0000	4.1358
115.0000	1.0000	40.0000	Liking	OatmealSquares_3_2tbsp.jpg	1.0000	1.0084
115.0000	1.0000	41.0000	Liking	GreenGrapes_4_40.jpg	6.0000	1.1459
115.0000	1.0000	42.0000	Liking	FrozenPeaches_5_1.5Cups.jpg	6.0000	0.8455
115.0000	1.0000	43.0000	Liking	Shreddies_5_2c.jpg	1.0000	0.9467
115.0000	1.0000	44.0000	Liking	WaterChestnuts_5_0.5can.jpg	2.0000	3.7819
115.0000	1.0000	45.0000	Liking	SkittlesSour_6_0.5pack.jpg	6.0000	1.4400
115.0000	1.0000	46.0000	Liking	FrozenPeas_6_0.5bag.jpg	2.0000	1.2780
115.0000	1.0000	47.0000	Liking	CornFlakes_6_2cups.jpg	2.0000	1.3895
115.0000	1.0000	48.0000	Liking	Reese_1_1Cup.jpg	6.0000	1.1275
115.0000	1.0000	49.0000	Liking	Mentos_5_1tube.jpg	6.0000	0.7961
115.0000	1.0000	50.0000	Liking	FrozenPeas_2_2tbsp.jpg	2.0000	1.1088
115.0000	1.0000	51.0000	Liking	Pringles_2_3Chips.jpg	4.0000	1.7115
115.0000	1.0000	52.0000	Liking	DriedHerring_1_1fish.jpg	1.0000	1.5409
115.0000	1.0000	53.0000	Liking	Nutella_4_3spoons.jpg	4.0000	2.5056
115.0000	1.0000	54.0000	Liking	FrootLoops_2_2T.jpg	3.0000	1.2663
115.0000	1.0000	55.0000	Liking	Pringles_5_40Chips.jpg	4.0000	2.7982
115.0000	1.0000	56.0000	Liking	Starburst_6_18pieces.jpg	6.0000	3.2157
115.0000	1.0000	57.0000	Liking	NatureValleyChocolate_1_0.25bar.jpg	5.0000	3.0003
115.0000	1.0000	58.0000	Liking	SlimStyles_6_2c.jpg	1.0000	3.7138
115.0000	1.0000	59.0000	Liking	PCChipCookie_2_0.5cookie.jpg	5.0000	1.4620
115.0000	1.0000	60.0000	Liking	SevenGrain_3_5.jpg	4.0000	4.1895
115.0000	1.0000	61.0000	Liking	CannedArtichoke_5_1can.jpg	1.0000	2.1433
115.0000	1.0000	62.0000	Liking	MangoChunks_2_3.jpg	5.0000	1.3141
115.0000	1.0000	63.0000	Liking	RaisinBran_3_2tbsp.jpg	2.0000	2.0184
115.0000	1.0000	64.0000	Liking	FrozenBlueberries_1_1tbsp.jpg	6.0000	1.0344
115.0000	1.0000	65.0000	Liking	FrozenPeaches_2_3Slices.jpg	6.0000	0.5529
115.0000	1.0000	66.0000	Liking	Asparagus_6_FullPack.jpg	4.0000	2.3849
115.0000	1.0000	67.0000	Liking	Butternut_7_2cups.jpg	3.0000	3.8663
115.0000	1.0000	68.0000	Liking	IceCreamVanilla_4_3scoops.jpg	2.0000	0.1851
115.0000	1.0000	69.0000	Liking	HoneyNutCheerios_2_2tbsp.jpg	2.0000	2.9098
115.0000	1.0000	70.0000	Liking	Mackerel_1_1fish.jpg	1.0000	2.6674
115.0000	1.0000	71.0000	Liking	RufflesSourCreamOnion_5_20chips.jpg	6.0000	1.0271
115.0000	1.0000	72.0000	Liking	KashiBars_4_3bars.jpg	2.0000	1.2519
115.0000	1.0000	73.0000	Liking	Bananas_2_0.5.jpg	4.0000	1.4671
115.0000	1.0000	74.0000	Liking	Mackerel_3_4fish.jpg	1.0000	1.4908
115.0000	1.0000	75.0000	Liking	AllBranBar_3_1bar.jpg	4.0000	2.1367
115.0000	1.0000	76.0000	Liking	Cheerios_5_2c.jpg	3.0000	1.2495
115.0000	1.0000	77.0000	Liking	MnMPeanuts_2_4.jpg	6.0000	1.3126
115.0000	1.0000	78.0000	Liking	AllBranCereal_2_1tbsp.jpg	1.0000	2.0174
115.0000	1.0000	79.0000	Liking	Avocado_2_2pc.jpg	6.0000	2.6180
115.0000	1.0000	80.0000	Liking	CheeseNips_2_5nips.jpg	5.0000	2.2027
115.0000	1.0000	81.0000	Liking	GreenBeans_2_9beans.jpg	4.0000	2.8874
115.0000	1.0000	82.0000	Liking	Snickers_3_2Bars.jpg	6.0000	1.0607
115.0000	1.0000	83.0000	Liking	SpeltCakes_5_4.jpg	2.0000	0.2122
115.0000	1.0000	84.0000	Liking	Celery_2_1stalk.jpg	3.0000	3.5184
115.0000	1.0000	85.0000	Liking	FrootLoops_6_2Cups.jpg	4.0000	0.9663
115.0000	1.0000	86.0000	Liking	SunChips_4_20Chips.jpg	6.0000	1.3384
115.0000	1.0000	87.0000	Liking	KashiBars_1_0.5bar.jpg	3.0000	4.1344
115.0000	1.0000	88.0000	Liking	LaysClassic_4_16Chips.jpg	4.0000	1.1327
115.0000	1.0000	89.0000	Liking	Shreddies_2_1T.jpg	2.0000	0.9813
115.0000	1.0000	90.0000	Liking	Orange_1_0.25orange.jpg	6.0000	1.1752
115.0000	1.0000	91.0000	Liking	Tempeh_4_.5pack.jpg	1.0000	1.6980
115.0000	1.0000	92.0000	Liking	GreenPepper_6_1pepper.jpg	5.0000	1.5828
115.0000	1.0000	93.0000	Liking	EnglishCucumber_2_2pc.jpg	3.0000	1.5126
115.0000	1.0000	94.0000	Liking	DriedApricots_2_2.jpg	5.0000	2.4928
115.0000	1.0000	95.0000	Liking	BrusselsSprouts_2_3.jpg	2.0000	4.2189
115.0000	1.0000	96.0000	Liking	DriedApricots_5_0.75cup.jpg	5.0000	1.7136
115.0000	1.0000	97.0000	Liking	ProMax_2_0.25bar.jpg	4.0000	3.8864
115.0000	1.0000	98.0000	Liking	Beets_2_5pc.jpg	1.0000	2.2923
115.0000	1.0000	99.0000	Liking	RitzCrackers_5_15Crackers.jpg	4.0000	1.1304
115.0000	1.0000	100.0000	Liking	Prunes_2_3.jpg	3.0000	2.3183
115.0000	1.0000	101.0000	Liking	RiceKrispiesCereal_7_2cups.jpg	4.0000	2.0724
115.0000	1.0000	102.0000	Liking	ClifBar_4_2bars.jpg	4.0000	3.3751
115.0000	1.0000	103.0000	Liking	Skittles_3_14pieces.jpg	6.0000	1.0100
115.0000	1.0000	104.0000	Liking	IceCreamChocolate_1_1tsp.jpg	6.0000	0.5954
115.0000	1.0000	105.0000	Liking	VanillaGreekYogurt_2_1spoon.jpg	5.0000	1.7811
115.0000	1.0000	106.0000	Liking	PopTartStrawberry_5_3tarts.jpg	5.0000	1.6633
115.0000	1.0000	107.0000	Liking	Doritos_5_20chips.jpg	6.0000	1.1574
115.0000	1.0000	108.0000	Liking	ClamJuice_3_0.25c.jpg	5.0000	2.8726
115.0000	1.0000	109.0000	Liking	MangoChunks_5_1cup.jpg	6.0000	0.8858
115.0000	1.0000	110.0000	Liking	VegetableThins_5_25Chips.jpg	4.0000	2.2113
115.0000	1.0000	111.0000	Liking	FrozenOkra_2_2pc.jpg	2.0000	1.8348
115.0000	1.0000	112.0000	Liking	BBQCrisps_2_5.jpg	5.0000	1.2115
115.0000	1.0000	113.0000	Liking	Doritos_2_3chips.jpg	6.0000	1.9309
115.0000	1.0000	114.0000	Liking	SkimMilk_1_1Tbsp.jpg	6.0000	1.4717
115.0000	1.0000	115.0000	Liking	Beets_5_1can.jpg	1.0000	1.4062
115.0000	1.0000	116.0000	Liking	YorkPeppermintPatties_4_12.jpg	5.0000	2.0370
115.0000	1.0000	117.0000	Liking	BrusselsSprouts_4_1Box.jpg	2.0000	2.3099
115.0000	1.0000	118.0000	Liking	MnMPlain_3_1tbsp.jpg	6.0000	1.0433
115.0000	1.0000	119.0000	Liking	GreenBeans_4_.5pck.jpg	4.0000	1.4799
115.0000	1.0000	120.0000	Liking	Celery_4_0.5bunch.jpg	3.0000	6.8143
115.0000	1.0000	121.0000	Liking	Bananas_3_1.jpg	5.0000	4.0712
115.0000	1.0000	122.0000	Liking	AllBranCereal_6_1cup.jpg	2.0000	1.7767
115.0000	1.0000	123.0000	Liking	RedPepper_2_2pc.jpg	5.0000	1.6187
115.0000	1.0000	124.0000	Liking	Prunes_5_1c.jpg	1.0000	1.9546
115.0000	1.0000	125.0000	Liking	Reese_4_5Cup.jpg	6.0000	0.8381
115.0000	1.0000	126.0000	Liking	Broccoli_1_1pc.jpg	2.0000	1.8300
115.0000	1.0000	127.0000	Liking	BabyFoodSweetPotatos_5_1jar.jpg	2.0000	3.3988
115.0000	1.0000	128.0000	Liking	Onion_4_0.25.jpg	1.0000	1.2409
115.0000	1.0000	129.0000	Liking	AllBranBar_1_.25bar.jpg	4.0000	1.5527
115.0000	1.0000	130.0000	Liking	DriedHerring_3_4fish.jpg	2.0000	1.1884
115.0000	1.0000	131.0000	Liking	Tuna_4_1can.jpg	6.0000	1.1023
115.0000	1.0000	132.0000	Liking	ClifBar_2_0.5bar.jpg	4.0000	1.5157
115.0000	1.0000	133.0000	Liking	Skittles_6_0.75pack.jpg	6.0000	0.6725
115.0000	1.0000	134.0000	Liking	HoneyNutCheerios_5_2cup.jpg	3.0000	3.8812
115.0000	1.0000	135.0000	Liking	Raspberries_5_.5bag.jpg	6.0000	0.9492
115.0000	1.0000	136.0000	Liking	RaisinBran_7_2cup.jpg	3.0000	1.9852
115.0000	1.0000	137.0000	Liking	Aero_3_1bar.jpg	6.0000	1.0674
115.0000	1.0000	138.0000	Liking	Spinach_4_.5box.jpg	2.0000	2.5522
115.0000	1.0000	139.0000	Liking	NatureValleyChocolate_4_2bars.jpg	6.0000	1.7234
115.0000	1.0000	140.0000	Liking	OikosYogurt_3_2spoonfuls.jpg	4.0000	2.0880
115.0000	1.0000	141.0000	Liking	SevenGrain_1_1.jpg	5.0000	3.6381
115.0000	1.0000	142.0000	Liking	BBQCrisps_6_1cup.jpg	6.0000	1.1401
115.0000	1.0000	143.0000	Liking	MnMPeanuts_4_45.jpg	6.0000	0.5359
115.0000	1.0000	144.0000	Liking	CornFlakes_3_2tbsps.jpg	3.0000	1.2995
115.0000	1.0000	145.0000	Liking	Mentos_2_3pc.jpg	6.0000	0.5689
115.0000	1.0000	146.0000	Liking	Strawberries_2_0.5c.jpg	6.0000	0.6734
115.0000	1.0000	147.0000	Liking	SunChips_2_3Chips.jpg	6.0000	0.4990
115.0000	1.0000	148.0000	Liking	BabyFoodSweetPotatos_2_2T.jpg	2.0000	1.0243
115.0000	1.0000	149.0000	Liking	WelchsFruitSnacks_1_1bag.jpg	6.0000	0.5370
115.0000	1.0000	150.0000	Liking	FrozenCorn_2_0.5cup.jpg	5.0000	2.0293
115.0000	1.0000	151.0000	Liking	GreenApple_4_1.jpg	6.0000	1.1173
115.0000	1.0000	152.0000	Liking	FrozenBroccoli_6_0.5bag.jpg	2.0000	0.9112
115.0000	1.0000	153.0000	Liking	Cheetos_6_2c.jpg	6.0000	0.6205
115.0000	1.0000	154.0000	Liking	Smartfood_4_100Chips.jpg	6.0000	0.5426
115.0000	1.0000	155.0000	Liking	Fritos_5_1c.jpg	6.0000	0.5802
115.0000	1.0000	156.0000	Liking	AppleChips_2_3chips.jpg	4.0000	1.5327
115.0000	1.0000	157.0000	Liking	TofuDessert_4_1pck.jpg	2.0000	3.0486
115.0000	1.0000	158.0000	Liking	Cheerios_2_2T.jpg	3.0000	1.3094
115.0000	1.0000	159.0000	Liking	VegetableThins_2_5Chips.jpg	4.0000	1.1386
115.0000	1.0000	160.0000	Liking	Cheetos_3_10pc.jpg	5.0000	0.8947
115.0000	1.0000	161.0000	Liking	Cauliflower_2_3chunks.jpg	5.0000	1.4189
115.0000	1.0000	162.0000	Liking	Aero_1_1pc.jpg	6.0000	0.9875
115.0000	1.0000	163.0000	Liking	Cauliflower_6_0.5bag.jpg	5.0000	3.6107
115.0000	1.0000	164.0000	Liking	Strawberries_3_0.5bag.jpg	6.0000	0.8580
115.0000	1.0000	165.0000	Liking	OatBran_2_2T.jpg	3.0000	1.9935
115.0000	1.0000	166.0000	Liking	RedPepper_5_1pepper.jpg	6.0000	0.6336
115.0000	1.0000	167.0000	Liking	RiceKrispiesCereal_3_2tbsp.jpg	6.0000	0.6171
115.0000	1.0000	168.0000	Liking	TofuDessert_2_2Tbsp.jpg	3.0000	1.7137
115.0000	1.0000	169.0000	Liking	GreenApple_2_1slice.jpg	6.0000	1.0068
115.0000	1.0000	170.0000	Liking	Butternut_3_0.3cup.jpg	6.0000	0.6949
115.0000	1.0000	171.0000	Liking	PCChipCookie_5_4cookie.jpg	6.0000	0.5964
115.0000	1.0000	172.0000	Liking	PureFit_4_2Bars.jpg	4.0000	1.4625
115.0000	1.0000	173.0000	Liking	Raspberries_4_.5c.jpg	6.0000	0.5237
115.0000	1.0000	174.0000	Liking	FrozenCorn_4_2cups.jpg	6.0000	1.5133
115.0000	1.0000	175.0000	Liking	ProMax_4_1bar.jpg	6.0000	0.5098
115.0000	1.0000	176.0000	Liking	SpeltCakes_2_0.5.jpg	6.0000	1.1074
115.0000	1.0000	177.0000	Liking	PopTartStrawberry_2_0.5tart.jpg	6.0000	0.5367
115.0000	1.0000	178.0000	Liking	SkittlesSour_3_8pieces.jpg	6.0000	0.5245
115.0000	1.0000	179.0000	Liking	Smarties_5_3boxes.jpg	6.0000	0.6740
115.0000	1.0000	180.0000	Liking	Onion_2_1ring.jpg	1.0000	1.4086
115.0000	1.0000	181.0000	Liking	Tempeh_2_1Tbsp.jpg	2.0000	1.3379
115.0000	1.0000	182.0000	Liking	GreenGrapes_1_1.jpg	6.0000	2.1339
115.0000	1.0000	183.0000	Liking	RomaineLettuce_2_3leaves.jpg	3.0000	1.6100
115.0000	1.0000	184.0000	Liking	SlimStyles_2_2Tbsp.jpg	3.0000	2.3394
115.0000	1.0000	185.0000	Liking	Triscuit_5_30crackers.jpg	5.0000	1.1748
115.0000	1.0000	186.0000	Liking	CoffeeCrisp_3_1Bars.jpg	6.0000	0.8575
115.0000	1.0000	187.0000	Liking	IceCreamChocolate_4_3scoops.jpg	6.0000	0.7127
115.0000	1.0000	188.0000	Liking	Asparagus_3_7.jpg	3.0000	1.1363
115.0000	1.0000	189.0000	Liking	SkimMilk_4_1glass.jpg	6.0000	0.8522
115.0000	1.0000	190.0000	Liking	Almonds_2_10.jpg	3.0000	1.2754
115.0000	1.0000	191.0000	Liking	EnglishCucumber_5_0.5cuc.JPG	3.0000	0.7863
115.0000	1.0000	192.0000	Liking	Spinach_2_.5c.jpg	4.0000	1.6836
115.0000	1.0000	193.0000	Liking	LaysClassic_3_8Chips.jpg	5.0000	1.6117
115.0000	1.0000	194.0000	Liking	AlmondMilk_4_1glass.jpg	6.0000	1.1969
115.0000	1.0000	195.0000	Liking	Snickers_2_1Bar.jpg	6.0000	0.6550
115.0000	1.0000	196.0000	Liking	MnMPlain_5_1bag.jpg	6.0000	0.5343
115.0000	1.0000	197.0000	Liking	VanillaGreekYogurt_4_1cup.jpg	4.0000	1.3624
115.0000	1.0000	198.0000	Liking	GreenPepper_2_2pc.jpg	6.0000	2.0539
115.0000	1.0000	199.0000	Liking	SlicedTurkey_5_4slices.jpg	6.0000	0.7491
115.0000	1.0000	200.0000	Liking	FrozenOkra_5_0.5box.jpg	2.0000	0.9503
115.0000	2.0000	201.0000	Taste	CannedArtichoke_5_1can.jpg	3.0000	5.4015
115.0000	2.0000	202.0000	Taste	Butternut_7_2cups.jpg	6.0000	2.0265
115.0000	2.0000	203.0000	Taste	RitzCrackers_5_15Crackers.jpg	6.0000	1.3388
115.0000	2.0000	204.0000	Taste	Starburst_3_5pieces.jpg	6.0000	1.2868
115.0000	2.0000	205.0000	Taste	BabyFoodSweetPotatos_2_2T.jpg	1.0000	2.0690
115.0000	2.0000	206.0000	Taste	Cheerios_2_2T.jpg	4.0000	4.9691
115.0000	2.0000	207.0000	Taste	AlmondMilk_4_1glass.jpg	6.0000	0.8916
115.0000	2.0000	208.0000	Taste	Bananas_3_1.jpg	5.0000	0.9538
115.0000	2.0000	209.0000	Taste	Cauliflower_6_0.5bag.jpg	3.0000	1.9226
115.0000	2.0000	210.0000	Taste	IceCreamVanilla_4_3scoops.jpg	6.0000	1.1352
115.0000	2.0000	211.0000	Taste	Strawberries_3_0.5bag.jpg	6.0000	0.5299
115.0000	2.0000	212.0000	Taste	Bananas_2_0.5.jpg	6.0000	1.0785
115.0000	2.0000	213.0000	Taste	SpeltCakes_5_4.jpg	6.0000	0.5733
115.0000	2.0000	214.0000	Taste	Cheetos_6_2c.jpg	6.0000	0.4720
115.0000	2.0000	215.0000	Taste	Celery_4_0.5bunch.jpg	3.0000	1.9259
115.0000	2.0000	216.0000	Taste	Fritos_2_5chips.jpg	6.0000	0.5411
115.0000	2.0000	217.0000	Taste	BabyFoodCarrots_3_2Tbsp.jpg	1.0000	1.2974
115.0000	2.0000	218.0000	Taste	DriedHerring_1_1fish.jpg	5.0000	1.6468
115.0000	2.0000	219.0000	Taste	Prunes_2_3.jpg	6.0000	0.6619
115.0000	2.0000	220.0000	Taste	HoneyNutCheerios_2_2tbsp.jpg	4.0000	2.1135
115.0000	2.0000	221.0000	Taste	Skittles_3_14pieces.jpg	6.0000	0.6542
115.0000	2.0000	222.0000	Taste	TofuDessert_2_2Tbsp.jpg	2.0000	2.1089
115.0000	2.0000	223.0000	Taste	Orange_5_2orange.jpg	6.0000	1.8182
115.0000	2.0000	224.0000	Taste	MnMPeanuts_2_4.jpg	6.0000	0.5460
115.0000	2.0000	225.0000	Taste	Triscuit_5_30crackers.jpg	4.0000	1.7176
115.0000	2.0000	226.0000	Taste	BrusselsSprouts_2_3.jpg	1.0000	1.2743
115.0000	2.0000	227.0000	Taste	RomaineLettuce_2_3leaves.jpg	4.0000	0.9758
115.0000	2.0000	228.0000	Taste	Twizzlers_2_2.jpg	4.0000	1.5459
115.0000	2.0000	229.0000	Taste	Reese_1_1Cup.jpg	6.0000	1.0211
115.0000	2.0000	230.0000	Taste	Mentos_2_3pc.jpg	6.0000	0.4772
115.0000	2.0000	231.0000	Taste	Tuna_2_1T.jpg	6.0000	0.9950
115.0000	2.0000	232.0000	Taste	SlimStyles_2_2Tbsp.jpg	1.0000	1.5166
115.0000	2.0000	233.0000	Taste	Broccoli_4_1.5c.jpg	2.0000	3.7529
115.0000	2.0000	234.0000	Taste	Aero_3_1bar.jpg	6.0000	0.9796
115.0000	2.0000	235.0000	Taste	FrootLoops_6_2Cups.jpg	6.0000	1.5506
115.0000	2.0000	236.0000	Taste	VegetableThins_2_5Chips.jpg	5.0000	1.0418
115.0000	2.0000	237.0000	Taste	AlmondMilk_2_0.25glass.jpg	6.0000	0.6500
115.0000	2.0000	238.0000	Taste	LaysClassic_4_16Chips.jpg	6.0000	0.5525
115.0000	2.0000	239.0000	Taste	Onion_4_0.25.jpg	1.0000	0.9554
115.0000	2.0000	240.0000	Taste	Raspberries_5_.5bag.jpg	6.0000	0.7418
115.0000	2.0000	241.0000	Taste	Strawberries_2_0.5c.jpg	6.0000	0.7041
115.0000	2.0000	242.0000	Taste	OatmealSquares_7_2Cups.jpg	4.0000	2.8834
115.0000	2.0000	243.0000	Taste	BBQCrisps_6_1cup.jpg	6.0000	0.8882
115.0000	2.0000	244.0000	Taste	SpeltCakes_2_0.5.jpg	6.0000	0.5983
115.0000	2.0000	245.0000	Taste	Pringles_5_40Chips.jpg	6.0000	0.7736
115.0000	2.0000	246.0000	Taste	BabyFoodCarrots_5_1jar.jpg	1.0000	0.8962
115.0000	2.0000	247.0000	Taste	Orange_1_0.25orange.jpg	6.0000	0.4858
115.0000	2.0000	248.0000	Taste	CornFlakes_3_2tbsps.jpg	6.0000	0.9157
115.0000	2.0000	249.0000	Taste	CannedArtichoke_2_2.jpg	1.0000	0.8562
115.0000	2.0000	250.0000	Taste	Caramilk_5_2bars.jpg	6.0000	0.4778
115.0000	2.0000	251.0000	Taste	BabyFoodSweetPotatos_5_1jar.jpg	1.0000	0.7485
115.0000	2.0000	252.0000	Taste	ClamJuice_3_0.25c.jpg	6.0000	0.7193
115.0000	2.0000	253.0000	Taste	EnglishCucumber_2_2pc.jpg	3.0000	2.2831
115.0000	2.0000	254.0000	Taste	AllBranBar_3_1bar.jpg	4.0000	1.9444
115.0000	2.0000	255.0000	Taste	FrozenOkra_2_2pc.jpg	2.0000	2.5238
115.0000	2.0000	256.0000	Taste	MnMPlain_5_1bag.jpg	6.0000	0.9196
115.0000	2.0000	257.0000	Taste	Mackerel_3_4fish.jpg	4.0000	3.0286
115.0000	2.0000	258.0000	Taste	FrozenPeaches_5_1.5Cups.jpg	6.0000	1.0527
115.0000	2.0000	259.0000	Taste	GreenBeans_2_9beans.jpg	4.0000	1.2334
115.0000	2.0000	260.0000	Taste	Celery_2_1stalk.jpg	4.0000	0.9850
115.0000	2.0000	261.0000	Taste	Triscuit_2_2crackers.jpg	4.0000	0.7134
115.0000	2.0000	262.0000	Taste	WaterChestnuts_3_8pc.jpg	2.0000	4.4068
115.0000	2.0000	263.0000	Taste	Mackerel_1_1fish.jpg	4.0000	1.2555
115.0000	2.0000	264.0000	Taste	ProMax_2_0.25bar.jpg	4.0000	1.1648
115.0000	2.0000	265.0000	Taste	MnMPeanuts_4_45.jpg	6.0000	0.5994
115.0000	2.0000	266.0000	Taste	ClifBar_2_0.5bar.jpg	6.0000	1.7523
115.0000	2.0000	267.0000	Taste	PureFit_4_2Bars.jpg	4.0000	1.1228
115.0000	2.0000	268.0000	Taste	YorkPeppermintPatties_2_3.jpg	6.0000	1.3730
115.0000	2.0000	269.0000	Taste	Aero_1_1pc.jpg	6.0000	0.5191
115.0000	2.0000	270.0000	Taste	SevenGrain_3_5.jpg	6.0000	0.6831
115.0000	2.0000	271.0000	Taste	GreenApple_4_1.jpg	6.0000	0.5203
115.0000	2.0000	272.0000	Taste	Avocado_2_2pc.jpg	6.0000	1.1154
115.0000	2.0000	273.0000	Taste	FrootLoops_2_2T.jpg	6.0000	1.9079
115.0000	2.0000	274.0000	Taste	VanillaGreekYogurt_2_1spoon.jpg	6.0000	1.0964
115.0000	2.0000	275.0000	Taste	OikosYogurt_3_2spoonfuls.jpg	6.0000	1.0304
115.0000	2.0000	276.0000	Taste	Starburst_6_18pieces.jpg	6.0000	0.5664
115.0000	2.0000	277.0000	Taste	AllBranBar_1_.25bar.jpg	4.0000	1.2013
115.0000	2.0000	278.0000	Taste	Shreddies_2_1T.jpg	5.0000	1.2384
115.0000	2.0000	279.0000	Taste	LaysClassic_3_8Chips.jpg	6.0000	1.4386
115.0000	2.0000	280.0000	Taste	Mars_4_2Bars.jpg	6.0000	0.5507
115.0000	2.0000	281.0000	Taste	FrozenBroccoli_6_0.5bag.jpg	3.0000	1.2709
115.0000	2.0000	282.0000	Taste	FrozenCorn_2_0.5cup.jpg	4.0000	2.7494
115.0000	2.0000	283.0000	Taste	SlicedTurkey_2_0.5slice.jpg	6.0000	0.9761
115.0000	2.0000	284.0000	Taste	Nutella_4_3spoons.jpg	5.0000	1.0668
115.0000	2.0000	285.0000	Taste	Pringles_2_3Chips.jpg	6.0000	0.6314
115.0000	2.0000	286.0000	Taste	RedPepper_2_2pc.jpg	6.0000	0.8068
115.0000	2.0000	287.0000	Taste	ClamJuice_1_1T.jpg	6.0000	3.0561
115.0000	2.0000	288.0000	Taste	Mentos_5_1tube.jpg	6.0000	3.0709
115.0000	2.0000	289.0000	Taste	SevenGrain_1_1.jpg	6.0000	0.8209
115.0000	2.0000	290.0000	Taste	WaterChestnuts_5_0.5can.jpg	2.0000	2.7091
115.0000	2.0000	291.0000	Taste	Reese_4_5Cup.jpg	6.0000	0.4737
115.0000	2.0000	292.0000	Taste	CheeseNips_5_1c.jpg	6.0000	0.7517
115.0000	2.0000	293.0000	Taste	PopTartStrawberry_2_0.5tart.jpg	6.0000	0.5464
115.0000	2.0000	294.0000	Taste	Doritos_5_20chips.jpg	6.0000	6.6517
115.0000	2.0000	295.0000	Taste	Smarties_2_0.5box.jpg	6.0000	0.5944
115.0000	2.0000	296.0000	Taste	SunChips_4_20Chips.jpg	6.0000	6.5678
115.0000	2.0000	297.0000	Taste	SkittlesSour_6_0.5pack.jpg	6.0000	0.8267
115.0000	2.0000	298.0000	Taste	Mars_2_0.5Bar.jpg	6.0000	0.6746
115.0000	2.0000	299.0000	Taste	ClifBar_4_2bars.jpg	6.0000	1.2887
115.0000	2.0000	300.0000	Taste	GreenApple_2_1slice.jpg	6.0000	0.6780
115.0000	2.0000	301.0000	Taste	BrusselsSprouts_4_1Box.jpg	2.0000	1.3487
115.0000	2.0000	302.0000	Taste	PopTartStrawberry_5_3tarts.jpg	6.0000	0.6555
115.0000	2.0000	303.0000	Taste	HoneyNutCheerios_5_2cup.jpg	5.0000	1.1389
115.0000	2.0000	304.0000	Taste	WelchsFruitSnacks_3_4bags.jpg	6.0000	0.6148
115.0000	2.0000	305.0000	Taste	FrozenPeas_2_2tbsp.jpg	4.0000	1.2615
115.0000	2.0000	306.0000	Taste	Raspberries_4_.5c.jpg	5.0000	0.6589
115.0000	2.0000	307.0000	Taste	OatBran_4_1bowl.jpg	4.0000	1.3383
115.0000	2.0000	308.0000	Taste	WelchsFruitSnacks_1_1bag.jpg	6.0000	0.6936
115.0000	2.0000	309.0000	Taste	Tempeh_4_.5pack.jpg	2.0000	1.9870
115.0000	2.0000	310.0000	Taste	VegetableThins_5_25Chips.jpg	6.0000	0.7890
115.0000	2.0000	311.0000	Taste	RufflesSourCreamOnion_5_20chips.jpg	6.0000	0.6097
115.0000	2.0000	312.0000	Taste	IceCreamChocolate_4_3scoops.jpg	6.0000	0.6749
115.0000	2.0000	313.0000	Taste	Fritos_5_1c.jpg	6.0000	0.5956
115.0000	2.0000	314.0000	Taste	Snickers_3_2Bars.jpg	6.0000	0.5650
115.0000	2.0000	315.0000	Taste	NatureValleyChocolate_4_2bars.jpg	6.0000	2.1352
115.0000	2.0000	316.0000	Taste	Onion_2_1ring.jpg	1.0000	1.5067
115.0000	2.0000	317.0000	Taste	KashiBars_4_3bars.jpg	6.0000	1.2153
115.0000	2.0000	318.0000	Taste	AppleChips_2_3chips.jpg	4.0000	1.5810
115.0000	2.0000	319.0000	Taste	Almonds_2_10.jpg	4.0000	1.0152
115.0000	2.0000	320.0000	Taste	Beets_5_1can.jpg	1.0000	1.5274
115.0000	2.0000	321.0000	Taste	AppleChips_5_1c..jpg	4.0000	1.6100
115.0000	2.0000	322.0000	Taste	Smarties_5_3boxes.jpg	6.0000	0.6594
115.0000	2.0000	323.0000	Taste	Almonds_4_40.jpg	4.0000	1.7300
115.0000	2.0000	324.0000	Taste	Twizzlers_4_8.jpg	5.0000	1.2784
115.0000	2.0000	325.0000	Taste	KashiBars_1_0.5bar.jpg	6.0000	0.7567
115.0000	2.0000	326.0000	Taste	Cheetos_3_10pc.jpg	6.0000	0.5836
115.0000	2.0000	327.0000	Taste	TofuDessert_4_1pck.jpg	2.0000	1.7455
115.0000	2.0000	328.0000	Taste	GreenGrapes_4_40.jpg	6.0000	0.7328
115.0000	2.0000	329.0000	Taste	SlicedTurkey_5_4slices.jpg	6.0000	0.5841
115.0000	2.0000	330.0000	Taste	Cauliflower_2_3chunks.jpg	4.0000	1.4462
115.0000	2.0000	331.0000	Taste	YorkPeppermintPatties_4_12.jpg	6.0000	0.7006
115.0000	2.0000	332.0000	Taste	GreenGrapes_1_1.jpg	6.0000	0.7217
115.0000	2.0000	333.0000	Taste	Nutella_1_0.5spoon.jpg	5.0000	1.1976
115.0000	2.0000	334.0000	Taste	Asparagus_6_FullPack.jpg	5.0000	1.8109
115.0000	2.0000	335.0000	Taste	FrozenPeas_6_0.5bag.jpg	5.0000	1.0982
115.0000	2.0000	336.0000	Taste	SkittlesSour_3_8pieces.jpg	6.0000	0.7830
115.0000	2.0000	337.0000	Taste	AllBranCereal_6_1cup.jpg	3.0000	1.4034
115.0000	2.0000	338.0000	Taste	FrozenOkra_5_0.5box.jpg	2.0000	1.0901
115.0000	2.0000	339.0000	Taste	DriedHerring_3_4fish.jpg	5.0000	1.1588
115.0000	2.0000	340.0000	Taste	Butternut_3_0.3cup.jpg	6.0000	0.6812
115.0000	2.0000	341.0000	Taste	Smartfood_4_100Chips.jpg	6.0000	0.5126
115.0000	2.0000	342.0000	Taste	RomaineLettuce_4_1head.jpg	4.0000	1.0532
115.0000	2.0000	343.0000	Taste	Prunes_5_1c.jpg	2.0000	1.3388
115.0000	2.0000	344.0000	Taste	CheeseNips_2_5nips.jpg	6.0000	0.6939
115.0000	2.0000	345.0000	Taste	Avocado_5_1avacado.jpg	6.0000	0.8344
115.0000	2.0000	346.0000	Taste	VanillaGreekYogurt_4_1cup.jpg	6.0000	1.1620
115.0000	2.0000	347.0000	Taste	DriedApricots_5_0.75cup.jpg	6.0000	0.7480
115.0000	2.0000	348.0000	Taste	MnMPlain_3_1tbsp.jpg	6.0000	0.5585
115.0000	2.0000	349.0000	Taste	BBQCrisps_2_5.jpg	6.0000	0.5832
115.0000	2.0000	350.0000	Taste	SunChips_2_3Chips.jpg	6.0000	0.7622
115.0000	2.0000	351.0000	Taste	GreenPepper_2_2pc.jpg	6.0000	0.8288
115.0000	2.0000	352.0000	Taste	FrozenBlueberries_1_1tbsp.jpg	6.0000	1.0122
115.0000	2.0000	353.0000	Taste	Beets_2_5pc.jpg	2.0000	1.0530
115.0000	2.0000	354.0000	Taste	Skittles_6_0.75pack.jpg	6.0000	0.6755
115.0000	2.0000	355.0000	Taste	CoffeeCrisp_3_1Bars.jpg	6.0000	0.5542
115.0000	2.0000	356.0000	Taste	Spinach_4_.5box.jpg	4.0000	1.2196
115.0000	2.0000	357.0000	Taste	RufflesSourCreamOnion_3_5chips.jpg	6.0000	0.5675
115.0000	2.0000	358.0000	Taste	ProMax_4_1bar.jpg	6.0000	1.8255
115.0000	2.0000	359.0000	Taste	Shreddies_5_2c.jpg	4.0000	1.4370
115.0000	2.0000	360.0000	Taste	RiceKrispiesCereal_7_2cups.jpg	6.0000	1.2836
115.0000	2.0000	361.0000	Taste	OatmealSquares_3_2tbsp.jpg	4.0000	0.9032
115.0000	2.0000	362.0000	Taste	MangoChunks_2_3.jpg	6.0000	0.6424
115.0000	2.0000	363.0000	Taste	Tuna_4_1can.jpg	6.0000	0.6018
115.0000	2.0000	364.0000	Taste	SkimMilk_1_1Tbsp.jpg	6.0000	0.8348
115.0000	2.0000	365.0000	Taste	Spinach_2_.5c.jpg	4.0000	0.9377
115.0000	2.0000	366.0000	Taste	RiceKrispiesCereal_3_2tbsp.jpg	6.0000	0.5806
115.0000	2.0000	367.0000	Taste	SlimStyles_6_2c.jpg	2.0000	1.6538
115.0000	2.0000	368.0000	Taste	OikosYogurt_6_1c.jpg	6.0000	1.2051
115.0000	2.0000	369.0000	Taste	Broccoli_1_1pc.jpg	4.0000	1.1256
115.0000	2.0000	370.0000	Taste	MangoChunks_5_1cup.jpg	6.0000	0.6247
115.0000	2.0000	371.0000	Taste	FrozenBlueberries_3_1cup.jpg	6.0000	0.9362
115.0000	2.0000	372.0000	Taste	RedPepper_5_1pepper.jpg	6.0000	6.3306
115.0000	2.0000	373.0000	Taste	GreenPepper_6_1pepper.jpg	6.0000	0.5820
115.0000	2.0000	374.0000	Taste	FrozenCorn_4_2cups.jpg	6.0000	1.2874
115.0000	2.0000	375.0000	Taste	NatureValleyChocolate_1_0.25bar.jpg	6.0000	0.8771
115.0000	2.0000	376.0000	Taste	RaisinBran_7_2cup.jpg	4.0000	2.0135
115.0000	2.0000	377.0000	Taste	Asparagus_3_7.jpg	5.0000	1.1149
115.0000	2.0000	378.0000	Taste	DriedApricots_2_2.jpg	6.0000	0.6703
115.0000	2.0000	379.0000	Taste	Tempeh_2_1Tbsp.jpg	2.0000	3.2042
115.0000	2.0000	380.0000	Taste	Doritos_2_3chips.jpg	6.0000	1.2997
115.0000	2.0000	381.0000	Taste	CornFlakes_6_2cups.jpg	4.0000	1.0651
115.0000	2.0000	382.0000	Taste	CoffeeCrisp_1_0.25bar.jpg	6.0000	0.6310
115.0000	2.0000	383.0000	Taste	Caramilk_2_2pc.jpg	6.0000	0.7104
115.0000	2.0000	384.0000	Taste	PCChipCookie_2_0.5cookie.jpg	6.0000	2.0104
115.0000	2.0000	385.0000	Taste	Cheerios_5_2c.jpg	5.0000	2.6084
115.0000	2.0000	386.0000	Taste	FrozenPeaches_2_3Slices.jpg	6.0000	1.2812
115.0000	2.0000	387.0000	Taste	OatBran_2_2T.jpg	4.0000	1.4386
115.0000	2.0000	388.0000	Taste	IceCreamChocolate_1_1tsp.jpg	6.0000	0.9499
115.0000	2.0000	389.0000	Taste	Snickers_2_1Bar.jpg	6.0000	1.7526
115.0000	2.0000	390.0000	Taste	PureFit_2_0.5Bars.jpg	5.0000	1.9311
115.0000	2.0000	391.0000	Taste	RaisinBran_3_2tbsp.jpg	4.0000	1.3686
115.0000	2.0000	392.0000	Taste	EnglishCucumber_5_0.5cuc.JPG	3.0000	1.7051
115.0000	2.0000	393.0000	Taste	IceCreamVanilla_1_2tsp.jpg	6.0000	2.1179
115.0000	2.0000	394.0000	Taste	PCChipCookie_5_4cookie.jpg	6.0000	0.9209
115.0000	2.0000	395.0000	Taste	SkimMilk_4_1glass.jpg	6.0000	0.6127
115.0000	2.0000	396.0000	Taste	GreenBeans_4_.5pck.jpg	4.0000	2.2354
115.0000	2.0000	397.0000	Taste	RitzCrackers_2_3Crackers.jpg	6.0000	1.0517
115.0000	2.0000	398.0000	Taste	FrozenBroccoli_2_3chunks.jpg	4.0000	1.0555
115.0000	2.0000	399.0000	Taste	AllBranCereal_2_1tbsp.jpg	3.0000	1.7928
115.0000	2.0000	400.0000	Taste	Smartfood_2_8Chips.jpg	6.0000	1.3323
115.0000	2.0000	401.0000	Health	Tuna_4_1can.jpg	5.0000	3.1219
115.0000	2.0000	402.0000	Health	FrozenPeas_6_0.5bag.jpg	5.0000	1.9246
115.0000	2.0000	403.0000	Health	BabyFoodCarrots_3_2Tbsp.jpg	5.0000	1.5926
115.0000	2.0000	404.0000	Health	CornFlakes_3_2tbsps.jpg	3.0000	1.6670
115.0000	2.0000	405.0000	Health	RedPepper_5_1pepper.jpg	5.0000	1.6161
115.0000	2.0000	406.0000	Health	YorkPeppermintPatties_2_3.jpg	2.0000	1.3571
115.0000	2.0000	407.0000	Health	AlmondMilk_4_1glass.jpg	6.0000	1.0074
115.0000	2.0000	408.0000	Health	AllBranBar_1_.25bar.jpg	4.0000	2.3923
115.0000	2.0000	409.0000	Health	WelchsFruitSnacks_3_4bags.jpg	1.0000	0.9856
115.0000	2.0000	410.0000	Health	Doritos_5_20chips.jpg	1.0000	0.5681
115.0000	2.0000	411.0000	Health	SlimStyles_6_2c.jpg	2.0000	1.9061
115.0000	2.0000	412.0000	Health	NatureValleyChocolate_1_0.25bar.jpg	1.0000	1.0150
115.0000	2.0000	413.0000	Health	CornFlakes_6_2cups.jpg	3.0000	1.4804
115.0000	2.0000	414.0000	Health	Cheetos_3_10pc.jpg	1.0000	1.0066
115.0000	2.0000	415.0000	Health	Aero_1_1pc.jpg	1.0000	0.5664
115.0000	2.0000	416.0000	Health	MnMPlain_5_1bag.jpg	1.0000	0.3918
115.0000	2.0000	417.0000	Health	Mars_2_0.5Bar.jpg	1.0000	0.4170
115.0000	2.0000	418.0000	Health	Shreddies_5_2c.jpg	4.0000	3.4289
115.0000	2.0000	419.0000	Health	Raspberries_5_.5bag.jpg	5.0000	2.3237
115.0000	2.0000	420.0000	Health	ClamJuice_1_1T.jpg	5.0000	1.3279
115.0000	2.0000	421.0000	Health	Pringles_5_40Chips.jpg	1.0000	0.7940
115.0000	2.0000	422.0000	Health	FrozenOkra_5_0.5box.jpg	5.0000	1.0010
115.0000	2.0000	423.0000	Health	FrootLoops_2_2T.jpg	3.0000	1.5735
115.0000	2.0000	424.0000	Health	Cauliflower_2_3chunks.jpg	5.0000	1.1736
115.0000	2.0000	425.0000	Health	SpeltCakes_2_0.5.jpg	3.0000	1.2235
115.0000	2.0000	426.0000	Health	FrozenPeaches_5_1.5Cups.jpg	5.0000	1.8706
115.0000	2.0000	427.0000	Health	Avocado_5_1avacado.jpg	5.0000	1.0042
115.0000	2.0000	428.0000	Health	Onion_4_0.25.jpg	6.0000	1.4449
115.0000	2.0000	429.0000	Health	CannedArtichoke_5_1can.jpg	3.0000	1.3244
115.0000	2.0000	430.0000	Health	Starburst_3_5pieces.jpg	1.0000	1.0409
115.0000	2.0000	431.0000	Health	Tempeh_4_.5pack.jpg	3.0000	2.2562
115.0000	2.0000	432.0000	Health	PCChipCookie_2_0.5cookie.jpg	1.0000	1.0704
115.0000	2.0000	433.0000	Health	SpeltCakes_5_4.jpg	1.0000	0.9083
115.0000	2.0000	434.0000	Health	RaisinBran_3_2tbsp.jpg	1.0000	0.5383
115.0000	2.0000	435.0000	Health	Mars_4_2Bars.jpg	1.0000	0.7816
115.0000	2.0000	436.0000	Health	Butternut_7_2cups.jpg	6.0000	1.2226
115.0000	2.0000	437.0000	Health	ProMax_4_1bar.jpg	1.0000	1.1340
115.0000	2.0000	438.0000	Health	ClamJuice_3_0.25c.jpg	5.0000	1.1933
115.0000	2.0000	439.0000	Health	FrozenBroccoli_2_3chunks.jpg	5.0000	1.3590
115.0000	2.0000	440.0000	Health	IceCreamVanilla_4_3scoops.jpg	1.0000	0.6570
115.0000	2.0000	441.0000	Health	SlicedTurkey_5_4slices.jpg	4.0000	1.5119
115.0000	2.0000	442.0000	Health	KashiBars_4_3bars.jpg	4.0000	1.8845
115.0000	2.0000	443.0000	Health	WaterChestnuts_5_0.5can.jpg	4.0000	1.4419
115.0000	2.0000	444.0000	Health	Caramilk_2_2pc.jpg	1.0000	0.7299
115.0000	2.0000	445.0000	Health	Spinach_4_.5box.jpg	4.0000	1.0532
115.0000	2.0000	446.0000	Health	Fritos_2_5chips.jpg	1.0000	1.5516
115.0000	2.0000	447.0000	Health	FrozenOkra_2_2pc.jpg	5.0000	0.9697
115.0000	2.0000	448.0000	Health	VanillaGreekYogurt_4_1cup.jpg	4.0000	1.2833
115.0000	2.0000	449.0000	Health	PureFit_2_0.5Bars.jpg	1.0000	1.1609
115.0000	2.0000	450.0000	Health	GreenPepper_6_1pepper.jpg	5.0000	1.7068
115.0000	2.0000	451.0000	Health	Snickers_3_2Bars.jpg	1.0000	0.6882
115.0000	2.0000	452.0000	Health	FrozenBroccoli_6_0.5bag.jpg	5.0000	0.9796
115.0000	2.0000	453.0000	Health	RiceKrispiesCereal_7_2cups.jpg	3.0000	1.1884
115.0000	2.0000	454.0000	Health	RitzCrackers_5_15Crackers.jpg	4.0000	0.9656
115.0000	2.0000	455.0000	Health	EnglishCucumber_5_0.5cuc.JPG	5.0000	0.9197
115.0000	2.0000	456.0000	Health	SlimStyles_2_2Tbsp.jpg	3.0000	3.2196
115.0000	2.0000	457.0000	Health	GreenGrapes_4_40.jpg	6.0000	1.0035
115.0000	2.0000	458.0000	Health	BrusselsSprouts_2_3.jpg	5.0000	1.4763
115.0000	2.0000	459.0000	Health	Asparagus_6_FullPack.jpg	6.0000	0.8959
115.0000	2.0000	460.0000	Health	CoffeeCrisp_3_1Bars.jpg	1.0000	1.1491
115.0000	2.0000	461.0000	Health	Strawberries_3_0.5bag.jpg	6.0000	0.9506
115.0000	2.0000	462.0000	Health	AllBranBar_3_1bar.jpg	4.0000	7.3692
115.0000	2.0000	463.0000	Health	WelchsFruitSnacks_1_1bag.jpg	1.0000	0.7474
115.0000	2.0000	464.0000	Health	BBQCrisps_6_1cup.jpg	1.0000	0.6772
115.0000	2.0000	465.0000	Health	SkimMilk_1_1Tbsp.jpg	6.0000	1.0594
115.0000	2.0000	466.0000	Health	PopTartStrawberry_2_0.5tart.jpg	3.0000	1.2980
115.0000	2.0000	467.0000	Health	FrozenCorn_4_2cups.jpg	5.0000	1.0629
115.0000	2.0000	468.0000	Health	Spinach_2_.5c.jpg	5.0000	1.2846
115.0000	2.0000	469.0000	Health	Cheetos_6_2c.jpg	1.0000	0.6822
115.0000	2.0000	470.0000	Health	Cauliflower_6_0.5bag.jpg	5.0000	0.9568
115.0000	2.0000	471.0000	Health	SevenGrain_3_5.jpg	4.0000	1.7511
115.0000	2.0000	472.0000	Health	Reese_4_5Cup.jpg	1.0000	0.6976
115.0000	2.0000	473.0000	Health	SevenGrain_1_1.jpg	4.0000	0.9183
115.0000	2.0000	474.0000	Health	Beets_5_1can.jpg	4.0000	3.2493
115.0000	2.0000	475.0000	Health	FrozenPeaches_2_3Slices.jpg	5.0000	1.0156
115.0000	2.0000	476.0000	Health	OatmealSquares_7_2Cups.jpg	3.0000	1.4130
115.0000	2.0000	477.0000	Health	OikosYogurt_6_1c.jpg	5.0000	1.2219
115.0000	2.0000	478.0000	Health	NatureValleyChocolate_4_2bars.jpg	1.0000	1.1016
115.0000	2.0000	479.0000	Health	TofuDessert_2_2Tbsp.jpg	5.0000	1.5544
115.0000	2.0000	480.0000	Health	AlmondMilk_2_0.25glass.jpg	5.0000	1.9644
115.0000	2.0000	481.0000	Health	PureFit_4_2Bars.jpg	1.0000	2.6785
115.0000	2.0000	482.0000	Health	Fritos_5_1c.jpg	1.0000	0.6639
115.0000	2.0000	483.0000	Health	EnglishCucumber_2_2pc.jpg	5.0000	1.3973
115.0000	2.0000	484.0000	Health	LaysClassic_3_8Chips.jpg	1.0000	0.8808
115.0000	2.0000	485.0000	Health	Broccoli_1_1pc.jpg	5.0000	0.9023
115.0000	2.0000	486.0000	Health	Smartfood_2_8Chips.jpg	1.0000	0.7080
115.0000	2.0000	487.0000	Health	FrootLoops_6_2Cups.jpg	1.0000	0.4266
115.0000	2.0000	488.0000	Health	MnMPlain_3_1tbsp.jpg	1.0000	0.7548
115.0000	2.0000	489.0000	Health	Avocado_2_2pc.jpg	5.0000	1.3883
115.0000	2.0000	490.0000	Health	Bananas_2_0.5.jpg	6.0000	1.4614
115.0000	2.0000	491.0000	Health	DriedApricots_5_0.75cup.jpg	5.0000	1.1315
115.0000	2.0000	492.0000	Health	Mentos_2_3pc.jpg	1.0000	1.3182
115.0000	2.0000	493.0000	Health	BrusselsSprouts_4_1Box.jpg	5.0000	1.0983
115.0000	2.0000	494.0000	Health	HoneyNutCheerios_5_2cup.jpg	4.0000	8.9948
115.0000	2.0000	495.0000	Health	RomaineLettuce_2_3leaves.jpg	5.0000	0.9156
115.0000	2.0000	496.0000	Health	FrozenPeas_2_2tbsp.jpg	5.0000	0.8284
115.0000	2.0000	497.0000	Health	Mackerel_3_4fish.jpg	4.0000	1.0766
115.0000	2.0000	498.0000	Health	Onion_2_1ring.jpg	1.0000	0.0348
115.0000	2.0000	499.0000	Health	OatmealSquares_3_2tbsp.jpg	4.0000	1.1985
115.0000	2.0000	500.0000	Health	FrozenBlueberries_3_1cup.jpg	5.0000	1.9075
115.0000	2.0000	501.0000	Health	GreenApple_2_1slice.jpg	6.0000	1.0252
115.0000	2.0000	502.0000	Health	Cheerios_2_2T.jpg	4.0000	0.8697
115.0000	2.0000	503.0000	Health	Beets_2_5pc.jpg	4.0000	1.3152
115.0000	2.0000	504.0000	Health	Orange_1_0.25orange.jpg	6.0000	0.8470
115.0000	2.0000	505.0000	Health	BabyFoodSweetPotatos_5_1jar.jpg	3.0000	2.3345
115.0000	2.0000	506.0000	Health	Skittles_3_14pieces.jpg	1.0000	0.8261
115.0000	2.0000	507.0000	Health	ClifBar_2_0.5bar.jpg	1.0000	0.8907
115.0000	2.0000	508.0000	Health	Mentos_5_1tube.jpg	1.0000	0.8793
115.0000	2.0000	509.0000	Health	Aero_3_1bar.jpg	1.0000	0.7089
115.0000	2.0000	510.0000	Health	Triscuit_5_30crackers.jpg	4.0000	1.5053
115.0000	2.0000	511.0000	Health	IceCreamChocolate_4_3scoops.jpg	1.0000	0.7977
115.0000	2.0000	512.0000	Health	YorkPeppermintPatties_4_12.jpg	1.0000	0.8435
115.0000	2.0000	513.0000	Health	GreenBeans_2_9beans.jpg	5.0000	0.8702
115.0000	2.0000	514.0000	Health	SunChips_4_20Chips.jpg	1.0000	0.7663
115.0000	2.0000	515.0000	Health	Raspberries_4_.5c.jpg	5.0000	0.9000
115.0000	2.0000	516.0000	Health	ProMax_2_0.25bar.jpg	1.0000	0.8547
115.0000	2.0000	517.0000	Health	TofuDessert_4_1pck.jpg	5.0000	1.4051
115.0000	2.0000	518.0000	Health	SkittlesSour_6_0.5pack.jpg	1.0000	0.5814
115.0000	2.0000	519.0000	Health	OatBran_4_1bowl.jpg	4.0000	1.4070
115.0000	2.0000	520.0000	Health	DriedHerring_1_1fish.jpg	4.0000	1.0398
115.0000	2.0000	521.0000	Health	VegetableThins_2_5Chips.jpg	4.0000	1.9827
115.0000	2.0000	522.0000	Health	Strawberries_2_0.5c.jpg	5.0000	1.1971
115.0000	2.0000	523.0000	Health	VanillaGreekYogurt_2_1spoon.jpg	5.0000	0.9418
115.0000	2.0000	524.0000	Health	Tempeh_2_1Tbsp.jpg	4.0000	1.4810
115.0000	2.0000	525.0000	Health	MnMPeanuts_2_4.jpg	1.0000	0.6219
115.0000	2.0000	526.0000	Health	Triscuit_2_2crackers.jpg	4.0000	1.3894
115.0000	2.0000	527.0000	Health	GreenApple_4_1.jpg	6.0000	0.8941
115.0000	2.0000	528.0000	Health	KashiBars_1_0.5bar.jpg	4.0000	1.2352
115.0000	2.0000	529.0000	Health	Nutella_1_0.5spoon.jpg	1.0000	0.8987
115.0000	2.0000	530.0000	Health	Twizzlers_2_2.jpg	1.0000	0.7434
115.0000	2.0000	531.0000	Health	ClifBar_4_2bars.jpg	1.0000	0.7467
115.0000	2.0000	532.0000	Health	RufflesSourCreamOnion_3_5chips.jpg	1.0000	0.8174
115.0000	2.0000	533.0000	Health	FrozenBlueberries_1_1tbsp.jpg	5.0000	3.8228
115.0000	2.0000	534.0000	Health	BabyFoodSweetPotatos_2_2T.jpg	4.0000	2.1904
115.0000	2.0000	535.0000	Health	CoffeeCrisp_1_0.25bar.jpg	1.0000	1.3427
115.0000	2.0000	536.0000	Health	Almonds_2_10.jpg	3.0000	2.2662
115.0000	2.0000	537.0000	Health	BabyFoodCarrots_5_1jar.jpg	5.0000	2.0241
115.0000	2.0000	538.0000	Health	SkimMilk_4_1glass.jpg	6.0000	0.8959
115.0000	2.0000	539.0000	Health	DriedHerring_3_4fish.jpg	4.0000	0.8926
115.0000	2.0000	540.0000	Health	MangoChunks_5_1cup.jpg	5.0000	0.8971
115.0000	2.0000	541.0000	Health	Shreddies_2_1T.jpg	4.0000	1.1390
115.0000	2.0000	542.0000	Health	Mackerel_1_1fish.jpg	5.0000	0.6057
115.0000	2.0000	543.0000	Health	Prunes_2_3.jpg	5.0000	0.5961
115.0000	2.0000	544.0000	Health	CheeseNips_5_1c.jpg	1.0000	0.9889
115.0000	2.0000	545.0000	Health	RitzCrackers_2_3Crackers.jpg	4.0000	1.7984
115.0000	2.0000	546.0000	Health	HoneyNutCheerios_2_2tbsp.jpg	3.0000	1.4431
115.0000	2.0000	547.0000	Health	Skittles_6_0.75pack.jpg	1.0000	0.6977
115.0000	2.0000	548.0000	Health	SunChips_2_3Chips.jpg	1.0000	0.6878
115.0000	2.0000	549.0000	Health	AllBranCereal_2_1tbsp.jpg	4.0000	1.3427
115.0000	2.0000	550.0000	Health	PopTartStrawberry_5_3tarts.jpg	1.0000	0.9701
115.0000	2.0000	551.0000	Health	Asparagus_3_7.jpg	5.0000	0.9533
115.0000	2.0000	552.0000	Health	Celery_4_0.5bunch.jpg	5.0000	1.0515
115.0000	2.0000	553.0000	Health	PCChipCookie_5_4cookie.jpg	1.0000	1.1861
115.0000	2.0000	554.0000	Health	DriedApricots_2_2.jpg	5.0000	1.6428
115.0000	2.0000	555.0000	Health	CheeseNips_2_5nips.jpg	1.0000	0.8502
115.0000	2.0000	556.0000	Health	VegetableThins_5_25Chips.jpg	4.0000	1.9841
115.0000	2.0000	557.0000	Health	IceCreamVanilla_1_2tsp.jpg	1.0000	0.9048
115.0000	2.0000	558.0000	Health	Pringles_2_3Chips.jpg	1.0000	1.1629
115.0000	2.0000	559.0000	Health	Orange_5_2orange.jpg	6.0000	0.8849
115.0000	2.0000	560.0000	Health	MangoChunks_2_3.jpg	5.0000	1.2235
115.0000	2.0000	561.0000	Health	Snickers_2_1Bar.jpg	1.0000	0.8869
115.0000	2.0000	562.0000	Health	OatBran_2_2T.jpg	4.0000	1.1242
115.0000	2.0000	563.0000	Health	GreenPepper_2_2pc.jpg	6.0000	1.2957
115.0000	2.0000	564.0000	Health	Cheerios_5_2c.jpg	4.0000	2.4250
115.0000	2.0000	565.0000	Health	RedPepper_2_2pc.jpg	6.0000	3.1671
115.0000	2.0000	566.0000	Health	AppleChips_2_3chips.jpg	3.0000	1.6698
115.0000	2.0000	567.0000	Health	LaysClassic_4_16Chips.jpg	1.0000	0.9892
115.0000	2.0000	568.0000	Health	Smarties_5_3boxes.jpg	1.0000	0.7265
115.0000	2.0000	569.0000	Health	CannedArtichoke_2_2.jpg	4.0000	2.6502
115.0000	2.0000	570.0000	Health	AppleChips_5_1c..jpg	3.0000	0.9959
115.0000	2.0000	571.0000	Health	Butternut_3_0.3cup.jpg	5.0000	1.1316
115.0000	2.0000	572.0000	Health	WaterChestnuts_3_8pc.jpg	4.0000	4.8948
115.0000	2.0000	573.0000	Health	Smartfood_4_100Chips.jpg	1.0000	0.7240
115.0000	2.0000	574.0000	Health	FrozenCorn_2_0.5cup.jpg	5.0000	0.9914
115.0000	2.0000	575.0000	Health	MnMPeanuts_4_45.jpg	1.0000	0.6567
115.0000	2.0000	576.0000	Health	GreenGrapes_1_1.jpg	6.0000	1.4404
115.0000	2.0000	577.0000	Health	SkittlesSour_3_8pieces.jpg	1.0000	0.8308
115.0000	2.0000	578.0000	Health	AllBranCereal_6_1cup.jpg	4.0000	1.9206
115.0000	2.0000	579.0000	Health	RomaineLettuce_4_1head.jpg	4.0000	1.6605
115.0000	2.0000	580.0000	Health	Tuna_2_1T.jpg	5.0000	1.6828
115.0000	2.0000	581.0000	Health	BBQCrisps_2_5.jpg	1.0000	0.5911
115.0000	2.0000	582.0000	Health	Starburst_6_18pieces.jpg	1.0000	0.5355
115.0000	2.0000	583.0000	Health	RufflesSourCreamOnion_5_20chips.jpg	1.0000	0.5732
115.0000	2.0000	584.0000	Health	Celery_2_1stalk.jpg	5.0000	1.0544
115.0000	2.0000	585.0000	Health	GreenBeans_4_.5pck.jpg	5.0000	0.5778
115.0000	2.0000	586.0000	Health	IceCreamChocolate_1_1tsp.jpg	1.0000	0.5390
115.0000	2.0000	587.0000	Health	Reese_1_1Cup.jpg	1.0000	0.6380
115.0000	2.0000	588.0000	Health	Prunes_5_1c.jpg	5.0000	1.3648
115.0000	2.0000	589.0000	Health	Broccoli_4_1.5c.jpg	6.0000	1.5504
115.0000	2.0000	590.0000	Health	Twizzlers_4_8.jpg	1.0000	0.8968
115.0000	2.0000	591.0000	Health	RaisinBran_7_2cup.jpg	3.0000	1.6643
115.0000	2.0000	592.0000	Health	Smarties_2_0.5box.jpg	1.0000	0.5813
115.0000	2.0000	593.0000	Health	RiceKrispiesCereal_3_2tbsp.jpg	1.0000	1.5174
115.0000	2.0000	594.0000	Health	Caramilk_5_2bars.jpg	1.0000	0.8154
115.0000	2.0000	595.0000	Health	SlicedTurkey_2_0.5slice.jpg	4.0000	1.4062
115.0000	2.0000	596.0000	Health	Bananas_3_1.jpg	6.0000	1.0781
115.0000	2.0000	597.0000	Health	Doritos_2_3chips.jpg	1.0000	0.5356
115.0000	2.0000	598.0000	Health	Almonds_4_40.jpg	3.0000	1.4656
115.0000	2.0000	599.0000	Health	OikosYogurt_3_2spoonfuls.jpg	5.0000	1.1346
115.0000	2.0000	600.0000	Health	Nutella_4_3spoons.jpg	1.0000	1.0980
