Subject	Trial	Instruction	Food	Liking	Taste	Health	Amount	Choice	ChoiceRT	FirstDevTimeChoice	InitAngleChoice	NumChangeMindChoice	FinalDevTimeChoice	MaxVelocityChoice	DrxFirstDevChoice	TotalAUCChoice	AUCtoNonChosenChoice	AUCtoChosenChoice	MaxDevChoice
81.0000	1.0000	Decrease Desire	RaisinBran	1.0000	1.0000	5.0000	7	-1.0000	1.3772	0.7893	-0.0000	0.0000	0.7893	0.1128	-1.0000	0.2008	0.2008	-0.0000	0.3243
81.0000	2.0000	Decrease Desire	PopTartStrawberry	4.0000	4.0000	1.0000	2	-1.0000	1.8300	1.0071	-0.0000	0.0000	1.0071	0.1772	-1.0000	0.1600	0.1600	-0.0000	0.3276
81.0000	3.0000	Decrease Desire	Celery	1.0000	1.0000	6.0000	4	1.0000	1.5282	0.7052	0.1070	0.0000	0.7052	0.1221	1.0000	0.0856	0.0898	-0.0042	0.1681
81.0000	4.0000	Decrease Desire	Raspberries	6.0000	6.0000	6.0000	5	1.0000	1.5113	0.8227	0.3187	0.0000	0.8227	0.1402	1.0000	0.1202	0.1202	-0.0000	0.2089
81.0000	5.0000	Decrease Desire	FrozenBroccoli	6.0000	6.0000	6.0000	2	1.0000	1.4107	0.8061	0.0151	0.0000	0.8061	0.1621	1.0000	0.0901	0.0924	-0.0022	0.1937
81.0000	6.0000	Decrease Desire	Smartfood	6.0000	6.0000	5.0000	2	1.0000	1.5955	0.8228	0.0000	1.0000	1.0076	0.1439	-1.0000	0.1744	0.1751	-0.0007	0.4092
81.0000	7.0000	Decrease Desire	FrozenPeaches	6.0000	6.0000	6.0000	2	1.0000	1.3603	0.6045	0.1190	0.0000	0.6045	0.1601	1.0000	0.0880	0.0880	-0.0000	0.1361
81.0000	8.0000	Decrease Desire	CannedArtichoke	5.0000	1.0000	5.0000	5	-1.0000	2.0488	0.7389	-0.0579	2.0000	1.4108	0.1689	-1.0000	0.0584	0.0743	-0.0159	0.2267
81.0000	9.0000	Decrease Desire	OatBran	1.0000	1.0000	6.0000	4	-1.0000	1.5620	0.8902	0.1703	0.0000	0.8902	0.0965	-1.0000	0.1221	0.1221	-0.0000	0.2133
81.0000	10.0000	Decrease Desire	Avocado	6.0000	6.0000	6.0000	5	1.0000	1.4273	0.7051	-0.0172	0.0000	0.7051	0.1263	1.0000	0.1114	0.1350	-0.0237	0.2667
81.0000	11.0000	Respond Naturally	Bananas	6.0000	6.0000	6.0000	2	1.0000	1.0748	0.5205	0.0000	0.0000	0.5205	0.1412	1.0000	0.0774	0.0774	-0.0000	0.1488
81.0000	12.0000	Respond Naturally	GreenApple	6.0000	6.0000	6.0000	2	1.0000	1.0244	0.4365	0.0000	0.0000	0.4365	0.1222	1.0000	0.1153	0.1153	-0.0000	0.2261
81.0000	13.0000	Respond Naturally	Reese	6.0000	6.0000	1.0000	4	-1.0000	2.3009	0.6046	-0.0975	1.0000	1.3772	0.2688	1.0000	0.4562	0.4745	-0.0183	1.3575
81.0000	14.0000	Respond Naturally	Tuna	2.0000	2.0000	4.0000	4	-1.0000	1.3097	0.7219	0.1111	0.0000	0.7219	0.1466	-1.0000	0.1043	0.1059	-0.0015	0.1851
81.0000	15.0000	Respond Naturally	Beets	6.0000	6.0000	6.0000	5	-1.0000	1.4445	0.7222	-0.0057	0.0000	0.7222	0.1756	-1.0000	0.1293	0.1340	-0.0047	0.2981
81.0000	16.0000	Respond Naturally	NatureValleyChocolate	6.0000	6.0000	4.0000	4	1.0000	1.6122	0.9235	0.3004	0.0000	0.9235	0.1053	1.0000	0.1203	0.1237	-0.0035	0.2406
81.0000	17.0000	Respond Naturally	Mars	6.0000	6.0000	1.0000	2	1.0000	1.2765	0.5543	0.0000	0.0000	0.5543	0.1383	1.0000	0.1083	0.1175	-0.0092	0.2903
81.0000	18.0000	Respond Naturally	Orange	5.0000	6.0000	6.0000	1	1.0000	1.1925	0.6382	0.0000	0.0000	0.6382	0.2008	1.0000	0.1513	0.1513	-0.0000	0.2873
81.0000	19.0000	Respond Naturally	SpeltCakes	1.0000	1.0000	6.0000	2	-1.0000	1.3267	0.6213	-0.0000	0.0000	0.6213	0.0932	-1.0000	0.1037	0.1041	-0.0005	0.2010
81.0000	20.0000	Respond Naturally	CheeseNips	6.0000	4.0000	3.0000	2	1.0000	1.6121	0.8058	-0.3529	0.0000	0.8058	0.1462	1.0000	0.0669	0.0764	-0.0095	0.1585
81.0000	21.0000	Respond Naturally	Cheetos	2.0000	1.0000	1.0000	3	-1.0000	1.4275	0.7891	-0.1492	0.0000	0.7891	0.1361	-1.0000	0.1243	0.1243	-0.0000	0.2208
81.0000	22.0000	Respond Naturally	Nutella	6.0000	6.0000	3.0000	1	1.0000	1.4277	0.6885	0.0000	0.0000	0.6885	0.1099	1.0000	0.1421	0.1429	-0.0008	0.2880
81.0000	23.0000	Respond Naturally	BrusselsSprouts	6.0000	6.0000	6.0000	4	1.0000	1.6119	0.7722	0.1240	0.0000	0.7722	0.2767	1.0000	0.0892	0.0892	-0.0000	0.2176
81.0000	24.0000	Respond Naturally	BabyFoodSweetPotatos	4.0000	3.0000	5.0000	5	-1.0000	1.4609	0.9402	0.1796	0.0000	0.9402	0.1260	-1.0000	0.1023	0.1026	-0.0004	0.1626
81.0000	25.0000	Respond Naturally	Skittles	4.0000	6.0000	1.0000	3	1.0000	1.4439	0.9401	-0.0155	0.0000	0.9401	0.1438	1.0000	0.2277	0.2277	-0.0000	0.3541
81.0000	26.0000	Respond Naturally	Snickers	6.0000	6.0000	1.0000	2	1.0000	1.3772	0.6717	0.1389	0.0000	0.6717	0.0938	1.0000	0.1301	0.1301	-0.0000	0.2377
81.0000	27.0000	Respond Naturally	RomaineLettuce	6.0000	1.0000	6.0000	4	-1.0000	1.3099	0.7725	0.2290	0.0000	0.7725	0.1204	-1.0000	0.1315	0.1317	-0.0002	0.2385
81.0000	28.0000	Respond Naturally	AlmondMilk	1.0000	5.0000	6.0000	2	-1.0000	2.1493	1.4102	0.0584	0.0000	1.4102	0.0972	-1.0000	0.1787	0.1787	-0.0000	0.2672
81.0000	29.0000	Respond Naturally	Cheerios	6.0000	6.0000	5.0000	2	1.0000	1.7297	0.8731	0.4183	0.0000	0.8731	0.0900	1.0000	0.1008	0.1008	-0.0000	0.1518
81.0000	30.0000	Respond Naturally	RomaineLettuce	6.0000	2.0000	6.0000	2	-1.0000	1.3438	0.5207	0.0588	0.0000	0.5207	0.1189	-1.0000	0.0960	0.1010	-0.0051	0.2498
81.0000	31.0000	Decrease Desire	PureFit	6.0000	6.0000	5.0000	2	1.0000	1.9480	1.1922	0.0000	0.0000	1.1922	0.1160	1.0000	0.1572	0.1572	-0.0000	0.2575
81.0000	32.0000	Decrease Desire	SevenGrain	1.0000	1.0000	5.0000	3	-1.0000	1.7464	1.0073	-0.0000	0.0000	1.0073	0.1207	-1.0000	0.1112	0.1141	-0.0030	0.1866
81.0000	33.0000	Decrease Desire	FrozenBlueberries	6.0000	6.0000	6.0000	3	1.0000	2.0318	1.1583	0.0797	0.0000	1.1583	0.0809	1.0000	0.1384	0.1473	-0.0089	0.2490
81.0000	34.0000	Decrease Desire	Skittles	4.0000	6.0000	1.0000	6	-1.0000	2.1659	0.9905	-0.2479	0.0000	0.9905	0.1697	-1.0000	0.1163	0.1293	-0.0131	0.2921
81.0000	35.0000	Decrease Desire	GreenBeans	6.0000	6.0000	6.0000	2	1.0000	2.6027	1.4774	0.0988	0.0000	1.4774	0.0924	1.0000	0.1231	0.1231	-0.0000	0.2069
81.0000	36.0000	Decrease Desire	SkimMilk	4.0000	5.0000	5.0000	4	1.0000	1.6794	0.8899	0.0000	0.0000	0.8899	0.1294	1.0000	0.1635	0.1635	-0.0000	0.2587
81.0000	37.0000	Decrease Desire	CoffeeCrisp	5.0000	6.0000	1.0000	1	-1.0000	2.2670	1.0243	-0.0397	1.0000	1.2595	0.2358	1.0000	0.2649	0.2736	-0.0087	0.9519
81.0000	38.0000	Decrease Desire	HoneyNutCheerios	6.0000	6.0000	5.0000	2	1.0000	1.9142	1.1584	0.1249	0.0000	1.1584	0.1351	1.0000	0.1774	0.1793	-0.0019	0.3194
81.0000	39.0000	Decrease Desire	BabyFoodSweetPotatos	1.0000	1.0000	5.0000	2	-1.0000	2.0150	1.2255	-0.0297	0.0000	1.2255	0.1434	-1.0000	0.1854	0.1854	-0.0000	0.2893
81.0000	40.0000	Decrease Desire	Cauliflower	6.0000	6.0000	6.0000	6	-1.0000	2.5191	1.1416	0.1070	1.0000	1.3432	0.0674	1.0000	0.1914	0.1947	-0.0033	0.3634
81.0000	41.0000	Decrease Desire	FrozenCorn	6.0000	6.0000	5.0000	2	1.0000	1.5782	0.6715	0.0501	0.0000	0.6715	0.1395	1.0000	0.0863	0.0863	-0.0000	0.1878
81.0000	42.0000	Decrease Desire	SpeltCakes	1.0000	1.0000	6.0000	5	-1.0000	1.7464	0.7388	-0.0000	0.0000	0.7388	0.0946	-1.0000	0.1548	0.1548	-0.0000	0.3172
81.0000	43.0000	Decrease Desire	PCChipCookie	6.0000	6.0000	1.0000	2	-1.0000	2.9220	0.8562	0.3706	3.0000	1.9481	0.2362	1.0000	0.3045	0.3045	-0.0000	1.1190
81.0000	44.0000	Decrease Desire	LaysClassic	6.0000	6.0000	1.0000	3	-1.0000	2.0991	0.7724	-0.0230	1.0000	1.2595	0.2421	1.0000	0.4761	0.4764	-0.0003	1.6663
81.0000	45.0000	Decrease Desire	Caramilk	6.0000	6.0000	1.0000	2	-1.0000	2.0323	0.5878	-0.0000	1.0000	1.1254	0.2473	1.0000	0.2955	0.2985	-0.0030	0.9389
81.0000	46.0000	Decrease Desire	Cheetos	2.0000	1.0000	1.0000	6	-1.0000	2.4855	1.1923	0.0081	2.0000	1.6963	0.2629	-1.0000	0.2113	0.2113	-0.0000	0.6953
81.0000	47.0000	Decrease Desire	ClifBar	6.0000	6.0000	5.0000	4	1.0000	1.9141	1.1079	-0.2310	0.0000	1.1079	0.1509	1.0000	0.1396	0.1459	-0.0063	0.2545
81.0000	48.0000	Decrease Desire	SkittlesSour	2.0000	1.0000	1.0000	6	-1.0000	1.3098	0.6548	-0.2688	0.0000	0.6548	0.0832	-1.0000	0.1812	0.1812	-0.0000	0.3074
81.0000	49.0000	Decrease Desire	IceCreamVanilla	6.0000	6.0000	2.0000	1	-1.0000	2.0654	0.8059	0.1171	1.0000	1.1755	0.1702	1.0000	0.2712	0.2720	-0.0008	0.6264
81.0000	50.0000	Decrease Desire	VanillaGreekYogurt	6.0000	6.0000	5.0000	4	1.0000	1.7131	0.7724	-0.0621	0.0000	0.7724	0.0559	1.0000	0.2303	0.2303	-0.0000	0.3976
81.0000	51.0000	Respond Naturally	TofuDessert	1.0000	6.0000	2.0000	4	1.0000	1.3437	0.5542	0.0172	0.0000	0.5542	0.1367	1.0000	0.1248	0.1249	-0.0001	0.2378
81.0000	52.0000	Respond Naturally	SkittlesSour	3.0000	1.0000	1.0000	3	-1.0000	1.5281	0.7555	-0.2673	0.0000	0.7555	0.1301	-1.0000	0.1538	0.1538	-0.0000	0.2955
81.0000	53.0000	Respond Naturally	MnMPlain	6.0000	6.0000	1.0000	5	-1.0000	1.7969	0.5876	-0.1410	1.0000	0.8395	0.1865	1.0000	0.1996	0.2091	-0.0095	0.6549
81.0000	54.0000	Respond Naturally	IceCreamChocolate	6.0000	6.0000	1.0000	4	1.0000	1.3268	0.5541	0.1367	0.0000	0.5541	0.1283	1.0000	0.1297	0.1338	-0.0041	0.2871
81.0000	55.0000	Respond Naturally	KashiBars	5.0000	5.0000	5.0000	4	-1.0000	2.4355	0.7557	-0.1675	1.0000	1.4780	0.1447	1.0000	0.5230	0.5230	-0.0000	1.4410
81.0000	56.0000	Respond Naturally	TofuDessert	1.0000	5.0000	2.0000	2	1.0000	1.5453	0.7221	-0.3431	0.0000	0.7221	0.0973	1.0000	0.2058	0.2058	-0.0000	0.3852
81.0000	57.0000	Respond Naturally	Triscuit	1.0000	1.0000	4.0000	5	-1.0000	1.4108	0.6718	-0.1025	0.0000	0.6718	0.1401	-1.0000	0.1978	0.1990	-0.0011	0.4499
81.0000	58.0000	Respond Naturally	RiceKrispiesCereal	2.0000	5.0000	3.0000	3	1.0000	2.2674	1.1083	-0.1449	1.0000	1.4611	0.2094	-1.0000	0.2877	0.2893	-0.0015	0.6122
81.0000	59.0000	Respond Naturally	MnMPeanuts	6.0000	6.0000	1.0000	4	1.0000	1.7803	0.9404	0.2148	0.0000	0.9404	0.0996	1.0000	0.1702	0.1749	-0.0046	0.3393
81.0000	60.0000	Respond Naturally	Asparagus	6.0000	6.0000	6.0000	6	-1.0000	1.6461	0.9238	-0.1603	0.0000	0.9238	0.0731	-1.0000	0.2114	0.2114	-0.0000	0.3574
81.0000	61.0000	Decrease Desire	RufflesSourCreamOnion	6.0000	6.0000	1.0000	5	-1.0000	1.8471	0.7554	0.2852	1.0000	0.9570	0.2276	1.0000	0.1125	0.1460	-0.0335	0.7147
81.0000	62.0000	Decrease Desire	Aero	6.0000	6.0000	1.0000	3	-1.0000	1.7800	0.7052	-0.0000	0.0000	0.7052	0.1817	-1.0000	0.1158	0.1159	-0.0001	0.2670
81.0000	63.0000	Decrease Desire	FrozenOkra	5.0000	4.0000	4.0000	5	1.0000	1.7966	1.0408	-0.0570	0.0000	1.0408	0.2228	1.0000	0.1543	0.1546	-0.0003	0.2608
81.0000	64.0000	Decrease Desire	RedPepper	6.0000	6.0000	6.0000	2	1.0000	1.3771	0.5710	-0.0677	0.0000	0.5710	0.1310	1.0000	0.1646	0.1646	-0.0000	0.3761
81.0000	65.0000	Decrease Desire	Prunes	1.0000	1.0000	6.0000	5	-1.0000	2.2163	1.4101	-0.1475	0.0000	1.4101	0.1727	-1.0000	0.2493	0.2493	-0.0000	0.3848
81.0000	66.0000	Decrease Desire	LaysClassic	6.0000	6.0000	1.0000	4	-1.0000	1.6963	0.6380	-0.1576	1.0000	1.0580	0.2362	1.0000	0.2438	0.2438	-0.0000	0.6540
81.0000	67.0000	Decrease Desire	FrozenOkra	4.0000	5.0000	6.0000	2	1.0000	1.6293	0.9572	-0.5211	0.0000	0.9572	0.1470	1.0000	0.2327	0.2327	-0.0001	0.3606
81.0000	68.0000	Decrease Desire	MnMPlain	6.0000	6.0000	1.0000	3	-1.0000	1.9314	0.1008	0.0161	2.0000	1.2596	0.2173	-1.0000	0.4717	0.4717	-0.0000	1.2350
81.0000	69.0000	Decrease Desire	VegetableThins	6.0000	6.0000	3.0000	5	1.0000	2.2674	0.7556	0.1338	1.0000	1.4276	0.2689	-1.0000	0.4491	0.4491	-0.0000	1.4308
81.0000	70.0000	Decrease Desire	Starburst	4.0000	4.0000	2.0000	3	-1.0000	1.4443	0.6716	-0.0338	0.0000	0.6716	0.0720	-1.0000	0.1975	0.1976	-0.0001	0.3434
81.0000	71.0000	Respond Naturally	WelchsFruitSnacks	5.0000	5.0000	3.0000	3	1.0000	1.5955	0.7221	-0.3164	0.0000	0.7221	0.1748	1.0000	0.0988	0.0991	-0.0002	0.1996
81.0000	72.0000	Respond Naturally	CornFlakes	2.0000	5.0000	4.0000	3	-1.0000	1.4611	0.7220	0.0974	0.0000	0.7220	0.0755	-1.0000	0.1499	0.1499	-0.0000	0.2273
81.0000	73.0000	Respond Naturally	Butternut	6.0000	5.0000	6.0000	7	-1.0000	2.1500	0.5038	-0.0776	1.0000	1.2765	0.2346	1.0000	0.4022	0.4073	-0.0051	1.3078
81.0000	74.0000	Respond Naturally	SunChips	6.0000	6.0000	5.0000	2	1.0000	1.3263	0.7554	-0.0607	0.0000	0.7554	0.1139	1.0000	0.1891	0.1891	-0.0000	0.3061
81.0000	75.0000	Respond Naturally	Tempeh	4.0000	1.0000	4.0000	4	-1.0000	1.9143	0.1680	-0.2665	0.0000	0.1680	0.1125	-1.0000	0.2539	0.2539	-0.0000	0.4583
81.0000	76.0000	Respond Naturally	Spinach	6.0000	2.0000	6.0000	2	-1.0000	1.9820	0.5372	-0.0000	1.0000	1.1253	0.1205	1.0000	0.2599	0.2602	-0.0003	0.5987
81.0000	77.0000	Respond Naturally	ClamJuice	1.0000	1.0000	4.0000	1	-1.0000	1.4948	0.7053	-0.1149	0.0000	0.7053	0.0970	-1.0000	0.1541	0.1585	-0.0044	0.3221
81.0000	78.0000	Respond Naturally	GreenPepper	1.0000	2.0000	6.0000	6	-1.0000	1.4279	0.4536	-0.1755	1.0000	0.8903	0.1809	1.0000	0.2754	0.2754	-0.0000	0.5620
81.0000	79.0000	Respond Naturally	DriedHerring	1.0000	1.0000	2.0000	3	-1.0000	1.5787	0.6214	-0.0000	0.0000	0.6214	0.1054	-1.0000	0.1000	0.1176	-0.0177	0.2810
81.0000	80.0000	Respond Naturally	GreenGrapes	6.0000	6.0000	6.0000	4	1.0000	2.4347	1.2255	0.1239	0.0000	1.2255	0.1119	1.0000	0.1366	0.1488	-0.0123	0.3094
81.0000	81.0000	Respond Naturally	FrozenPeaches	6.0000	6.0000	6.0000	5	1.0000	1.3434	0.5540	0.1913	0.0000	0.5540	0.2127	1.0000	0.0337	0.0656	-0.0319	-0.1828
81.0000	82.0000	Respond Naturally	Broccoli	6.0000	6.0000	6.0000	1	1.0000	1.1084	0.5710	0.0386	0.0000	0.5710	0.1708	1.0000	0.1391	0.1391	-0.0000	0.2531
81.0000	83.0000	Respond Naturally	Smarties	5.0000	6.0000	1.0000	5	-1.0000	1.7631	1.2256	-0.2164	0.0000	1.2256	0.1549	-1.0000	0.2141	0.2141	-0.0000	0.3213
81.0000	84.0000	Respond Naturally	GreenGrapes	6.0000	6.0000	6.0000	1	1.0000	1.1754	0.7051	0.0000	0.0000	0.7051	0.1848	1.0000	0.2141	0.2152	-0.0011	0.3495
81.0000	85.0000	Respond Naturally	Pringles	6.0000	6.0000	1.0000	2	1.0000	1.3430	0.7217	-0.0692	0.0000	0.7217	0.2110	1.0000	0.2002	0.2002	-0.0000	0.3635
81.0000	86.0000	Respond Naturally	MnMPeanuts	6.0000	6.0000	1.0000	2	1.0000	1.4276	0.5542	-0.1233	0.0000	0.5542	0.1790	1.0000	0.1310	0.1465	-0.0155	0.3662
81.0000	87.0000	Respond Naturally	IceCreamVanilla	6.0000	6.0000	1.0000	4	1.0000	1.2930	0.6211	0.0000	0.0000	0.6211	0.1566	1.0000	0.0971	0.0971	-0.0000	0.1818
81.0000	88.0000	Respond Naturally	Shreddies	1.0000	1.0000	5.0000	5	-1.0000	2.3003	0.8395	0.0020	2.0000	1.6119	0.1922	-1.0000	0.1675	0.1675	-0.0000	0.2866
81.0000	89.0000	Respond Naturally	Twizzlers	5.0000	2.0000	1.0000	4	1.0000	1.5785	0.7891	0.0971	1.0000	0.9739	0.1812	-1.0000	0.1687	0.1687	-0.0000	0.4474
81.0000	90.0000	Respond Naturally	OatmealSquares	1.0000	1.0000	5.0000	3	-1.0000	1.4943	0.7218	-0.0475	0.0000	0.7218	0.1789	-1.0000	0.1060	0.1060	-0.0000	0.2140
81.0000	91.0000	Decrease Desire	VegetableThins	6.0000	5.0000	3.0000	2	1.0000	2.5685	1.5610	0.0737	0.0000	1.5610	0.1639	1.0000	0.1812	0.1812	-0.0000	0.2935
81.0000	92.0000	Decrease Desire	Reese	6.0000	6.0000	1.0000	1	-1.0000	2.7877	1.0408	0.1647	2.0000	1.6456	0.3969	-1.0000	0.3082	0.3130	-0.0048	1.4146
81.0000	93.0000	Decrease Desire	RiceKrispiesCereal	4.0000	6.0000	2.0000	7	-1.0000	1.9140	1.2085	-0.0748	0.0000	1.2085	0.1386	-1.0000	0.2117	0.2117	-0.0000	0.4138
81.0000	94.0000	Decrease Desire	GreenApple	6.0000	6.0000	6.0000	4	-1.0000	2.4012	1.1920	0.1606	1.0000	1.8638	0.3265	1.0000	0.5055	0.5055	-0.0000	1.3496
81.0000	95.0000	Decrease Desire	Mars	6.0000	6.0000	1.0000	4	-1.0000	1.6626	0.8396	0.0041	0.0000	0.8396	0.0908	-1.0000	0.1592	0.1592	-0.0001	0.2946
81.0000	96.0000	Decrease Desire	FrozenPeas	6.0000	6.0000	6.0000	2	1.0000	2.6530	1.8467	0.1827	0.0000	1.8467	0.1604	1.0000	0.2301	0.2301	-0.0000	0.3199
81.0000	97.0000	Decrease Desire	Twizzlers	5.0000	1.0000	1.0000	2	-1.0000	2.0823	0.1008	-0.1447	1.0000	1.0746	0.2342	1.0000	0.2240	0.2286	-0.0046	0.4416
81.0000	98.0000	Decrease Desire	FrozenBlueberries	6.0000	6.0000	6.0000	1	1.0000	2.5519	1.7625	-0.0145	0.0000	1.7625	0.0616	1.0000	0.2028	0.2028	-0.0000	0.2715
81.0000	99.0000	Decrease Desire	Tuna	2.0000	2.0000	4.0000	2	-1.0000	2.0484	1.3261	0.0267	0.0000	1.3261	0.1974	-1.0000	0.1671	0.1715	-0.0044	0.2723
81.0000	100.0000	Decrease Desire	WaterChestnuts	4.0000	4.0000	5.0000	3	1.0000	2.6522	1.7791	-0.0268	0.0000	1.7791	0.1332	1.0000	0.1841	0.1841	-0.0000	0.2694
81.0000	101.0000	Respond Naturally	RitzCrackers	6.0000	6.0000	3.0000	5	1.0000	1.2429	0.5374	0.1391	0.0000	0.5374	0.0850	1.0000	0.1623	0.1623	-0.0000	0.2914
81.0000	102.0000	Respond Naturally	BabyFoodCarrots	1.0000	1.0000	5.0000	3	-1.0000	1.8643	0.3024	-0.3283	2.0000	1.1086	0.2457	-1.0000	0.1704	0.1887	-0.0184	0.4862
81.0000	103.0000	Respond Naturally	ProMax	6.0000	6.0000	5.0000	2	1.0000	1.3095	0.7218	-0.3308	0.0000	0.7218	0.1593	1.0000	0.1303	0.1305	-0.0002	0.2094
81.0000	104.0000	Respond Naturally	YorkPeppermintPatties	6.0000	6.0000	1.0000	2	1.0000	1.2593	0.6546	0.1840	0.0000	0.6546	0.1362	1.0000	0.1087	0.1087	-0.0000	0.1945
81.0000	105.0000	Respond Naturally	Caramilk	6.0000	6.0000	1.0000	5	-1.0000	1.7461	0.8394	-0.1847	0.0000	0.8394	0.2610	-1.0000	0.1581	0.1581	-0.0000	0.2978
81.0000	106.0000	Respond Naturally	DriedHerring	1.0000	1.0000	3.0000	1	-1.0000	2.6524	0.7388	-0.0000	0.0000	0.7388	0.1244	-1.0000	0.0620	0.0620	-0.0000	0.2097
81.0000	107.0000	Respond Naturally	Mentos	2.0000	2.0000	2.0000	2	-1.0000	1.2092	0.6046	0.1282	0.0000	0.6046	0.1424	-1.0000	0.1035	0.1035	-0.0000	0.1937
81.0000	108.0000	Respond Naturally	Triscuit	1.0000	1.0000	2.0000	2	-1.0000	1.4610	0.5878	-0.1115	0.0000	0.5878	0.0901	-1.0000	0.1220	0.1220	-0.0000	0.2789
81.0000	109.0000	Respond Naturally	OikosYogurt	6.0000	6.0000	5.0000	6	1.0000	2.2166	0.8224	-0.1636	1.0000	1.4608	0.2043	-1.0000	0.4750	0.4750	-0.0000	1.4400
81.0000	110.0000	Respond Naturally	Smartfood	6.0000	6.0000	5.0000	4	1.0000	1.5951	0.8058	0.2646	0.0000	0.8058	0.2091	1.0000	0.0644	0.0644	-0.0000	0.1246
81.0000	111.0000	Decrease Desire	FrozenPeas	6.0000	6.0000	6.0000	6	-1.0000	1.5278	0.8225	-0.1481	0.0000	0.8225	0.1617	-1.0000	0.1769	0.1769	-0.0000	0.2799
81.0000	112.0000	Decrease Desire	MangoChunks	6.0000	6.0000	6.0000	5	-1.0000	2.8211	0.8057	0.0514	1.0000	1.7125	0.2193	1.0000	0.4893	0.4893	-0.0000	1.1475
81.0000	113.0000	Decrease Desire	SlimStyles	6.0000	2.0000	5.0000	6	-1.0000	2.2163	0.8396	-0.1609	0.0000	0.8396	0.1916	-1.0000	0.1172	0.1261	-0.0089	0.3329
81.0000	114.0000	Decrease Desire	Broccoli	6.0000	2.0000	6.0000	4	-1.0000	1.9817	0.6549	0.0782	1.0000	1.1754	0.2019	1.0000	0.1554	0.1781	-0.0227	0.3680
81.0000	115.0000	Decrease Desire	Onion	2.0000	1.0000	6.0000	2	-1.0000	1.4609	0.7723	-0.1540	0.0000	0.7723	0.1593	-1.0000	0.1455	0.1500	-0.0045	0.2633
81.0000	116.0000	Decrease Desire	RufflesSourCreamOnion	6.0000	6.0000	1.0000	3	-1.0000	1.4946	0.7052	0.1074	0.0000	0.7052	0.1729	-1.0000	0.1275	0.1291	-0.0016	0.2597
81.0000	117.0000	Decrease Desire	SlicedTurkey	1.0000	2.0000	2.0000	5	-1.0000	1.5617	0.9738	0.0237	0.0000	0.9738	0.1775	-1.0000	0.1495	0.1499	-0.0004	0.2375
81.0000	118.0000	Decrease Desire	CheeseNips	5.0000	6.0000	3.0000	5	-1.0000	1.4610	0.6549	0.0424	0.0000	0.6549	0.1071	-1.0000	0.1243	0.1243	-0.0000	0.2450
81.0000	119.0000	Decrease Desire	RedPepper	6.0000	6.0000	6.0000	5	1.0000	1.3939	0.1008	-0.1692	1.0000	0.7052	0.1133	-1.0000	0.2084	0.2092	-0.0009	0.4166
81.0000	120.0000	Decrease Desire	Avocado	6.0000	6.0000	6.0000	2	1.0000	1.5451	0.6213	0.3650	0.0000	0.6213	0.1179	1.0000	0.0974	0.1078	-0.0103	0.2809
81.0000	121.0000	Respond Naturally	SlicedTurkey	1.0000	2.0000	2.0000	2	-1.0000	1.4778	0.6716	-0.1449	0.0000	0.6716	0.2257	-1.0000	0.1278	0.1278	-0.0000	0.2527
81.0000	122.0000	Respond Naturally	OatBran	1.0000	1.0000	6.0000	2	-1.0000	1.3100	0.6549	-0.3058	0.0000	0.6549	0.1962	-1.0000	0.1560	0.1678	-0.0118	0.3418
81.0000	123.0000	Respond Naturally	RaisinBran	1.0000	2.0000	4.0000	3	-1.0000	1.1752	0.5706	-0.2880	0.0000	0.5706	0.1714	-1.0000	0.1152	0.1152	-0.0000	0.2352
81.0000	124.0000	Respond Naturally	HoneyNutCheerios	6.0000	5.0000	5.0000	5	-1.0000	2.0993	0.8060	0.1406	1.0000	1.2092	0.3382	1.0000	0.2864	0.3054	-0.0189	1.2270
81.0000	125.0000	Respond Naturally	CornFlakes	2.0000	4.0000	5.0000	6	-1.0000	1.2257	0.6714	-0.0000	0.0000	0.6714	0.1456	-1.0000	0.0793	0.0818	-0.0025	0.1588
81.0000	126.0000	Respond Naturally	Starburst	5.0000	4.0000	1.0000	6	-1.0000	1.3267	0.6717	-0.0193	0.0000	0.6717	0.1364	-1.0000	0.0844	0.0900	-0.0055	0.1780
81.0000	127.0000	Respond Naturally	AllBranCereal	1.0000	1.0000	5.0000	6	-1.0000	2.1327	0.5542	-0.0000	0.0000	0.5542	0.1480	-1.0000	0.0305	0.0576	-0.0271	0.2213
81.0000	128.0000	Respond Naturally	Mackerel	1.0000	1.0000	3.0000	3	-1.0000	1.4780	0.6214	-0.1672	0.0000	0.6214	0.0951	-1.0000	0.1284	0.1285	-0.0000	0.2269
81.0000	129.0000	Respond Naturally	Onion	2.0000	1.0000	6.0000	4	-1.0000	1.3768	0.8561	0.0555	0.0000	0.8561	0.1733	-1.0000	0.0534	0.0539	-0.0006	0.1244
81.0000	130.0000	Respond Naturally	SkimMilk	5.0000	6.0000	4.0000	1	1.0000	2.2160	1.3594	-0.1778	0.0000	1.3594	0.1101	1.0000	0.0809	0.0862	-0.0053	0.1587
81.0000	131.0000	Decrease Desire	Strawberries	6.0000	6.0000	6.0000	3	-1.0000	2.4854	1.0072	-0.1443	1.0000	1.7295	0.2299	1.0000	0.5127	0.5127	-0.0000	1.5951
81.0000	132.0000	Decrease Desire	EnglishCucumber	6.0000	6.0000	6.0000	5	1.0000	2.3167	1.5273	-0.0042	0.0000	1.5273	0.1806	1.0000	0.1474	0.1569	-0.0095	0.2350
81.0000	133.0000	Decrease Desire	Doritos	6.0000	6.0000	1.0000	2	-1.0000	1.4439	0.8729	-0.2237	0.0000	0.8729	0.1440	-1.0000	0.1696	0.1697	-0.0001	0.2810
81.0000	134.0000	Decrease Desire	VanillaGreekYogurt	6.0000	6.0000	5.0000	2	1.0000	1.5116	0.6213	-0.1690	0.0000	0.6213	0.0850	1.0000	0.1765	0.1765	-0.0000	0.3698
81.0000	135.0000	Decrease Desire	OatmealSquares	1.0000	1.0000	5.0000	7	-1.0000	3.4087	0.6718	-0.1567	2.0000	2.6530	0.2969	-1.0000	0.3423	0.3423	-0.0000	1.2734
81.0000	136.0000	Decrease Desire	BBQCrisps	2.0000	3.0000	2.0000	2	-1.0000	1.5278	0.8223	0.1837	0.0000	0.8223	0.0678	-1.0000	0.1414	0.1414	-0.0000	0.2263
81.0000	137.0000	Decrease Desire	KashiBars	5.0000	5.0000	5.0000	1	-1.0000	3.4928	1.4437	0.2544	2.0000	2.3844	0.3142	-1.0000	0.4460	0.4460	-0.0000	1.5527
81.0000	138.0000	Decrease Desire	Aero	6.0000	6.0000	1.0000	1	-1.0000	1.8301	1.1919	0.2098	0.0000	1.1919	0.1728	-1.0000	0.1822	0.1822	-0.0000	0.2954
81.0000	139.0000	Decrease Desire	YorkPeppermintPatties	6.0000	6.0000	1.0000	4	-1.0000	1.3938	0.8058	0.0076	0.0000	0.8058	0.1193	-1.0000	0.1251	0.1252	-0.0000	0.2004
81.0000	140.0000	Decrease Desire	CannedArtichoke	5.0000	1.0000	5.0000	2	-1.0000	2.1490	1.0074	-0.0000	0.0000	1.0074	0.2497	-1.0000	0.1093	0.1096	-0.0003	0.2576
81.0000	141.0000	Decrease Desire	RitzCrackers	6.0000	6.0000	3.0000	2	-1.0000	2.7537	0.6043	0.0508	1.0000	1.8804	0.1627	1.0000	0.6137	0.6137	-0.0000	1.2292
81.0000	142.0000	Decrease Desire	Asparagus	6.0000	6.0000	6.0000	3	1.0000	2.0491	0.8060	-0.0304	0.0000	0.8060	0.1304	1.0000	0.0497	0.0643	-0.0147	0.1530
81.0000	143.0000	Decrease Desire	Fritos	4.0000	6.0000	3.0000	5	-1.0000	1.4779	0.7891	0.1329	0.0000	0.7891	0.0907	-1.0000	0.0636	0.0644	-0.0009	0.1070
81.0000	144.0000	Decrease Desire	Doritos	6.0000	6.0000	1.0000	5	-1.0000	1.4607	0.9233	0.0571	0.0000	0.9233	0.1639	-1.0000	0.1182	0.1183	-0.0001	0.1839
81.0000	145.0000	Decrease Desire	Fritos	5.0000	4.0000	2.0000	2	-1.0000	1.2428	0.6380	-0.0000	0.0000	0.6380	0.1209	-1.0000	0.1258	0.1280	-0.0022	0.2287
81.0000	146.0000	Decrease Desire	OikosYogurt	6.0000	6.0000	5.0000	3	1.0000	1.9145	0.6046	0.1657	0.0000	0.6046	0.2508	1.0000	0.0863	0.0863	-0.0000	0.1735
81.0000	147.0000	Decrease Desire	Prunes	1.0000	1.0000	6.0000	2	-1.0000	1.7629	0.7216	-0.1059	1.0000	0.9399	0.1977	1.0000	0.1604	0.1645	-0.0041	0.3841
81.0000	148.0000	Decrease Desire	Mentos	2.0000	1.0000	1.0000	5	-1.0000	1.7966	1.1583	-0.4281	0.0000	1.1583	0.1372	-1.0000	0.2247	0.2247	-0.0000	0.3374
81.0000	149.0000	Decrease Desire	AllBranBar	3.0000	3.0000	5.0000	3	1.0000	1.4105	0.8730	0.1684	0.0000	0.8730	0.2037	1.0000	0.1614	0.1618	-0.0004	0.2669
81.0000	150.0000	Decrease Desire	GreenPepper	1.0000	2.0000	6.0000	2	1.0000	2.7529	2.0477	0.0000	0.0000	2.0477	0.2958	1.0000	0.1929	0.2007	-0.0078	0.2743
81.0000	151.0000	Respond Naturally	BBQCrisps	1.0000	4.0000	2.0000	6	-1.0000	1.5949	1.0070	0.0220	0.0000	1.0070	0.1772	-1.0000	0.1224	0.1229	-0.0005	0.1825
81.0000	152.0000	Respond Naturally	AppleChips	6.0000	6.0000	5.0000	2	1.0000	1.1924	0.5540	0.0611	0.0000	0.5540	0.1237	1.0000	0.1122	0.1122	-0.0000	0.1911
81.0000	153.0000	Respond Naturally	EnglishCucumber	6.0000	6.0000	6.0000	2	1.0000	1.0915	0.5372	0.0098	0.0000	0.5372	0.1854	1.0000	0.0610	0.0625	-0.0015	0.1229
81.0000	154.0000	Respond Naturally	AlmondMilk	1.0000	5.0000	5.0000	4	-1.0000	1.9481	0.9738	-0.1737	0.0000	0.9738	0.0859	-1.0000	0.1180	0.1257	-0.0077	0.2213
81.0000	155.0000	Respond Naturally	AppleChips	5.0000	6.0000	5.0000	5	1.0000	1.4943	0.6043	0.1421	0.0000	0.6043	0.1992	1.0000	0.0629	0.0649	-0.0019	0.1452
81.0000	156.0000	Respond Naturally	GreenBeans	6.0000	6.0000	6.0000	4	-1.0000	1.8302	0.9906	-0.0268	0.0000	0.9906	0.1065	-1.0000	0.1877	0.1891	-0.0014	0.3327
81.0000	157.0000	Respond Naturally	Almonds	6.0000	6.0000	4.0000	2	1.0000	2.0313	0.7552	-0.0936	1.0000	1.3932	0.3515	-1.0000	0.7488	0.7488	-0.0000	1.8494
81.0000	158.0000	Respond Naturally	Pringles	6.0000	6.0000	1.0000	5	-1.0000	2.3502	1.2925	-0.4493	0.0000	1.2925	0.1634	-1.0000	0.1891	0.1891	-0.0000	0.3383
81.0000	159.0000	Respond Naturally	FrootLoops	4.0000	6.0000	3.0000	2	1.0000	1.2762	0.7554	-0.1213	0.0000	0.7554	0.1575	1.0000	0.2343	0.2343	-0.0000	0.3692
81.0000	160.0000	Respond Naturally	Raspberries	6.0000	6.0000	6.0000	4	1.0000	1.8300	0.9735	0.1295	0.0000	0.9735	0.2194	1.0000	0.0937	0.1159	-0.0222	0.2074
81.0000	161.0000	Decrease Desire	Spinach	6.0000	2.0000	6.0000	4	-1.0000	1.8302	0.9736	-0.0097	0.0000	0.9736	0.1773	-1.0000	0.2242	0.2242	-0.0000	0.3323
81.0000	162.0000	Decrease Desire	FrozenBroccoli	6.0000	6.0000	6.0000	6	-1.0000	1.3772	0.6716	-0.4244	0.0000	0.6716	0.1747	-1.0000	0.1832	0.1832	-0.0000	0.3150
81.0000	163.0000	Decrease Desire	FrootLoops	3.0000	5.0000	3.0000	6	-1.0000	1.6286	0.9567	0.1362	0.0000	0.9567	0.1154	-1.0000	0.1553	0.1553	-0.0000	0.2217
81.0000	164.0000	Decrease Desire	BrusselsSprouts	6.0000	6.0000	6.0000	2	1.0000	2.0318	1.0242	-0.2518	0.0000	1.0242	0.1244	1.0000	0.1062	0.1062	-0.0000	0.1967
81.0000	165.0000	Decrease Desire	ProMax	6.0000	6.0000	5.0000	4	1.0000	1.2931	0.6716	0.2556	0.0000	0.6716	0.1144	1.0000	0.1902	0.1902	-0.0000	0.3053
81.0000	166.0000	Decrease Desire	Bananas	6.0000	6.0000	6.0000	3	1.0000	1.3603	0.7556	0.3619	0.0000	0.7556	0.0925	1.0000	0.1322	0.1322	-0.0000	0.2087
81.0000	167.0000	Decrease Desire	Beets	6.0000	6.0000	6.0000	2	1.0000	1.3776	0.9073	0.2788	0.0000	0.9073	0.1474	1.0000	0.1524	0.1526	-0.0002	0.3280
81.0000	168.0000	Decrease Desire	Strawberries	6.0000	6.0000	6.0000	2	1.0000	2.5523	0.7387	0.2887	1.0000	1.6288	0.4014	-1.0000	0.5177	0.5177	-0.0000	1.4666
81.0000	169.0000	Decrease Desire	Cheerios	6.0000	5.0000	6.0000	5	-1.0000	2.4689	0.7891	-0.1450	1.0000	1.4610	0.2218	1.0000	0.6044	0.6044	-0.0000	1.6964
81.0000	170.0000	Decrease Desire	Cauliflower	6.0000	6.0000	6.0000	2	1.0000	1.2768	0.5544	0.1123	0.0000	0.5544	0.0963	1.0000	0.1709	0.1709	-0.0000	0.3168
81.0000	171.0000	Respond Naturally	Butternut	6.0000	6.0000	6.0000	3	1.0000	1.4276	0.5376	0.0000	0.0000	0.5376	0.1124	1.0000	0.1061	0.1061	-0.0000	0.2673
81.0000	172.0000	Respond Naturally	PureFit	6.0000	6.0000	5.0000	4	-1.0000	2.2501	0.9737	-0.1602	1.0000	1.2928	0.2509	1.0000	0.4588	0.4632	-0.0044	1.5736
81.0000	173.0000	Respond Naturally	MangoChunks	6.0000	6.0000	6.0000	2	1.0000	1.1923	0.5875	0.1232	0.0000	0.5875	0.1213	1.0000	0.1250	0.1250	-0.0000	0.2024
81.0000	174.0000	Respond Naturally	WelchsFruitSnacks	5.0000	6.0000	4.0000	1	1.0000	1.0918	0.5542	-0.0039	0.0000	0.5542	0.1164	1.0000	0.2006	0.2006	-0.0000	0.3629
81.0000	175.0000	Respond Naturally	NatureValleyChocolate	6.0000	6.0000	4.0000	1	1.0000	1.4107	0.8060	0.1395	0.0000	0.8060	0.1495	1.0000	0.2118	0.2118	-0.0000	0.3432
81.0000	176.0000	Respond Naturally	WaterChestnuts	4.0000	5.0000	5.0000	5	-1.0000	1.5619	0.9068	-0.0000	0.0000	0.9068	0.1101	-1.0000	0.2473	0.2473	-0.0000	0.3800
81.0000	177.0000	Respond Naturally	DriedApricots	1.0000	1.0000	6.0000	2	-1.0000	1.2432	0.1344	-0.1713	1.0000	0.4872	0.0804	1.0000	0.2716	0.2716	-0.0000	0.4882
81.0000	178.0000	Respond Naturally	PCChipCookie	6.0000	6.0000	1.0000	5	1.0000	1.4104	0.5709	-0.1261	0.0000	0.5709	0.1911	1.0000	0.1229	0.1329	-0.0100	0.2934
81.0000	179.0000	Respond Naturally	PopTartStrawberry	6.0000	5.0000	1.0000	5	-1.0000	1.6291	0.7220	-0.0000	0.0000	0.7220	0.0911	-1.0000	0.1902	0.1902	-0.0000	0.3352
81.0000	180.0000	Respond Naturally	AllBranBar	2.0000	1.0000	5.0000	1	1.0000	1.3940	0.8061	0.0000	0.0000	0.8061	0.1493	1.0000	0.2187	0.2187	-0.0000	0.3545
81.0000	181.0000	Respond Naturally	Nutella	6.0000	6.0000	3.0000	4	-1.0000	1.6291	0.5036	0.0847	1.0000	0.7892	0.1950	1.0000	0.1905	0.2277	-0.0373	0.8914
81.0000	182.0000	Respond Naturally	Tempeh	5.0000	1.0000	5.0000	2	-1.0000	1.3604	0.7053	-0.0000	0.0000	0.7053	0.0897	-1.0000	0.1362	0.1362	-0.0000	0.2306
81.0000	183.0000	Respond Naturally	BabyFoodCarrots	1.0000	2.0000	5.0000	5	-1.0000	1.4274	0.8730	0.3176	0.0000	0.8730	0.1023	-1.0000	0.1374	0.1374	-0.0000	0.2078
81.0000	184.0000	Respond Naturally	SunChips	6.0000	6.0000	5.0000	4	1.0000	2.0652	1.1918	0.0000	0.0000	1.1918	0.1972	1.0000	0.1863	0.1867	-0.0004	0.3156
81.0000	185.0000	Respond Naturally	SlimStyles	6.0000	3.0000	5.0000	2	1.0000	1.9812	1.1247	0.1261	0.0000	1.1247	0.1924	1.0000	0.0559	0.0785	-0.0227	0.1370
81.0000	186.0000	Respond Naturally	AllBranCereal	1.0000	1.0000	5.0000	2	-1.0000	1.9311	0.6382	0.0297	0.0000	0.6382	0.1120	-1.0000	0.0662	0.0976	-0.0314	0.2540
81.0000	187.0000	Respond Naturally	Smarties	5.0000	6.0000	1.0000	2	1.0000	1.5282	0.8899	0.0000	0.0000	0.8899	0.1078	1.0000	0.2071	0.2071	-0.0000	0.3111
81.0000	188.0000	Respond Naturally	Orange	6.0000	6.0000	6.0000	5	-1.0000	1.7970	0.8228	-0.0876	1.0000	1.1084	0.2708	1.0000	0.2925	0.3155	-0.0229	0.9007
81.0000	189.0000	Respond Naturally	SevenGrain	1.0000	1.0000	5.0000	1	-1.0000	1.6123	0.7892	-0.1071	0.0000	0.7892	0.2055	-1.0000	0.1477	0.1483	-0.0005	0.2822
81.0000	190.0000	Respond Naturally	Snickers	6.0000	6.0000	1.0000	3	-1.0000	1.4444	0.5541	0.0426	1.0000	0.7557	0.2019	1.0000	0.1429	0.1468	-0.0038	0.3585
81.0000	191.0000	Decrease Desire	DriedApricots	1.0000	1.0000	6.0000	5	-1.0000	1.3268	0.6213	0.2502	0.0000	0.6213	0.1173	-1.0000	0.1114	0.1114	-0.0000	0.1855
81.0000	192.0000	Decrease Desire	IceCreamChocolate	6.0000	6.0000	1.0000	1	-1.0000	1.1754	0.6042	-0.0000	0.0000	0.6042	0.1066	-1.0000	0.1288	0.1288	-0.0000	0.2243
81.0000	193.0000	Decrease Desire	ClamJuice	1.0000	1.0000	4.0000	3	-1.0000	1.4275	0.6884	0.1233	0.0000	0.6884	0.1543	-1.0000	0.0528	0.0809	-0.0281	0.1637
81.0000	194.0000	Decrease Desire	ClifBar	6.0000	6.0000	6.0000	2	1.0000	1.3105	0.2520	-0.6021	1.0000	0.6721	0.2616	-1.0000	0.3369	0.3369	-0.0000	1.0991
81.0000	195.0000	Decrease Desire	Shreddies	1.0000	1.0000	6.0000	2	-1.0000	1.0750	0.5206	-0.1431	0.0000	0.5206	0.1423	-1.0000	0.1869	0.1890	-0.0020	0.3745
81.0000	196.0000	Decrease Desire	Celery	1.0000	1.0000	6.0000	2	1.0000	2.2504	0.5373	-0.1365	1.0000	1.3771	0.1887	-1.0000	0.5799	0.5799	-0.0000	1.4583
81.0000	197.0000	Decrease Desire	Almonds	6.0000	6.0000	4.0000	4	1.0000	2.0822	1.2256	0.2397	0.0000	1.2256	0.0888	1.0000	0.1990	0.1990	-0.0000	0.3270
81.0000	198.0000	Decrease Desire	Mackerel	1.0000	1.0000	3.0000	1	-1.0000	1.3099	0.5877	-0.0000	0.0000	0.5877	0.0927	-1.0000	0.1388	0.1391	-0.0002	0.2479
81.0000	199.0000	Decrease Desire	FrozenCorn	6.0000	6.0000	1.0000	4	-1.0000	1.9142	1.0576	0.1579	0.0000	1.0576	0.1588	-1.0000	0.0757	0.1000	-0.0243	0.1951
81.0000	200.0000	Decrease Desire	CoffeeCrisp	5.0000	6.0000	1.0000	3	-1.0000	1.7633	0.8899	0.3897	0.0000	0.8899	0.0767	-1.0000	0.1184	0.1184	-0.0000	0.1975
